Bulgaria, Exposure to risk (period 1x10)     Last modified: 18-Apr-2012, MPv5 (May07)

   Year      Age       Female          Male         Total
1947-1949      0       231871.88    244296.69    476168.57 
1947-1949      1       212006.35    221293.34    433299.69 
1947-1949      2       198820.05    207092.00    405912.06 
1947-1949      3       188655.49    196001.63    384657.12 
1947-1949      4       183049.64    189988.91    373038.55 
1947-1949      5       181729.26    188798.71    370527.98 
1947-1949      6       180895.87    187982.25    368878.12 
1947-1949      7       177216.48    184088.07    361304.55 
1947-1949      8       174056.76    180342.78    354399.54 
1947-1949      9       173791.44    179978.79    353770.23 
1947-1949     10       177997.05    184619.24    362616.29 
1947-1949     11       184182.53    191415.97    375598.50 
1947-1949     12       192564.49    199839.52    392404.02 
1947-1949     13       200644.88    207783.87    408428.75 
1947-1949     14       207055.56    214110.55    421166.11 
1947-1949     15       207850.11    215060.62    422910.74 
1947-1949     16       206002.25    213810.38    419812.63 
1947-1949     17       204229.87    212099.04    416328.91 
1947-1949     18       204219.34    210676.31    414895.65 
1947-1949     19       205125.65    210071.08    415196.73 
1947-1949     20       208361.14    212230.93    420592.07 
1947-1949     21       213044.69    219499.60    432544.30 
1947-1949     22       216058.23    224415.03    440473.26 
1947-1949     23       215354.33    221248.42    436602.74 
1947-1949     24       211965.02    212305.61    424270.63 
1947-1949     25       208657.08    205159.65    413816.73 
1947-1949     26       204284.12    201068.20    405352.32 
1947-1949     27       193824.77    192985.50    386810.27 
1947-1949     28       169200.88    169566.52    338767.40 
1947-1949     29       133941.90    134111.27    268053.17 
1947-1949     30       106390.27    105134.15    211524.42 
1947-1949     31       108433.01    106646.11    215079.12 
1947-1949     32       136539.12    137162.30    273701.42 
1947-1949     33       155090.52    157905.47    312995.99 
1947-1949     34       158317.75    161471.18    319788.93 
1947-1949     35       154968.81    157914.44    312883.25 
1947-1949     36       158616.60    162558.44    321175.05 
1947-1949     37       162796.65    168635.88    331432.53 
1947-1949     38       158276.12    164175.15    322451.27 
1947-1949     39       154439.99    159648.99    314088.97 
1947-1949     40       152807.76    156879.97    309687.74 
1947-1949     41       152527.62    156662.45    309190.07 
1947-1949     42       149754.87    154256.55    304011.42 
1947-1949     43       143479.50    148588.75    292068.25 
1947-1949     44       135443.48    140716.35    276159.83 
1947-1949     45       129095.35    133372.21    262467.56 
1947-1949     46       127846.69    130441.61    258288.30 
1947-1949     47       125659.48    126718.28    252377.75 
1947-1949     48       119675.35    119966.85    239642.20 
1947-1949     49       110080.49    111254.69    221335.18 
1947-1949     50       104410.75    105478.48    209889.23 
1947-1949     51       102892.20    102603.22    205495.43 
1947-1949     52        99076.34     97536.56    196612.90 
1947-1949     53        91269.15     89222.90    180492.06 
1947-1949     54        82506.38     80358.26    162864.64 
1947-1949     55        80086.83     73888.81    153975.64 
1947-1949     56        85639.96     70425.48    156065.44 
1947-1949     57        91151.64     67616.00    158767.64 
1947-1949     58        91363.83     66633.61    157997.44 
1947-1949     59        85410.08     66820.02    152230.10 
1947-1949     60        83095.36     68684.22    151779.58 
1947-1949     61        86300.35     72982.22    159282.57 
1947-1949     62        88262.74     75533.24    163795.98 
1947-1949     63        83984.35     73463.10    157447.46 
1947-1949     64        73771.70     67629.05    141400.75 
1947-1949     65        66894.25     62351.94    129246.19 
1947-1949     66        65486.06     60106.44    125592.50 
1947-1949     67        63125.01     55721.41    118846.43 
1947-1949     68        56732.42     48885.40    105617.82 
1947-1949     69        47684.17     42307.58     89991.76 
1947-1949     70        43153.87     37933.86     81087.74 
1947-1949     71        41928.55     35195.38     77123.92 
1947-1949     72        38282.51     31365.98     69648.48 
1947-1949     73        31981.54     26963.51     58945.04 
1947-1949     74        24835.47     23000.80     47836.28 
1947-1949     75        21995.81     20582.65     42578.46 
1947-1949     76        22576.97     20284.45     42861.42 
1947-1949     77        22648.03     20070.15     42718.18 
1947-1949     78        19552.30     18274.32     37826.62 
1947-1949     79        14882.93     14989.98     29872.90 
1947-1949     80        12534.97     12496.30     25031.26 
1947-1949     81        11621.00     11201.76     22822.76 
1947-1949     82        10892.00     10387.97     21279.96 
1947-1949     83         9651.49      9336.71     18988.20 
1947-1949     84         7851.41      7675.25     15526.66 
1947-1949     85         6583.07      6250.72     12833.78 
1947-1949     86         6230.51      5608.46     11838.98 
1947-1949     87         5761.02      5138.14     10899.16 
1947-1949     88         4382.92      4004.63      8387.55 
1947-1949     89         2976.97      2797.64      5774.60 
1947-1949     90         2211.78      1996.06      4207.84 
1947-1949     91         2036.08      1726.22      3762.30 
1947-1949     92         1731.68      1464.39      3196.07 
1947-1949     93         1318.01      1166.80      2484.80 
1947-1949     94          921.83       865.06      1786.89 
1947-1949     95          754.51       693.32      1447.83 
1947-1949     96          703.23       610.75      1313.97 
1947-1949     97          605.78       535.78      1141.56 
1947-1949     98          433.96       381.07       815.03 
1947-1949     99          293.28       257.39       550.67 
1947-1949    100          210.88       177.82       388.71 
1947-1949    101          165.60       145.09       310.69 
1947-1949    102          123.20       110.27       233.47 
1947-1949    103           89.88        80.93       170.81 
1947-1949    104           64.89        58.88       123.77 
1947-1949    105           46.56        42.57        89.13 
1947-1949    106           33.25        30.30        63.55 
1947-1949    107           23.57        20.94        44.51 
1947-1949    108           16.44        13.83        30.27 
1947-1949    109           11.03         8.84        19.87 
1947-1949    110+          12.99         8.99        21.99 
1950-1959      0       703641.36    739724.45   1443365.82 
1950-1959      1       688623.04    719496.60   1408119.64 
1950-1959      2       689548.22    719698.98   1409247.21 
1950-1959      3       690591.66    720382.35   1410974.02 
1950-1959      4       689813.11    718665.40   1408478.51 
1950-1959      5       685099.58    713019.34   1398118.92 
1950-1959      6       676733.91    703424.52   1380158.43 
1950-1959      7       666440.06    692039.52   1358479.58 
1950-1959      8       656691.39    681590.95   1338282.34 
1950-1959      9       643818.11    667474.62   1311292.73 
1950-1959     10       627000.52    648959.82   1275960.33 
1950-1959     11       612048.97    632474.93   1244523.90 
1950-1959     12       600826.85    620413.81   1221240.66 
1950-1959     13       591953.98    610466.81   1202420.79 
1950-1959     14       586454.11    603883.08   1190337.19 
1950-1959     15       590639.32    606664.96   1197304.28 
1950-1959     16       599676.24    614021.74   1213697.98 
1950-1959     17       609031.59    622238.43   1231270.02 
1950-1959     18       616997.22    629033.03   1246030.24 
1950-1959     19       624917.24    636186.24   1261103.48 
1950-1959     20       633800.47    644451.93   1278252.40 
1950-1959     21       643441.80    652736.94   1296178.74 
1950-1959     22       652035.71    660166.35   1312202.06 
1950-1959     23       660385.64    668477.01   1328862.65 
1950-1959     24       667810.75    678688.64   1346499.39 
1950-1959     25       671124.66    684192.74   1355317.40 
1950-1959     26       670550.22    682063.62   1352613.85 
1950-1959     27       669488.47    677946.55   1347435.02 
1950-1959     28       669246.18    675201.89   1344448.08 
1950-1959     29       667651.76    671878.94   1339530.69 
1950-1959     30       658878.42    662411.58   1321289.99 
1950-1959     31       635426.92    638378.15   1273805.07 
1950-1959     32       597998.26    599945.44   1197943.70 
1950-1959     33       559460.96    559567.00   1119027.96 
1950-1959     34       533587.77    532343.08   1065930.85 
1950-1959     35       521284.82    521113.83   1042398.65 
1950-1959     36       502135.08    503945.55   1006080.63 
1950-1959     37       483540.01    486780.58    970320.60 
1950-1959     38       471368.12    476387.77    947755.90 
1950-1959     39       459728.97    466773.16    926502.13 
1950-1959     40       453801.08    462457.90    916258.98 
1950-1959     41       460313.44    469909.05    930222.49 
1950-1959     42       478629.02    490154.48    968783.50 
1950-1959     43       498472.49    511563.48   1010035.98 
1950-1959     44       502232.13    516582.19   1018814.32 
1950-1959     45       491021.96    505222.04    996244.00 
1950-1959     46       485454.52    499641.89    985096.41 
1950-1959     47       479073.20    494241.51    973314.71 
1950-1959     48       465098.06    479505.92    944603.98 
1950-1959     49       455622.51    467070.31    922692.82 
1950-1959     50       442654.72    451396.05    894050.77 
1950-1959     51       427450.19    433992.44    861442.63 
1950-1959     52       411576.60    416267.46    827844.07 
1950-1959     53       395496.22    397498.40    792994.62 
1950-1959     54       379348.38    377283.94    756632.32 
1950-1959     55       363239.44    356913.90    720153.34 
1950-1959     56       345905.86    335524.18    681430.03 
1950-1959     57       329223.28    314547.62    643770.91 
1950-1959     58       315795.98    295359.41    611155.40 
1950-1959     59       304056.57    275099.03    579155.59 
1950-1959     60       293228.57    255998.60    549227.16 
1950-1959     61       285312.07    243480.46    528792.53 
1950-1959     62       275126.38    231542.66    506669.04 
1950-1959     63       265931.09    219808.59    485739.68 
1950-1959     64       259558.81    212493.22    472052.03 
1950-1959     65       252640.85    206284.75    458925.60 
1950-1959     66       244890.32    198705.87    443596.19 
1950-1959     67       237055.83    192527.54    429583.38 
1950-1959     68       227846.58    185668.15    413514.73 
1950-1959     69       218224.80    178666.62    396891.42 
1950-1959     70       204736.72    169374.73    374111.46 
1950-1959     71       188912.70    156728.95    345641.65 
1950-1959     72       173094.36    143751.72    316846.08 
1950-1959     73       158611.79    131768.48    290380.27 
1950-1959     74       142130.24    117593.82    259724.07 
1950-1959     75       124807.90    103087.90    227895.80 
1950-1959     76       108890.64     89920.06    198810.69 
1950-1959     77        93919.88     76994.65    170914.53 
1950-1959     78        80053.43     64741.02    144794.45 
1950-1959     79        67391.48     54620.63    122012.11 
1950-1959     80        59448.99     50466.98    109915.97 
1950-1959     81        50700.11     43685.60     94385.71 
1950-1959     82        42877.82     37333.38     80211.20 
1950-1959     83        35909.11     31536.34     67445.45 
1950-1959     84        29933.40     26809.01     56742.41 
1950-1959     85        25099.94     22845.94     47945.88 
1950-1959     86        21037.66     19250.08     40287.74 
1950-1959     87        17564.67     15858.51     33423.18 
1950-1959     88        14607.93     13115.56     27723.49 
1950-1959     89        12092.51     10771.35     22863.86 
1950-1959     90         9627.54      8502.02     18129.56 
1950-1959     91         7615.70      6686.52     14302.22 
1950-1959     92         6000.30      5213.11     11213.41 
1950-1959     93         4806.33      4153.51      8959.84 
1950-1959     94         3929.75      3297.77      7227.52 
1950-1959     95         3018.69      2496.44      5515.13 
1950-1959     96         2260.48      1849.06      4109.54 
1950-1959     97         1741.93      1405.67      3147.60 
1950-1959     98         1295.96      1087.77      2383.73 
1950-1959     99          959.87       815.47      1775.34 
1950-1959    100          710.89       597.85      1308.74 
1950-1959    101          526.14       426.97       953.11 
1950-1959    102          388.53       304.32       692.85 
1950-1959    103          269.72       209.78       479.50 
1950-1959    104          179.62       140.38       320.00 
1950-1959    105          123.42        93.76       217.18 
1950-1959    106           83.42        61.20       144.62 
1950-1959    107           55.02        39.22        94.24 
1950-1959    108           33.61        23.62        57.23 
1950-1959    109           17.26        11.82        29.08 
1950-1959    110+          11.94         6.96        18.89 
1960-1969      0       635039.78    670665.26   1305705.04 
1960-1969      1       621690.86    655265.06   1276955.93 
1960-1969      2       620397.53    653177.43   1273574.95 
1960-1969      3       626527.87    658391.77   1284919.63 
1960-1969      4       630224.26    661532.01   1291756.26 
1960-1969      5       630681.42    661106.94   1291788.36 
1960-1969      6       635484.21    665434.88   1300919.10 
1960-1969      7       644297.00    674061.33   1318358.33 
1960-1969      8       649895.90    678711.43   1328607.33 
1960-1969      9       658413.08    686485.62   1344898.71 
1960-1969     10       671833.73    699374.06   1371207.79 
1960-1969     11       681576.39    709215.51   1390791.89 
1960-1969     12       683272.52    710956.27   1394228.78 
1960-1969     13       682305.80    709995.20   1392301.00 
1960-1969     14       679832.59    706988.77   1386821.36 
1960-1969     15       672282.25    698170.39   1370452.64 
1960-1969     16       664036.14    688227.38   1352263.52 
1960-1969     17       653985.79    675772.08   1329757.86 
1960-1969     18       644915.11    664431.04   1309346.15 
1960-1969     19       630897.43    649956.53   1280853.95 
1960-1969     20       614290.08    631693.93   1245984.01 
1960-1969     21       597964.61    613016.86   1210981.48 
1960-1969     22       587571.41    600919.17   1188490.57 
1960-1969     23       579425.94    589030.35   1168456.28 
1960-1969     24       575653.74    581152.48   1156806.22 
1960-1969     25       580032.96    582919.53   1162952.49 
1960-1969     26       589734.93    591280.97   1181015.90 
1960-1969     27       598220.53    599713.12   1197933.66 
1960-1969     28       606310.86    608939.49   1215250.35 
1960-1969     29       613004.67    617225.14   1230229.81 
1960-1969     30       621926.71    627701.30   1249628.01 
1960-1969     31       630059.71    637203.62   1267263.34 
1960-1969     32       638532.16    646157.87   1284690.02 
1960-1969     33       645361.78    653655.60   1299017.39 
1960-1969     34       651980.14    661339.58   1313319.73 
1960-1969     35       654476.66    664258.03   1318734.69 
1960-1969     36       654398.04    662980.42   1317378.46 
1960-1969     37       652108.56    658683.70   1310792.26 
1960-1969     38       651911.65    656768.79   1308680.44 
1960-1969     39       649288.02    652917.14   1302205.16 
1960-1969     40       640505.00    643708.73   1284213.73 
1960-1969     41       616205.64    619115.77   1235321.40 
1960-1969     42       579623.67    580906.24   1160529.91 
1960-1969     43       542133.01    541297.22   1083430.23 
1960-1969     44       517344.08    514735.94   1032080.02 
1960-1969     45       504747.14    503117.53   1007864.67 
1960-1969     46       486454.65    485950.33    972404.98 
1960-1969     47       466206.53    467160.80    933367.33 
1960-1969     48       453785.07    456050.03    909835.10 
1960-1969     49       440266.29    445007.28    885273.56 
1960-1969     50       434101.83    440514.44    874616.27 
1960-1969     51       440039.38    446504.69    886544.07 
1960-1969     52       456912.10    464561.82    921473.92 
1960-1969     53       473380.37    482149.46    955529.83 
1960-1969     54       476165.46    484620.45    960785.91 
1960-1969     55       463870.33    470465.80    934336.12 
1960-1969     56       458463.60    462659.58    921123.18 
1960-1969     57       451203.82    453701.78    904905.59 
1960-1969     58       438097.08    436413.54    874510.63 
1960-1969     59       426490.44    419705.64    846196.08 
1960-1969     60       412219.70    401456.74    813676.44 
1960-1969     61       395364.03    380895.63    776259.66 
1960-1969     62       378316.66    360887.31    739203.97 
1960-1969     63       360780.60    340229.20    701009.80 
1960-1969     64       341942.52    317440.23    659382.74 
1960-1969     65       321719.86    294333.49    616053.34 
1960-1969     66       303073.83    272977.07    576050.90 
1960-1969     67       283032.34    251306.22    534338.56 
1960-1969     68       266930.18    232789.23    499719.41 
1960-1969     69       248922.60    211160.26    460082.85 
1960-1969     70       234418.59    191814.65    426233.24 
1960-1969     71       221460.66    176813.91    398274.57 
1960-1969     72       207416.60    162083.02    369499.63 
1960-1969     73       193238.23    147649.74    340887.97 
1960-1969     74       181022.27    136130.35    317152.61 
1960-1969     75       169112.43    126082.98    295195.41 
1960-1969     76       157185.49    116218.58    273404.08 
1960-1969     77       143783.66    106593.35    250377.01 
1960-1969     78       132238.30     98078.86    230317.16 
1960-1969     79       117961.15     88730.28    206691.42 
1960-1969     80       105292.73     78926.35    184219.08 
1960-1969     81        90648.10     68282.50    158930.60 
1960-1969     82        77215.62     58327.05    135542.67 
1960-1969     83        64874.89     49227.13    114102.02 
1960-1969     84        53276.18     40362.83     93639.00 
1960-1969     85        42637.47     32106.46     74743.93 
1960-1969     86        33841.96     25577.62     59419.58 
1960-1969     87        26499.88     20016.39     46516.26 
1960-1969     88        20756.30     15713.66     36469.96 
1960-1969     89        15969.52     12323.72     28293.25 
1960-1969     90        12234.61      9858.27     22092.88 
1960-1969     91         9395.04      7668.38     17063.42 
1960-1969     92         7309.73      5949.20     13258.93 
1960-1969     93         5562.35      4541.39     10103.74 
1960-1969     94         4231.77      3447.98      7679.75 
1960-1969     95         3223.13      2637.81      5860.94 
1960-1969     96         2463.30      2009.25      4472.55 
1960-1969     97         1828.95      1507.11      3336.07 
1960-1969     98         1380.76      1149.94      2530.71 
1960-1969     99         1047.20       859.66      1906.87 
1960-1969    100          772.56       637.25      1409.81 
1960-1969    101          539.40       449.30       988.70 
1960-1969    102          374.33       312.76       687.09 
1960-1969    103          268.53       221.24       489.77 
1960-1969    104          194.88       154.72       349.59 
1960-1969    105          130.54       103.82       234.36 
1960-1969    106           86.04        67.94       153.98 
1960-1969    107           55.38        43.60        98.97 
1960-1969    108           36.70        26.04        62.74 
1960-1969    109           23.63        15.24        38.88 
1960-1969    110+          26.99        12.96        39.94 
1970-1979      0       673174.17    710782.00   1383956.17 
1970-1979      1       666909.83    702871.17   1369781.00 
1970-1979      2       660072.50    695898.00   1355970.50 
1970-1979      3       648916.00    684109.17   1333025.17 
1970-1979      4       636275.17    671118.83   1307394.00 
1970-1979      5       626010.33    660577.83   1286588.17 
1970-1979      6       619281.50    653486.17   1272767.67 
1970-1979      7       616520.67    650125.00   1266645.67 
1970-1979      8       615497.00    649323.83   1264820.83 
1970-1979      9       614152.17    648159.33   1262311.50 
1970-1979     10       608408.50    642223.83   1250632.33 
1970-1979     11       606190.83    640260.50   1246451.33 
1970-1979     12       609208.67    642487.67   1251696.33 
1970-1979     13       618129.67    649780.83   1267910.50 
1970-1979     14       626427.33    657383.33   1283810.67 
1970-1979     15       632855.00    663072.83   1295927.83 
1970-1979     16       636991.83    665999.67   1302991.50 
1970-1979     17       639729.00    668320.33   1308049.33 
1970-1979     18       640322.33    668693.33   1309015.67 
1970-1979     19       644239.17    672592.33   1316831.50 
1970-1979     20       652937.67    680853.33   1333791.00 
1970-1979     21       659170.83    684597.67   1343768.50 
1970-1979     22       662584.00    683828.00   1346412.00 
1970-1979     23       664967.00    682452.50   1347419.50 
1970-1979     24       664131.00    679480.83   1343611.83 
1970-1979     25       658779.50    672857.17   1331636.67 
1970-1979     26       649849.83    661592.17   1311442.00 
1970-1979     27       641135.50    651133.50   1292269.00 
1970-1979     28       632802.17    643046.67   1275848.83 
1970-1979     29       619905.33    626971.83   1246877.17 
1970-1979     30       605215.67    609926.17   1215141.83 
1970-1979     31       591216.33    594476.50   1185692.83 
1970-1979     32       580336.33    583605.00   1163941.33 
1970-1979     33       572674.17    575555.33   1148229.50 
1970-1979     34       567818.33    571073.50   1138891.83 
1970-1979     35       572409.67    576361.83   1148771.50 
1970-1979     36       580785.67    584368.17   1165153.83 
1970-1979     37       588972.33    592612.33   1181584.67 
1970-1979     38       596562.00    600007.17   1196569.17 
1970-1979     39       602860.50    606607.83   1209468.33 
1970-1979     40       610934.67    614957.17   1225891.83 
1970-1979     41       619359.17    622879.67   1242238.83 
1970-1979     42       626152.83    630476.83   1256629.67 
1970-1979     43       632006.33    637701.33   1269707.67 
1970-1979     44       636302.83    642218.00   1278520.83 
1970-1979     45       639561.67    645398.83   1284960.50 
1970-1979     46       637114.50    641772.50   1278887.00 
1970-1979     47       633914.50    635508.50   1269423.00 
1970-1979     48       632470.00    630913.17   1263383.17 
1970-1979     49       628637.00    624944.33   1253581.33 
1970-1979     50       619475.67    613640.67   1233116.33 
1970-1979     51       594382.50    587841.50   1182224.00 
1970-1979     52       557210.83    549623.17   1106834.00 
1970-1979     53       517287.00    508605.50   1025892.50 
1970-1979     54       489582.33    481159.33    970741.67 
1970-1979     55       480133.67    467154.67    947288.33 
1970-1979     56       461676.50    449052.83    910729.33 
1970-1979     57       442481.00    429501.17    871982.17 
1970-1979     58       429750.83    415862.67    845613.50 
1970-1979     59       414716.67    401910.50    816627.17 
1970-1979     60       407098.67    395122.00    802220.67 
1970-1979     61       410635.50    396179.00    806814.50 
1970-1979     62       423865.67    406263.17    830128.83 
1970-1979     63       438542.83    416868.17    855411.00 
1970-1979     64       438301.17    413038.83    851340.00 
1970-1979     65       421791.17    394074.33    815865.50 
1970-1979     66       409458.17    379523.33    788981.50 
1970-1979     67       396151.83    365562.83    761714.67 
1970-1979     68       374843.67    342584.00    717427.67 
1970-1979     69       354894.67    320329.17    675223.83 
1970-1979     70       335906.50    297647.67    633554.17 
1970-1979     71       313593.00    273782.50    587375.50 
1970-1979     72       292328.17    250528.50    542856.67 
1970-1979     73       270202.33    226968.33    497170.67 
1970-1979     74       247790.33    203748.00    451538.33 
1970-1979     75       226134.67    181048.33    407183.00 
1970-1979     76       202106.33    159052.00    361158.33 
1970-1979     77       178557.83    137713.83    316271.67 
1970-1979     78       157792.00    119324.17    277116.17 
1970-1979     79       136742.33    101354.67    238097.00 
1970-1979     80       122611.39     87103.32    209714.71 
1970-1979     81       107252.13     74165.59    181417.72 
1970-1979     82        92936.93     62751.92    155688.85 
1970-1979     83        79420.95     52352.95    131773.90 
1970-1979     84        67872.65     44108.51    111981.16 
1970-1979     85        57493.35     37297.55     94790.89 
1970-1979     86        48047.51     31037.54     79085.05 
1970-1979     87        39658.09     25442.24     65100.33 
1970-1979     88        32252.69     20800.26     53052.96 
1970-1979     89        25768.10     16653.85     42421.95 
1970-1979     90        20251.73     13119.85     33371.58 
1970-1979     91        15290.60      9869.34     25159.94 
1970-1979     92        11455.45      7486.39     18941.84 
1970-1979     93         8524.38      5675.63     14200.02 
1970-1979     94         6353.18      4194.99     10548.17 
1970-1979     95         4625.97      3095.96      7721.93 
1970-1979     96         3420.46      2291.78      5712.24 
1970-1979     97         2516.04      1686.06      4202.10 
1970-1979     98         1858.97      1253.83      3112.80 
1970-1979     99         1368.69       962.39      2331.08 
1970-1979    100          956.67       716.82      1673.49 
1970-1979    101          643.33       493.97      1137.30 
1970-1979    102          423.66       331.56       755.22 
1970-1979    103          271.70       217.23       488.94 
1970-1979    104          166.30       139.38       305.68 
1970-1979    105          100.79        89.67       190.46 
1970-1979    106           58.95        55.29       114.24 
1970-1979    107           31.36        31.19        62.55 
1970-1979    108           15.01        16.27        31.28 
1970-1979    109            5.14         6.95        12.09 
1970-1979    110+           0.88         2.03         2.90 
1980-1989      0       587433.52    619433.57   1206867.09 
1980-1989      1       593923.17    625841.04   1219764.21 
1980-1989      2       601298.96    633478.67   1234777.62 
1980-1989      3       610210.46    643641.62   1253852.08 
1980-1989      4       620838.54    655273.50   1276112.04 
1980-1989      5       630868.42    665565.00   1296433.42 
1980-1989      6       637488.21    672103.54   1309591.75 
1980-1989      7       641576.33    676375.58   1317951.92 
1980-1989      8       644205.42    678657.00   1322862.42 
1980-1989      9       646929.12    681867.54   1328796.67 
1980-1989     10       644309.12    679202.17   1323511.29 
1980-1989     11       649531.62    683602.50   1333134.12 
1980-1989     12       645757.29    680136.58   1325893.88 
1980-1989     13       635303.71    670065.62   1305369.33 
1980-1989     14       625208.50    660029.08   1285237.58 
1980-1989     15       614833.08    649300.50   1264133.58 
1980-1989     16       607083.54    641346.12   1248429.67 
1980-1989     17       603535.17    636616.42   1240151.58 
1980-1989     18       602067.79    633462.96   1235530.75 
1980-1989     19       598810.00    628967.38   1227777.38 
1980-1989     20       592925.88    620624.04   1213549.92 
1980-1989     21       588614.62    613911.58   1202526.21 
1980-1989     22       590017.25    613321.92   1203339.17 
1980-1989     23       595873.00    618601.58   1214474.58 
1980-1989     24       603961.54    626086.58   1230048.12 
1980-1989     25       610304.67    631165.88   1241470.54 
1980-1989     26       616443.88    636032.92   1252476.79 
1980-1989     27       622318.00    639396.46   1261714.46 
1980-1989     28       626409.83    639693.08   1266102.92 
1980-1989     29       634031.00    643091.50   1277122.50 
1980-1989     30       643380.46    649541.42   1292921.88 
1980-1989     31       650380.42    654865.04   1305245.46 
1980-1989     32       653921.42    658884.12   1312805.54 
1980-1989     33       655436.29    660665.58   1316101.88 
1980-1989     34       655534.21    659510.17   1315044.38 
1980-1989     35       649445.58    652358.92   1301804.50 
1980-1989     36       642158.50    643797.83   1285956.33 
1980-1989     37       633038.79    633914.21   1266953.00 
1980-1989     38       624369.96    623927.21   1248297.17 
1980-1989     39       612212.54    610965.96   1223178.50 
1980-1989     40       594012.17    592091.50   1186103.67 
1980-1989     41       578492.17    575950.71   1154442.88 
1980-1989     42       568438.21    564906.29   1133344.50 
1980-1989     43       560058.25    555259.67   1115317.92 
1980-1989     44       555382.62    549932.96   1105315.58 
1980-1989     45       558864.38    551961.21   1110825.58 
1980-1989     46       566944.88    558422.12   1125367.00 
1980-1989     47       574069.62    565006.38   1139076.00 
1980-1989     48       578588.92    570273.71   1148862.62 
1980-1989     49       583164.25    575192.54   1158356.79 
1980-1989     50       588643.17    580315.08   1168958.25 
1980-1989     51       594342.58    585040.21   1179382.79 
1980-1989     52       599417.67    588091.17   1187508.83 
1980-1989     53       602940.79    589527.00   1192467.79 
1980-1989     54       608215.67    592602.17   1200817.83 
1980-1989     55       606687.88    587763.12   1194451.00 
1980-1989     56       603308.21    581220.75   1184528.96 
1980-1989     57       598011.46    571836.83   1169848.29 
1980-1989     58       592928.92    563468.04   1156396.96 
1980-1989     59       587946.46    553428.25   1141374.71 
1980-1989     60       577546.92    536700.88   1114247.79 
1980-1989     61       553311.75    509131.79   1062443.54 
1980-1989     62       516446.12    469492.67    985938.79 
1980-1989     63       478694.04    428585.38    907279.42 
1980-1989     64       453895.17    399004.88    852900.04 
1980-1989     65       433660.12    382756.71    816416.83 
1980-1989     66       409822.21    359130.71    768952.92 
1980-1989     67       384470.21    335172.33    719642.54 
1980-1989     68       366005.62    317332.04    683337.67 
1980-1989     69       348888.12    302569.04    651457.17 
1980-1989     70       334354.29    289175.17    623529.46 
1980-1989     71       325875.58    276685.46    602561.04 
1980-1989     72       329007.75    276883.75    605891.50 
1980-1989     73       327059.38    271533.12    598592.50 
1980-1989     74       315783.58    258342.62    574126.21 
1980-1989     75       291796.62    234596.12    526392.75 
1980-1989     76       272303.25    214649.92    486953.17 
1980-1989     77       252226.08    195081.96    447308.04 
1980-1989     78       227557.04    172298.96    399856.00 
1980-1989     79       204778.08    151402.67    356180.75 
1980-1989     80       176790.29    126971.80    303762.09 
1980-1989     81       152325.86    107613.28    259939.14 
1980-1989     82       129526.31     90246.76    219773.06 
1980-1989     83       108592.88     74469.67    183062.55 
1980-1989     84        89812.15     60133.17    149945.32 
1980-1989     85        73117.72     47714.42    120832.14 
1980-1989     86        58362.34     37447.10     95809.44 
1980-1989     87        45706.87     28925.29     74632.16 
1980-1989     88        35616.00     22227.43     57843.43 
1980-1989     89        27539.12     16662.68     44201.81 
1980-1989     90        21175.56     12294.32     33469.88 
1980-1989     91        16108.63      9036.42     25145.05 
1980-1989     92        11935.76      6532.75     18468.52 
1980-1989     93         8726.28      4675.95     13402.23 
1980-1989     94         6447.82      3379.01      9826.82 
1980-1989     95         4711.18      2446.05      7157.23 
1980-1989     96         3438.01      1706.21      5144.22 
1980-1989     97         2527.59      1248.08      3775.66 
1980-1989     98         1850.03       915.43      2765.45 
1980-1989     99         1352.43       666.52      2018.95 
1980-1989    100          985.22       463.67      1448.89 
1980-1989    101          654.70       304.02       958.72 
1980-1989    102          433.38       198.68       632.06 
1980-1989    103          284.70       128.23       412.94 
1980-1989    104          187.08        81.80       268.88 
1980-1989    105          116.36        49.71       166.07 
1980-1989    106           70.52        28.62        99.13 
1980-1989    107           41.05        15.12        56.17 
1980-1989    108           22.02         7.00        29.03 
1980-1989    109           10.43         2.77        13.21 
1980-1989    110+           4.08         0.61         4.69 
1990-1999      0       391393.08    413391.37    804784.45 
1990-1999      1       405156.24    427464.52    832620.76 
1990-1999      2       424215.84    447029.75    871245.59 
1990-1999      3       443393.81    466134.68    909528.48 
1990-1999      4       462484.83    486008.29    948493.11 
1990-1999      5       479435.20    504562.49    983997.69 
1990-1999      6       493568.72    519665.60   1013234.33 
1990-1999      7       506385.80    533000.94   1039386.74 
1990-1999      8       518998.31    546582.30   1065580.61 
1990-1999      9       529424.93    557911.30   1087336.22 
1990-1999     10       538641.15    568112.07   1106753.22 
1990-1999     11       547602.80    577947.34   1125550.13 
1990-1999     12       557060.91    587994.64   1145055.56 
1990-1999     13       566869.57    598612.18   1165481.75 
1990-1999     14       576603.14    609096.86   1185700.00 
1990-1999     15       587078.00    619355.70   1206433.70 
1990-1999     16       594712.20    626022.66   1220734.86 
1990-1999     17       596585.17    626395.00   1222980.17 
1990-1999     18       596498.82    625024.26   1221523.08 
1990-1999     19       596525.00    624106.12   1220631.12 
1990-1999     20       596397.45    623440.17   1219837.62 
1990-1999     21       594862.23    620643.58   1215505.81 
1990-1999     22       588160.56    612841.30   1201001.86 
1990-1999     23       576803.52    600133.86   1176937.38 
1990-1999     24       566200.13    587623.64   1153823.77 
1990-1999     25       556813.92    576470.58   1133284.50 
1990-1999     26       550212.67    568795.28   1119007.95 
1990-1999     27       548726.64    565662.35   1114388.99 
1990-1999     28       549303.70    564163.74   1113467.44 
1990-1999     29       549111.11    562082.43   1111193.55 
1990-1999     30       547125.43    558320.18   1105445.61 
1990-1999     31       544992.10    554601.30   1099593.40 
1990-1999     32       547580.83    555184.57   1102765.40 
1990-1999     33       555499.65    561014.12   1116513.78 
1990-1999     34       564529.48    568125.51   1132654.99 
1990-1999     35       571401.64    572954.51   1144356.15 
1990-1999     36       576613.16    576586.33   1153199.49 
1990-1999     37       581631.36    579851.51   1161482.87 
1990-1999     38       585002.05    581314.78   1166316.83 
1990-1999     39       591346.58    585622.24   1176968.82 
1990-1999     40       600951.19    593480.95   1194432.14 
1990-1999     41       608060.42    599049.95   1207110.36 
1990-1999     42       611805.53    601531.36   1213336.90 
1990-1999     43       614387.33    602615.15   1217002.48 
1990-1999     44       614171.09    600709.42   1214880.51 
1990-1999     45       608467.80    593617.00   1202084.80 
1990-1999     46       600675.66    584349.30   1185024.96 
1990-1999     47       592295.37    574430.66   1166726.03 
1990-1999     48       584029.57    564369.29   1148398.86 
1990-1999     49       571851.07    550348.57   1122199.65 
1990-1999     50       555792.82    532370.94   1088163.76 
1990-1999     51       541287.10    515915.45   1057202.55 
1990-1999     52       530288.17    503198.77   1033486.94 
1990-1999     53       521373.59    492272.04   1013645.63 
1990-1999     54       515947.72    484675.35   1000623.06 
1990-1999     55       518479.20    484564.78   1003043.98 
1990-1999     56       524257.73    486754.07   1011011.80 
1990-1999     57       529271.62    488642.80   1017914.41 
1990-1999     58       532910.92    489555.14   1022466.06 
1990-1999     59       536034.13    489457.27   1025491.40 
1990-1999     60       539328.98    489353.73   1028682.72 
1990-1999     61       542302.55    488382.96   1030685.52 
1990-1999     62       544115.53    485672.82   1029788.35 
1990-1999     63       543799.05    481082.98   1024882.03 
1990-1999     64       542324.80    475452.70   1017777.50 
1990-1999     65       537241.98    465565.65   1002807.63 
1990-1999     66       527875.53    451039.64    978915.17 
1990-1999     67       516853.93    434264.24    951118.16 
1990-1999     68       506060.84    418184.42    924245.26 
1990-1999     69       492985.57    400729.35    893714.92 
1990-1999     70       473430.93    378493.60    851924.53 
1990-1999     71       442135.24    347710.75    789845.98 
1990-1999     72       401472.40    310340.02    711812.43 
1990-1999     73       359962.26    273195.02    633157.28 
1990-1999     74       327738.91    244516.85    572255.77 
1990-1999     75       304204.31    224316.85    528521.16 
1990-1999     76       276384.84    201795.79    478180.63 
1990-1999     77       248472.99    179426.72    427899.71 
1990-1999     78       224727.24    160559.65    385286.89 
1990-1999     79       202230.68    142993.00    345223.68 
1990-1999     80       182931.48    125424.82    308356.30 
1990-1999     81       167009.87    112198.40    279208.27 
1990-1999     82       154686.36    101881.39    256567.76 
1990-1999     83       141110.39     91000.45    232110.84 
1990-1999     84       123435.80     77811.43    201247.22 
1990-1999     85       102406.13     62862.27    165268.40 
1990-1999     86        84549.58     50499.74    135049.31 
1990-1999     87        68455.99     40043.50    108499.49 
1990-1999     88        52973.96     30256.56     83230.52 
1990-1999     89        40377.97     22472.24     62850.21 
1990-1999     90        29903.59     16249.62     46153.22 
1990-1999     91        21539.08     11430.51     32969.59 
1990-1999     92        15158.50      7910.11     23068.62 
1990-1999     93        10592.83      5442.82     16035.65 
1990-1999     94         7233.12      3686.76     10919.88 
1990-1999     95         4838.70      2440.14      7278.84 
1990-1999     96         3196.98      1569.82      4766.80 
1990-1999     97         2040.08      1001.30      3041.37 
1990-1999     98         1310.32       632.25      1942.57 
1990-1999     99          853.94       401.60      1255.54 
1990-1999    100          542.25       242.65       784.89 
1990-1999    101          310.84       138.30       449.13 
1990-1999    102          170.36        75.20       245.56 
1990-1999    103           91.70        38.14       129.84 
1990-1999    104           48.62        17.79        66.42 
1990-1999    105           24.34         7.06        31.40 
1990-1999    106           10.39         1.65        12.04 
1990-1999    107            3.72         0.10         3.82 
1990-1999    108            1.21         0.00         1.21 
1990-1999    109            0.09         0.00         0.09 
1990-1999    110+           0.00         0.00         0.00 
2000-2009      0       342852.07    362897.46    705749.53 
2000-2009      1       330573.90    350055.32    680629.21 
2000-2009      2       321581.06    340674.01    662255.07 
2000-2009      3       316081.12    334870.65    650951.77 
2000-2009      4       314174.63    332433.74    646608.37 
2000-2009      5       315083.79    332821.23    647905.02 
2000-2009      6       319769.09    337590.02    657359.11 
2000-2009      7       327556.48    345774.52    673331.00 
2000-2009      8       337836.83    356556.71    694393.53 
2000-2009      9       350689.80    370240.34    720930.14 
2000-2009     10       365772.25    386417.61    752189.86 
2000-2009     11       384033.90    405851.40    789885.29 
2000-2009     12       404998.61    427649.81    832648.42 
2000-2009     13       425695.85    448819.80    874515.65 
2000-2009     14       444675.81    468608.76    913284.57 
2000-2009     15       461578.24    486930.86    948509.10 
2000-2009     16       476013.47    502627.28    978640.75 
2000-2009     17       488310.33    515817.67   1004127.99 
2000-2009     18       498365.23    527008.73   1025373.95 
2000-2009     19       505404.08    535283.49   1040687.57 
2000-2009     20       510330.57    541438.82   1051769.39 
2000-2009     21       514459.29    546330.08   1060789.37 
2000-2009     22       518848.70    551115.27   1069963.97 
2000-2009     23       523672.93    556748.33   1080421.26 
2000-2009     24       528742.89    562443.82   1091186.72 
2000-2009     25       535205.38    568560.90   1103766.28 
2000-2009     26       540638.83    572673.16   1113311.98 
2000-2009     27       542572.03    573397.19   1115969.22 
2000-2009     28       543696.55    573557.49   1117254.04 
2000-2009     29       545936.22    574953.58   1120889.80 
2000-2009     30       548419.54    576388.21   1124807.75 
2000-2009     31       550162.06    576764.98   1126927.04 
2000-2009     32       547177.42    572415.70   1119593.12 
2000-2009     33       539162.14    562964.27   1102126.41 
2000-2009     34       530687.44    553284.75   1083972.19 
2000-2009     35       523089.55    544382.12   1067471.66 
2000-2009     36       517719.84    537732.11   1055451.94 
2000-2009     37       516241.75    534478.50   1050720.25 
2000-2009     38       516921.27    533106.10   1050027.37 
2000-2009     39       516894.18    531012.80   1047906.98 
2000-2009     40       515177.99    527223.45   1042401.44 
2000-2009     41       513470.45    523316.62   1036787.07 
2000-2009     42       515890.24    523348.18   1039238.43 
2000-2009     43       523147.91    528121.72   1051269.64 
2000-2009     44       531541.54    533808.09   1065349.64 
2000-2009     45       537929.77    537492.86   1075422.64 
2000-2009     46       542935.16    539775.60   1082710.75 
2000-2009     47       548045.95    541506.26   1089552.20 
2000-2009     48       551292.46    541006.19   1092298.65 
2000-2009     49       557166.65    542628.16   1099794.81 
2000-2009     50       566523.89    547411.51   1113935.39 
2000-2009     51       573705.87    550119.15   1123825.02 
2000-2009     52       577803.04    549369.18   1127172.22 
2000-2009     53       580738.73    547117.91   1127856.64 
2000-2009     54       580506.00    541835.68   1122341.69 
2000-2009     55       575328.27    531817.99   1107146.26 
2000-2009     56       568272.80    519560.40   1087833.20 
2000-2009     57       560540.80    506748.54   1067289.34 
2000-2009     58       552082.90    493542.28   1045625.18 
2000-2009     59       539413.24    476657.08   1016070.32 
2000-2009     60       522640.53    456122.38    978762.90 
2000-2009     61       506816.38    436515.39    943331.77 
2000-2009     62       493376.69    419854.72    913231.41 
2000-2009     63       481548.88    404567.03    886115.91 
2000-2009     64       472252.08    391725.05    863977.13 
2000-2009     65       469503.11    384644.49    854147.60 
2000-2009     66       469403.19    379572.11    848975.30 
2000-2009     67       468064.26    373646.25    841710.51 
2000-2009     68       465060.68    366355.67    831416.35 
2000-2009     69       460916.35    358222.75    819139.10 
2000-2009     70       455358.72    349058.93    804417.65 
2000-2009     71       448516.98    338758.94    787275.92 
2000-2009     72       439943.28    326453.08    766396.36 
2000-2009     73       428399.71    312565.76    740965.47 
2000-2009     74       415065.18    297530.28    712595.46 
2000-2009     75       397861.62    279651.23    677512.85 
2000-2009     76       375967.74    258995.82    634963.56 
2000-2009     77       352012.78    236805.89    588818.67 
2000-2009     78       328144.13    215748.09    543892.22 
2000-2009     79       302030.00    194012.16    496042.16 
2000-2009     80       272172.21    170680.34    442852.55 
2000-2009     81       238061.02    145661.27    383722.29 
2000-2009     82       200182.30    119560.25    319742.55 
2000-2009     83       164326.03     95818.92    260144.95 
2000-2009     84       134938.52     77398.29    212336.81 
2000-2009     85       112028.09     63687.70    175715.78 
2000-2009     86        90275.09     50589.88    140864.97 
2000-2009     87        71197.89     39198.05    110395.94 
2000-2009     88        55865.16     30130.72     85995.88 
2000-2009     89        43046.09     22938.44     65984.53 
2000-2009     90        32938.78     17260.33     50199.11 
2000-2009     91        25128.69     12899.51     38028.20 
2000-2009     92        19349.50      9778.48     29127.98 
2000-2009     93        14593.95      7218.53     21812.48 
2000-2009     94        10390.81      5017.70     15408.51 
2000-2009     95         6960.48      3312.15     10272.63 
2000-2009     96         4662.61      2152.47      6815.08 
2000-2009     97         3070.74      1379.52      4450.26 
2000-2009     98         1922.28       847.19      2769.47 
2000-2009     99         1179.27       518.91      1698.18 
2000-2009    100          724.07       309.44      1033.51 
2000-2009    101          440.43       182.70       623.13 
2000-2009    102          262.31       105.34       367.65 
2000-2009    103          153.68        59.23       212.90 
2000-2009    104           85.31        31.25       116.57 
2000-2009    105           45.79        13.25        59.04 
2000-2009    106           19.77         4.61        24.38 
2000-2009    107            8.11         2.01        10.11 
2000-2009    108            3.37         0.83         4.20 
2000-2009    109            0.95         0.17         1.11 
2000-2009    110+           0.13         0.00         0.13 
