Northern Ireland, Exposure to risk (period 1x10)     Last modified: 29-Jan-2016, MPv5 (May07)

   Year      Age       Female          Male         Total
1922-1929      0       102292.56    107193.35    209485.91 
1922-1929      1       100401.56    103989.86    204391.42 
1922-1929      2       100204.77    103570.04    203774.81 
1922-1929      3        99300.59    102546.44    201847.04 
1922-1929      4        97715.58    100661.25    198376.83 
1922-1929      5        96179.67     98829.78    195009.45 
1922-1929      6        94753.13     97212.20    191965.33 
1922-1929      7        93642.46     95871.53    189513.99 
1922-1929      8        92667.43     94616.48    187283.91 
1922-1929      9        91696.22     93297.31    184993.54 
1922-1929     10        91194.20     92413.49    183607.69 
1922-1929     11        91832.21     92774.54    184606.76 
1922-1929     12        93260.57     93878.14    187138.71 
1922-1929     13        94809.16     94821.13    189630.29 
1922-1929     14        95971.49     95192.69    191164.18 
1922-1929     15        96360.98     94885.83    191246.81 
1922-1929     16        96119.25     93992.04    190111.29 
1922-1929     17        95511.65     92846.82    188358.46 
1922-1929     18        94563.38     91290.58    185853.96 
1922-1929     19        93468.70     89162.57    182631.27 
1922-1929     20        92335.63     86851.16    179186.78 
1922-1929     21        91387.80     84939.42    176327.22 
1922-1929     22        90150.55     82935.79    173086.34 
1922-1929     23        88622.16     80512.51    169134.67 
1922-1929     24        87160.43     78013.54    165173.97 
1922-1929     25        86052.04     75801.23    161853.26 
1922-1929     26        85080.87     73896.04    158976.91 
1922-1929     27        83461.45     71979.13    155440.58 
1922-1929     28        81043.03     69833.33    150876.36 
1922-1929     29        78245.26     67345.70    145590.95 
1922-1929     30        75306.06     64674.89    139980.95 
1922-1929     31        73237.97     62957.42    136195.39 
1922-1929     32        71080.32     61310.83    132391.15 
1922-1929     33        68770.97     59466.80    128237.77 
1922-1929     34        66821.43     57872.46    124693.89 
1922-1929     35        66227.31     57314.16    123541.47 
1922-1929     36        66384.99     57401.83    123786.83 
1922-1929     37        65822.25     56978.74    122800.99 
1922-1929     38        64493.81     55863.99    120357.80 
1922-1929     39        63146.88     54673.73    117820.61 
1922-1929     40        61757.36     53852.67    115610.03 
1922-1929     41        61163.48     54117.45    115280.94 
1922-1929     42        60257.36     53877.22    114134.58 
1922-1929     43        58850.65     52876.78    111727.42 
1922-1929     44        57582.46     51946.64    109529.09 
1922-1929     45        57855.99     52445.98    110301.96 
1922-1929     46        58901.17     53919.63    112820.79 
1922-1929     47        58673.29     54358.62    113031.91 
1922-1929     48        57501.37     53649.55    111150.92 
1922-1929     49        56321.85     52738.48    109060.32 
1922-1929     50        55164.90     52048.14    107213.04 
1922-1929     51        54468.00     52019.78    106487.79 
1922-1929     52        53007.20     51320.13    104327.34 
1922-1929     53        50792.66     49526.52    100319.18 
1922-1929     54        48328.71     47130.09     95458.80 
1922-1929     55        47298.49     45967.19     93265.68 
1922-1929     56        46949.26     45591.98     92541.24 
1922-1929     57        45539.96     44218.81     89758.76 
1922-1929     58        43246.14     41891.03     85137.17 
1922-1929     59        41128.26     39590.82     80719.09 
1922-1929     60        39476.21     37648.28     77124.48 
1922-1929     61        38703.35     36624.13     75327.48 
1922-1929     62        37591.09     35450.83     73041.92 
1922-1929     63        35868.76     33698.28     69567.04 
1922-1929     64        34279.78     31971.06     66250.84 
1922-1929     65        33836.52     31154.01     64990.54 
1922-1929     66        33936.73     30699.18     64635.91 
1922-1929     67        33585.86     29773.60     63359.45 
1922-1929     68        32906.62     28564.47     61471.09 
1922-1929     69        31822.02     26970.03     58792.05 
1922-1929     70        30540.19     25247.33     55787.52 
1922-1929     71        29402.01     23750.37     53152.38 
1922-1929     72        27685.64     21876.62     49562.26 
1922-1929     73        25233.43     19545.34     44778.77 
1922-1929     74        22448.86     17189.13     39638.00 
1922-1929     75        19962.83     15159.60     35122.43 
1922-1929     76        17581.07     13239.89     30820.96 
1922-1929     77        15296.48     11434.17     26730.65 
1922-1929     78        13242.09      9812.45     23054.54 
1922-1929     79        11278.81      8286.47     19565.28 
1922-1929     80         9111.62      6650.56     15762.18 
1922-1929     81         7963.40      5802.10     13765.50 
1922-1929     82         6851.49      5026.70     11878.19 
1922-1929     83         5800.97      4315.92     10116.90 
1922-1929     84         4839.28      3664.63      8503.91 
1922-1929     85         3989.24      3063.42      7052.66 
1922-1929     86         3265.26      2515.57      5780.83 
1922-1929     87         2652.42      2021.12      4673.54 
1922-1929     88         2134.52      1583.40      3717.92 
1922-1929     89         1702.19      1211.05      2913.24 
1922-1929     90         1341.82       910.42      2252.23 
1922-1929     91         1042.79       681.40      1724.19 
1922-1929     92          794.37       513.72      1308.09 
1922-1929     93          594.32       394.89       989.21 
1922-1929     94          436.54       304.41       740.94 
1922-1929     95          310.90       221.11       532.01 
1922-1929     96          220.39       152.91       373.30 
1922-1929     97          152.21       103.44       255.65 
1922-1929     98          101.57        67.71       169.28 
1922-1929     99           65.48        42.22       107.70 
1922-1929    100           40.84        24.48        65.33 
1922-1929    101           23.95        12.47        36.42 
1922-1929    102           12.53         5.25        17.79 
1922-1929    103            5.18         1.63         6.81 
1922-1929    104            1.25         0.34         1.59 
1922-1929    105            0.00         0.00         0.00 
1922-1929    106            0.00         0.00         0.00 
1922-1929    107            0.00         0.00         0.00 
1922-1929    108            0.00         0.00         0.00 
1922-1929    109            0.00         0.00         0.00 
1922-1929    110+           0.00         0.00         0.00 
1930-1939      0       117309.01    122403.58    239712.59 
1930-1939      1       112921.83    117041.31    229963.14 
1930-1939      2       111716.71    115839.82    227556.53 
1930-1939      3       111781.10    115984.25    227765.36 
1930-1939      4       112221.07    116512.30    228733.36 
1930-1939      5       112888.36    117211.29    230099.65 
1930-1939      6       114035.29    118310.70    232345.99 
1930-1939      7       115479.13    119659.00    235138.12 
1930-1939      8       116990.45    120848.26    237838.72 
1930-1939      9       118326.10    121905.86    240231.96 
1930-1939     10       119203.01    122693.65    241896.66 
1930-1939     11       118986.00    122239.88    241225.88 
1930-1939     12       117796.10    120521.77    238317.88 
1930-1939     13       116313.88    118383.81    234697.69 
1930-1939     14       115126.21    116516.10    231642.31 
1930-1939     15       114464.98    114994.28    229459.26 
1930-1939     16       113776.97    113404.97    227181.93 
1930-1939     17       112882.48    111554.23    224436.71 
1930-1939     18       111795.78    109582.60    221378.38 
1930-1939     19       110408.13    107486.62    217894.75 
1930-1939     20       109359.30    105600.51    214959.81 
1930-1939     21       109290.28    104517.69    213807.97 
1930-1939     22       110096.06    104462.15    214558.21 
1930-1939     23       110763.01    104404.58    215167.59 
1930-1939     24       110555.11    103528.36    214083.47 
1930-1939     25       109222.77    101850.01    211072.78 
1930-1939     26       107450.45     99935.07    207385.53 
1930-1939     27       105431.56     97750.84    203182.39 
1930-1939     28       103372.20     95409.65    198781.85 
1930-1939     29       101676.62     93356.46    195033.09 
1930-1939     30       100420.23     91762.11    192182.34 
1930-1939     31        98855.12     89952.09    188807.21 
1930-1939     32        97360.30     88124.85    185485.15 
1930-1939     33        96005.17     86377.54    182382.71 
1930-1939     34        95039.11     85051.00    180090.11 
1930-1939     35        93456.35     83408.51    176864.86 
1930-1939     36        91655.67     81628.02    173283.69 
1930-1939     37        89825.78     79809.00    169634.78 
1930-1939     38        87825.18     78012.57    165837.75 
1930-1939     39        85445.75     75834.91    161280.65 
1930-1939     40        82917.63     73499.83    156417.46 
1930-1939     41        80492.62     71354.09    151846.72 
1930-1939     42        78561.69     69724.96    148286.64 
1930-1939     43        76708.98     68271.37    144980.35 
1930-1939     44        75766.20     67424.52    143190.72 
1930-1939     45        74189.38     66072.80    140262.18 
1930-1939     46        72242.74     64485.79    136728.53 
1930-1939     47        71029.57     63358.62    134388.19 
1930-1939     48        69726.85     62286.48    132013.32 
1930-1939     49        68736.73     61707.79    130444.52 
1930-1939     50        67995.77     61397.15    129392.92 
1930-1939     51        66674.61     60459.13    127133.74 
1930-1939     52        65704.43     59680.59    125385.03 
1930-1939     53        64823.01     59043.37    123866.39 
1930-1939     54        64705.48     59342.52    124048.01 
1930-1939     55        63816.52     59024.73    122841.25 
1930-1939     56        62362.49     58163.49    120525.98 
1930-1939     57        61210.36     57564.19    118774.56 
1930-1939     58        60249.25     56918.57    117167.82 
1930-1939     59        59329.96     56265.20    115595.17 
1930-1939     60        58126.56     55393.25    113519.82 
1930-1939     61        56334.71     53938.54    110273.24 
1930-1939     62        54600.52     52321.00    106921.52 
1930-1939     63        52846.36     50466.25    103312.61 
1930-1939     64        51738.88     49093.21    100832.09 
1930-1939     65        50261.65     47366.63     97628.27 
1930-1939     66        48151.19     44977.35     93128.54 
1930-1939     67        46166.70     42555.54     88722.24 
1930-1939     68        43980.81     39913.67     83894.48 
1930-1939     69        42035.29     37605.80     79641.09 
1930-1939     70        40028.95     35219.81     75248.76 
1930-1939     71        37378.56     32365.12     69743.68 
1930-1939     72        34733.27     29681.24     64414.51 
1930-1939     73        31819.71     26947.48     58767.19 
1930-1939     74        29121.13     24369.69     53490.82 
1930-1939     75        26459.22     21709.98     48169.20 
1930-1939     76        23804.40     19110.11     42914.52 
1930-1939     77        21445.84     16863.84     38309.69 
1930-1939     78        19094.48     14764.07     33858.56 
1930-1939     79        16831.72     12800.80     29632.53 
1930-1939     80        12265.77      9255.63     21521.40 
1930-1939     81        10457.31      7750.23     18207.55 
1930-1939     82         8836.47      6417.55     15254.02 
1930-1939     83         7395.89      5255.32     12651.20 
1930-1939     84         6138.78      4258.25     10397.03 
1930-1939     85         5059.64      3414.79      8474.43 
1930-1939     86         4141.44      2716.06      6857.50 
1930-1939     87         3359.28      2142.14      5501.42 
1930-1939     88         2700.47      1675.71      4376.18 
1930-1939     89         2146.28      1297.20      3443.48 
1930-1939     90         1678.47       985.90      2664.37 
1930-1939     91         1292.40       735.18      2027.59 
1930-1939     92          975.80       536.99      1512.79 
1930-1939     93          720.66       383.44      1104.10 
1930-1939     94          519.58       266.42       786.00 
1930-1939     95          366.50       180.26       546.75 
1930-1939     96          260.82       122.28       383.10 
1930-1939     97          182.50        80.48       262.98 
1930-1939     98          125.25        51.06       176.31 
1930-1939     99           83.61        31.19       114.80 
1930-1939    100           53.52        18.32        71.84 
1930-1939    101           32.65         9.93        42.59 
1930-1939    102           18.36         4.17        22.54 
1930-1939    103            8.18         0.74         8.93 
1930-1939    104            1.69         0.00         1.69 
1930-1939    105            0.10         0.00         0.10 
1930-1939    106            0.00         0.00         0.00 
1930-1939    107            0.00         0.00         0.00 
1930-1939    108            0.00         0.00         0.00 
1930-1939    109            0.00         0.00         0.00 
1930-1939    110+           0.00         0.00         0.00 
1940-1949      0       135314.57    142676.99    277991.56 
1940-1949      1       129404.35    135201.65    264605.99 
1940-1949      2       125547.14    131064.44    256611.58 
1940-1949      3       121762.61    127078.74    248841.35 
1940-1949      4       118603.57    123622.53    242226.11 
1940-1949      5       115745.82    120577.80    236323.62 
1940-1949      6       112831.54    117529.89    230361.42 
1940-1949      7       110330.52    114838.91    225169.43 
1940-1949      8       109030.31    113365.62    222395.94 
1940-1949      9       109002.94    112985.49    221988.42 
1940-1949     10       109081.17    112596.45    221677.62 
1940-1949     11       108788.15    111961.87    220750.02 
1940-1949     12       108514.16    111297.81    219811.97 
1940-1949     13       108493.97    110836.89    219330.86 
1940-1949     14       108604.49    110509.02    219113.51 
1940-1949     15       108790.66    110194.79    218985.45 
1940-1949     16       109241.35    109942.13    219183.48 
1940-1949     17       109761.56    109507.94    219269.50 
1940-1949     18       110278.39    108703.69    218982.07 
1940-1949     19       110722.63    108106.59    218829.23 
1940-1949     20       110615.94    107588.31    218204.26 
1940-1949     21       109629.07    106381.65    216010.72 
1940-1949     22       107905.02    104375.95    212280.98 
1940-1949     23       105963.89    102199.95    208163.83 
1940-1949     24       104477.02    100511.86    204988.88 
1940-1949     25       103628.64     99372.61    203001.25 
1940-1949     26       102867.54     98345.38    201212.93 
1940-1949     27       102028.17     97193.72    199221.88 
1940-1949     28       101129.74     95933.75    197063.49 
1940-1949     29       100094.89     94619.23    194714.11 
1940-1949     30        99215.89     93434.29    192650.18 
1940-1949     31        99121.03     92875.06    191996.09 
1940-1949     32        99604.40     93023.02    192627.42 
1940-1949     33       100035.31     93174.55    193209.86 
1940-1949     34        99487.15     92496.03    191983.19 
1940-1949     35        98064.65     91150.98    189215.62 
1940-1949     36        96440.53     89616.81    186057.34 
1940-1949     37        94480.97     87843.58    182324.55 
1940-1949     38        92525.19     85999.26    178524.45 
1940-1949     39        91323.95     84727.63    176051.58 
1940-1949     40        90628.97     83803.73    174432.70 
1940-1949     41        89729.26     82575.37    172304.64 
1940-1949     42        88662.10     81209.60    169871.70 
1940-1949     43        87882.46     80122.81    168005.27 
1940-1949     44        86374.32     78540.46    164914.79 
1940-1949     45        84518.51     76673.85    161192.37 
1940-1949     46        82977.15     74915.55    157892.70 
1940-1949     47        80982.76     72847.15    153829.91 
1940-1949     48        78962.33     70881.70    149844.03 
1940-1949     49        76485.58     68410.75    144896.33 
1940-1949     50        73975.24     65691.03    139666.27 
1940-1949     51        72205.04     63660.89    135865.93 
1940-1949     52        70639.66     62082.61    132722.27 
1940-1949     53        69310.02     60820.67    130130.69 
1940-1949     54        67747.81     59249.02    126996.82 
1940-1949     55        65970.66     57492.28    123462.94 
1940-1949     56        64530.79     56038.47    120569.27 
1940-1949     57        63295.92     54749.18    118045.10 
1940-1949     58        62072.96     53677.24    115750.20 
1940-1949     59        60793.08     52765.21    113558.29 
1940-1949     60        59564.69     51979.25    111543.94 
1940-1949     61        58320.43     51111.73    109432.16 
1940-1949     62        57093.42     50226.44    107319.86 
1940-1949     63        56191.13     49666.42    105857.55 
1940-1949     64        54869.41     48742.30    103611.71 
1940-1949     65        53314.30     47445.05    100759.35 
1940-1949     66        52178.69     46449.45     98628.15 
1940-1949     67        50866.71     45393.90     96260.61 
1940-1949     68        49551.68     44191.48     93743.16 
1940-1949     69        47834.71     42506.24     90340.95 
1940-1949     70        45510.58     40501.07     86011.65 
1940-1949     71        42749.64     38165.26     80914.90 
1940-1949     72        39735.54     35422.31     75157.85 
1940-1949     73        36928.25     32604.08     69532.33 
1940-1949     74        34044.35     29620.45     63664.79 
1940-1949     75        30981.37     26628.97     57610.34 
1940-1949     76        28132.78     23850.74     51983.52 
1940-1949     77        25346.68     21087.48     46434.17 
1940-1949     78        22662.75     18422.12     41084.87 
1940-1949     79        20147.87     15952.10     36099.97 
1940-1949     80        16512.46     12663.10     29175.56 
1940-1949     81        14086.84     10545.98     24632.82 
1940-1949     82        11863.80      8686.22     20550.02 
1940-1949     83         9869.61      7059.75     16929.36 
1940-1949     84         8107.94      5652.58     13760.52 
1940-1949     85         6596.33      4456.42     11052.75 
1940-1949     86         5336.44      3472.97      8809.42 
1940-1949     87         4278.00      2676.33      6954.32 
1940-1949     88         3391.65      2035.74      5427.39 
1940-1949     89         2657.33      1529.18      4186.51 
1940-1949     90         2054.15      1132.16      3186.31 
1940-1949     91         1569.62       827.72      2397.34 
1940-1949     92         1175.78       600.74      1776.52 
1940-1949     93          853.64       435.14      1288.78 
1940-1949     94          598.46       313.78       912.24 
1940-1949     95          410.42       215.75       626.17 
1940-1949     96          282.21       141.15       423.36 
1940-1949     97          188.01        89.25       277.26 
1940-1949     98          122.52        54.32       176.84 
1940-1949     99           77.53        30.93       108.46 
1940-1949    100           46.77        15.14        61.91 
1940-1949    101           26.01         5.16        31.17 
1940-1949    102           12.15         0.87        13.02 
1940-1949    103            4.31         0.00         4.31 
1940-1949    104            0.49         0.00         0.49 
1940-1949    105            0.00         0.00         0.00 
1940-1949    106            0.00         0.00         0.00 
1940-1949    107            0.00         0.00         0.00 
1940-1949    108            0.00         0.00         0.00 
1940-1949    109            0.00         0.00         0.00 
1940-1949    110+           0.00         0.00         0.00 
1950-1959      0       137659.62    146272.39    283932.01 
1950-1959      1       134565.35    142510.40    277075.74 
1950-1959      2       133481.45    141086.95    274568.41 
1950-1959      3       132705.77    139998.47    272704.24 
1950-1959      4       131822.12    138864.26    270686.38 
1950-1959      5       131047.83    137802.67    268850.50 
1950-1959      6       130626.98    137101.63    267728.60 
1950-1959      7       130110.75    136344.54    266455.29 
1950-1959      8       128917.48    134941.69    263859.17 
1950-1959      9       126822.15    132493.84    259315.98 
1950-1959     10       124392.71    129501.11    253893.83 
1950-1959     11       121949.80    126384.32    248334.12 
1950-1959     12       119112.76    123025.82    242138.58 
1950-1959     13       115994.85    119397.93    235392.78 
1950-1959     14       113219.69    115929.29    229148.98 
1950-1959     15       110406.94    112580.83    222987.77 
1950-1959     16       107215.53    109078.74    216294.27 
1950-1959     17       104242.08    106113.23    210355.31 
1950-1959     18       102290.73    104573.16    206863.89 
1950-1959     19       101486.43    103540.52    205026.94 
1950-1959     20       100832.43    101709.41    202541.84 
1950-1959     21        99913.35     99358.51    199271.86 
1950-1959     22        99055.70     97062.10    196117.80 
1950-1959     23        98440.86     95144.71    193585.57 
1950-1959     24        97984.39     93705.71    191690.11 
1950-1959     25        97840.45     92672.92    190513.36 
1950-1959     26        98061.91     91988.80    190050.71 
1950-1959     27        98298.67     91575.65    189874.33 
1950-1959     28        98528.02     91431.43    189959.44 
1950-1959     29        98707.73     91687.65    190395.38 
1950-1959     30        98541.47     91963.80    190505.27 
1950-1959     31        97800.82     91755.00    189555.81 
1950-1959     32        96574.85     90913.36    187488.21 
1950-1959     33        95234.44     89916.74    185151.17 
1950-1959     34        94254.62     89201.69    183456.31 
1950-1959     35        93886.59     88960.89    182847.48 
1950-1959     36        93618.87     88877.00    182495.87 
1950-1959     37        93242.16     88579.29    181821.46 
1950-1959     38        92832.16     88041.74    180873.89 
1950-1959     39        92242.61     87329.76    179572.36 
1950-1959     40        91617.78     86469.37    178087.15 
1950-1959     41        91515.98     86091.62    177607.60 
1950-1959     42        91882.25     86301.88    178184.13 
1950-1959     43        92032.69     86262.84    178295.53 
1950-1959     44        91640.21     85734.29    177374.50 
1950-1959     45        90696.86     84761.13    175457.99 
1950-1959     46        89283.03     83338.71    172621.75 
1950-1959     47        87649.85     81699.25    169349.11 
1950-1959     48        85983.17     79978.13    165961.30 
1950-1959     49        84857.07     78655.72    163512.79 
1950-1959     50        83950.29     77495.36    161445.65 
1950-1959     51        82622.13     75909.12    158531.25 
1950-1959     52        81095.91     73997.75    155093.66 
1950-1959     53        79652.54     72093.47    151746.01 
1950-1959     54        77996.45     70020.60    148017.05 
1950-1959     55        76354.64     67914.48    144269.12 
1950-1959     56        74749.16     65691.58    140440.74 
1950-1959     57        73119.41     63424.58    136543.99 
1950-1959     58        71363.30     61218.81    132582.11 
1950-1959     59        69298.55     58753.67    128052.21 
1950-1959     60        67210.39     56212.52    123422.91 
1950-1959     61        65380.33     54070.36    119450.70 
1950-1959     62        63530.43     52237.72    115768.14 
1950-1959     63        61395.99     50328.29    111724.28 
1950-1959     64        59279.14     48350.81    107629.96 
1950-1959     65        57285.61     46567.88    103853.48 
1950-1959     66        55263.44     44717.66     99981.10 
1950-1959     67        53455.83     42951.73     96407.56 
1950-1959     68        51626.21     41320.97     92947.18 
1950-1959     69        49696.50     39760.93     89457.43 
1950-1959     70        47687.86     38088.46     85776.32 
1950-1959     71        45682.47     36360.75     82043.22 
1950-1959     72        43568.67     34660.83     78229.50 
1950-1959     73        41349.29     32888.62     74237.91 
1950-1959     74        38889.78     30854.06     69743.84 
1950-1959     75        36350.43     28744.09     65094.53 
1950-1959     76        33715.85     26633.64     60349.49 
1950-1959     77        31022.31     24523.06     55545.36 
1950-1959     78        28235.58     22207.54     50443.11 
1950-1959     79        25313.89     19804.01     45117.90 
1950-1959     80        22450.20     17234.96     39685.15 
1950-1959     81        19634.98     14927.91     34562.89 
1950-1959     82        17026.17     12723.97     29750.14 
1950-1959     83        14436.31     10598.47     25034.78 
1950-1959     84        11990.83      8604.37     20595.20 
1950-1959     85         9761.86      6812.56     16574.42 
1950-1959     86         7857.14      5300.75     13157.89 
1950-1959     87         6225.44      4045.79     10271.23 
1950-1959     88         4868.16      3034.87      7903.03 
1950-1959     89         3755.81      2215.87      5971.68 
1950-1959     90         2834.65      1579.14      4413.79 
1950-1959     91         2110.49      1115.49      3225.98 
1950-1959     92         1555.21       779.09      2334.30 
1950-1959     93         1131.21       535.66      1666.87 
1950-1959     94          813.26       371.81      1185.07 
1950-1959     95          563.12       250.42       813.54 
1950-1959     96          378.19       164.19       542.38 
1950-1959     97          244.83       101.29       346.12 
1950-1959     98          153.20        60.52       213.72 
1950-1959     99           93.98        36.22       130.20 
1950-1959    100           56.06        20.94        77.00 
1950-1959    101           34.83        11.41        46.25 
1950-1959    102           22.12         5.69        27.82 
1950-1959    103           11.38         3.42        14.79 
1950-1959    104            4.77         2.23         7.00 
1950-1959    105            3.00         1.73         4.72 
1950-1959    106            2.47         0.95         3.42 
1950-1959    107            1.47         0.23         1.69 
1950-1959    108            0.48         0.00         0.48 
1950-1959    109            0.00         0.00         0.00 
1950-1959    110+           0.00         0.00         0.00 
1960-1969      0       155701.77    166002.97    321704.74 
1960-1969      1       152348.24    162391.73    314739.98 
1960-1969      2       150358.45    160221.21    310579.65 
1960-1969      3       148541.01    157864.92    306405.92 
1960-1969      4       146224.70    155133.80    301358.50 
1960-1969      5       143351.30    151930.73    295282.03 
1960-1969      6       140276.92    148563.40    288840.33 
1960-1969      7       137613.61    145469.95    283083.56 
1960-1969      8       135045.61    142623.40    277669.00 
1960-1969      9       132701.60    140101.83    272803.44 
1960-1969     10       130961.30    138175.13    269136.43 
1960-1969     11       129741.28    136822.73    266564.01 
1960-1969     12       128921.76    135728.74    264650.50 
1960-1969     13       128238.81    134610.49    262849.31 
1960-1969     14       127198.28    132999.26    260197.54 
1960-1969     15       125942.14    130905.95    256848.08 
1960-1969     16       124580.95    128507.67    253088.61 
1960-1969     17       122588.97    125335.55    247924.52 
1960-1969     18       119543.01    120845.12    240388.13 
1960-1969     19       115421.57    115545.76    230967.33 
1960-1969     20       111066.69    110467.85    221534.54 
1960-1969     21       107013.76    106147.21    213160.97 
1960-1969     22       103007.77    102065.81    205073.58 
1960-1969     23        99353.67     98313.29    197666.96 
1960-1969     24        96472.45     95153.37    191625.82 
1960-1969     25        93917.95     92412.53    186330.48 
1960-1969     26        91299.89     89632.55    180932.44 
1960-1969     27        89085.77     87070.20    176155.97 
1960-1969     28        87925.56     85508.99    173434.55 
1960-1969     29        87769.84     84823.93    172593.77 
1960-1969     30        87645.46     84205.33    171850.79 
1960-1969     31        87215.56     83391.40    170606.95 
1960-1969     32        87001.51     82763.23    169764.73 
1960-1969     33        87056.57     82440.83    169497.40 
1960-1969     34        87420.99     82534.07    169955.06 
1960-1969     35        88049.16     82836.39    170885.55 
1960-1969     36        88781.45     83207.23    171988.67 
1960-1969     37        89654.42     83808.90    173463.31 
1960-1969     38        90671.68     84741.18    175412.86 
1960-1969     39        91502.04     85744.89    177246.93 
1960-1969     40        91599.00     86341.86    177940.86 
1960-1969     41        91015.86     86164.55    177180.41 
1960-1969     42        90038.59     85390.14    175428.72 
1960-1969     43        88876.86     84362.88    173239.73 
1960-1969     44        88036.13     83655.73    171691.86 
1960-1969     45        87735.00     83339.60    171074.59 
1960-1969     46        87533.62     83040.10    170573.72 
1960-1969     47        87258.67     82625.98    169884.65 
1960-1969     48        87028.15     82224.11    169252.26 
1960-1969     49        86428.47     81478.99    167907.46 
1960-1969     50        85524.21     80338.59    165862.80 
1960-1969     51        84900.20     79368.84    164269.04 
1960-1969     52        85001.14     79082.98    164084.12 
1960-1969     53        84835.60     78639.44    163475.04 
1960-1969     54        84156.65     77787.39    161944.03 
1960-1969     55        83036.93     76397.84    159434.76 
1960-1969     56        81701.69     74673.60    156375.29 
1960-1969     57        80220.80     72663.33    152884.13 
1960-1969     58        78875.13     70477.95    149353.08 
1960-1969     59        77849.81     68397.91    146247.71 
1960-1969     60        76629.72     66223.35    142853.06 
1960-1969     61        75175.15     63833.75    139008.90 
1960-1969     62        73769.99     61438.79    135208.77 
1960-1969     63        72219.18     59098.17    131317.35 
1960-1969     64        70376.09     56780.16    127156.24 
1960-1969     65        68152.09     54309.22    122461.31 
1960-1969     66        65779.42     51729.01    117508.43 
1960-1969     67        63410.96     49114.06    112525.02 
1960-1969     68        60916.24     46424.78    107341.01 
1960-1969     69        58101.29     43630.80    101732.09 
1960-1969     70        54875.90     40673.79     95549.69 
1960-1969     71        51788.75     37862.50     89651.25 
1960-1969     72        48926.45     35292.06     84218.51 
1960-1969     73        45765.07     32650.32     78415.39 
1960-1969     74        42591.38     30050.11     72641.49 
1960-1969     75        39495.44     27547.69     67043.13 
1960-1969     76        36458.41     25112.95     61571.36 
1960-1969     77        33555.09     22842.69     56397.78 
1960-1969     78        30600.64     20701.19     51301.83 
1960-1969     79        27711.22     18585.70     46296.92 
1960-1969     80        25760.65     16974.44     42735.09 
1960-1969     81        23070.02     15013.72     38083.74 
1960-1969     82        20474.26     13191.23     33665.49 
1960-1969     83        17872.43     11359.95     29232.38 
1960-1969     84        15305.25      9566.77     24872.02 
1960-1969     85        12884.34      7919.74     20804.08 
1960-1969     86        10630.75      6460.14     17090.88 
1960-1969     87         8638.03      5137.66     13775.69 
1960-1969     88         6985.09      4022.02     11007.11 
1960-1969     89         5508.31      3093.78      8602.10 
1960-1969     90         4202.50      2291.20      6493.70 
1960-1969     91         3170.40      1653.41      4823.81 
1960-1969     92         2362.18      1181.06      3543.24 
1960-1969     93         1685.26       826.81      2512.07 
1960-1969     94         1181.96       554.48      1736.44 
1960-1969     95          814.01       361.48      1175.49 
1960-1969     96          535.83       234.03       769.86 
1960-1969     97          340.98       141.31       482.30 
1960-1969     98          206.98        75.93       282.91 
1960-1969     99          113.68        35.62       149.30 
1960-1969    100           64.88        16.97        81.85 
1960-1969    101           39.32        11.46        50.78 
1960-1969    102           23.96         7.06        31.02 
1960-1969    103           15.94         4.28        20.22 
1960-1969    104           10.10         3.71        13.81 
1960-1969    105            3.11         2.47         5.58 
1960-1969    106            0.53         1.74         2.27 
1960-1969    107            1.53         1.77         3.31 
1960-1969    108            1.48         1.47         2.95 
1960-1969    109            1.00         1.00         2.00 
1960-1969    110+           0.48         0.47         0.95 
1970-1979      0       135897.85    143858.58    279756.44 
1970-1979      1       136775.45    144906.29    281681.74 
1970-1979      2       138895.91    147286.10    286182.01 
1970-1979      3       141141.60    149890.63    291032.23 
1970-1979      4       143531.21    152716.18    296247.39 
1970-1979      5       145946.70    155369.73    301316.43 
1970-1979      6       147766.52    157206.46    304972.98 
1970-1979      7       148634.32    158010.92    306645.24 
1970-1979      8       148796.46    158042.31    306838.77 
1970-1979      9       148436.47    157714.15    306150.62 
1970-1979     10       147546.53    156958.44    304504.96 
1970-1979     11       146034.20    155441.70    301475.90 
1970-1979     12       144023.97    153299.72    297323.70 
1970-1979     13       141644.98    150722.88    292367.87 
1970-1979     14       138781.65    147764.82    286546.47 
1970-1979     15       135321.39    144269.00    279590.39 
1970-1979     16       131671.40    140296.92    271968.32 
1970-1979     17       128105.35    136189.32    264294.67 
1970-1979     18       124308.69    132156.23    256464.93 
1970-1979     19       120443.17    128177.74    248620.92 
1970-1979     20       116913.87    124472.24    241386.10 
1970-1979     21       113781.36    121014.02    234795.38 
1970-1979     22       111154.12    117830.29    228984.40 
1970-1979     23       108990.49    115119.24    224109.73 
1970-1979     24       106976.51    112698.16    219674.67 
1970-1979     25       105286.46    110359.38    215645.84 
1970-1979     26       104138.48    108447.20    212585.68 
1970-1979     27       103120.50    106728.14    209848.64 
1970-1979     28       101665.74    104608.17    206273.90 
1970-1979     29        99641.33    101915.08    201556.41 
1970-1979     30        97558.35     99204.58    196762.93 
1970-1979     31        95610.53     96760.87    192371.40 
1970-1979     32        93535.65     94347.95    187883.60 
1970-1979     33        91511.06     91991.69    183502.74 
1970-1979     34        89772.12     89853.77    179625.89 
1970-1979     35        87978.22     87732.67    175710.89 
1970-1979     36        86070.32     85483.27    171553.59 
1970-1979     37        84517.71     83461.23    167978.94 
1970-1979     38        83710.52     82081.85    165792.36 
1970-1979     39        83557.52     81327.10    164884.62 
1970-1979     40        83561.37     80723.44    164284.81 
1970-1979     41        83471.73     80122.64    163594.37 
1970-1979     42        83407.47     79529.92    162937.39 
1970-1979     43        83414.38     79132.07    162546.45 
1970-1979     44        83520.51     78910.29    162430.80 
1970-1979     45        83816.64     78845.79    162662.43 
1970-1979     46        84262.79     78939.59    163202.38 
1970-1979     47        84690.67     79111.52    163802.19 
1970-1979     48        85094.35     79364.17    164458.52 
1970-1979     49        85529.11     79811.06    165340.18 
1970-1979     50        85544.32     80025.68    165570.00 
1970-1979     51        85018.82     79652.63    164671.45 
1970-1979     52        83829.50     78443.59    162273.09 
1970-1979     53        82596.62     77057.78    159654.40 
1970-1979     54        81715.06     75827.82    157542.88 
1970-1979     55        81215.22     74898.19    156113.41 
1970-1979     56        80760.63     74046.96    154807.59 
1970-1979     57        80194.15     73053.16    153247.31 
1970-1979     58        79389.95     71784.42    151174.37 
1970-1979     59        78445.38     70154.42    148599.80 
1970-1979     60        77567.99     68428.29    145996.28 
1970-1979     61        76993.38     67076.55    144069.93 
1970-1979     62        76672.81     65944.31    142617.12 
1970-1979     63        76279.25     64654.52    140933.77 
1970-1979     64        75488.40     62900.19    138388.59 
1970-1979     65        74184.25     60629.38    134813.63 
1970-1979     66        72377.82     58159.87    130537.70 
1970-1979     67        70184.83     55475.86    125660.69 
1970-1979     68        67858.78     52513.36    120372.14 
1970-1979     69        65636.81     49516.92    115153.73 
1970-1979     70        63283.15     46504.05    109787.20 
1970-1979     71        60674.55     43428.59    104103.15 
1970-1979     72        57822.47     40217.13     98039.60 
1970-1979     73        54785.89     37028.89     91814.78 
1970-1979     74        51588.51     33966.85     85555.35 
1970-1979     75        48219.81     30882.80     79102.60 
1970-1979     76        44729.47     27771.95     72501.43 
1970-1979     77        41180.84     24828.08     66008.92 
1970-1979     78        37604.40     22064.10     59668.50 
1970-1979     79        33995.44     19428.12     53423.55 
1970-1979     80        31131.74     17010.47     48142.21 
1970-1979     81        27845.10     14851.30     42696.41 
1970-1979     82        24654.95     12791.23     37446.18 
1970-1979     83        21475.69     10861.22     32336.91 
1970-1979     84        18492.47      9154.16     27646.63 
1970-1979     85        15752.94      7607.77     23360.71 
1970-1979     86        13187.10      6209.23     19396.33 
1970-1979     87        10903.34      5003.38     15906.73 
1970-1979     88         8954.67      3999.05     12953.71 
1970-1979     89         7227.58      3151.91     10379.49 
1970-1979     90         5701.82      2429.42      8131.24 
1970-1979     91         4413.16      1846.79      6259.95 
1970-1979     92         3349.42      1370.30      4719.72 
1970-1979     93         2467.32       978.92      3446.24 
1970-1979     94         1762.30       676.31      2438.61 
1970-1979     95         1222.35       436.29      1658.64 
1970-1979     96          816.32       266.90      1083.22 
1970-1979     97          509.08       167.40       676.48 
1970-1979     98          301.98       103.34       405.32 
1970-1979     99          176.24        53.62       229.86 
1970-1979    100          104.61        24.13       128.75 
1970-1979    101           64.24        11.45        75.69 
1970-1979    102           37.83         4.55        42.38 
1970-1979    103           17.86         1.47        19.33 
1970-1979    104            8.34         0.47         8.81 
1970-1979    105            5.20         0.28         5.47 
1970-1979    106            3.19         0.78         3.97 
1970-1979    107            1.47         1.00         2.47 
1970-1979    108            0.73         1.00         1.73 
1970-1979    109            0.23         1.00         1.23 
1970-1979    110+           0.00         5.47         5.47 
1980-1989      0       132561.83    140037.54    272599.38 
1980-1989      1       131859.71    138650.07    270509.78 
1980-1989      2       130589.24    137436.76    268026.00 
1980-1989      3       129375.92    135908.01    265283.93 
1980-1989      4       128338.40    134357.16    262695.56 
1980-1989      5       127622.66    133573.00    261195.66 
1980-1989      6       126931.06    133318.79    260249.85 
1980-1989      7       127326.14    133889.79    261215.92 
1980-1989      8       127937.64    134811.37    262749.01 
1980-1989      9       128597.20    135835.56    264432.76 
1980-1989     10       129591.34    136832.71    266424.05 
1980-1989     11       131137.86    138166.34    269304.21 
1980-1989     12       132929.76    140158.12    273087.88 
1980-1989     13       135089.04    142253.19    277342.22 
1980-1989     14       137027.21    143964.52    280991.72 
1980-1989     15       138561.30    145289.43    283850.72 
1980-1989     16       139893.04    146208.50    286101.54 
1980-1989     17       140351.03    147286.06    287637.10 
1980-1989     18       140371.86    149188.59    289560.45 
1980-1989     19       138760.40    148546.18    287306.58 
1980-1989     20       133480.58    142089.29    275569.87 
1980-1989     21       127429.45    135915.10    263344.55 
1980-1989     22       124173.37    132527.87    256701.23 
1980-1989     23       121651.67    129659.17    251310.84 
1980-1989     24       119102.13    126443.80    245545.93 
1980-1989     25       115409.62    118544.67    233954.29 
1980-1989     26       112864.55    115648.01    228512.56 
1980-1989     27       109945.17    112770.38    222715.55 
1980-1989     28       106858.88    109296.97    216155.85 
1980-1989     29       104092.38    106393.15    210485.53 
1980-1989     30       102237.29    104284.16    206521.45 
1980-1989     31       100931.20    102702.49    203633.69 
1980-1989     32        99923.10    101524.71    201447.81 
1980-1989     33        98679.46    100422.14    199101.60 
1980-1989     34        97890.26     98909.31    196799.57 
1980-1989     35        97148.97     98005.26    195154.23 
1980-1989     36        97034.98     97649.73    194684.71 
1980-1989     37        96683.92     96811.84    193495.76 
1980-1989     38        95670.36     95347.71    191018.07 
1980-1989     39        94356.43     93656.40    188012.83 
1980-1989     40        93031.70     91705.36    184737.06 
1980-1989     41        91695.74     89748.38    181444.12 
1980-1989     42        89770.25     87563.30    177333.55 
1980-1989     43        87779.78     85455.44    173235.22 
1980-1989     44        85900.96     83486.59    169387.55 
1980-1989     45        84021.40     81563.15    165584.55 
1980-1989     46        82095.97     79502.62    161598.59 
1980-1989     47        80486.90     77468.74    157955.63 
1980-1989     48        79423.90     76115.73    155539.63 
1980-1989     49        78983.28     75328.88    154312.16 
1980-1989     50        78672.43     74352.15    153024.58 
1980-1989     51        78385.89     73477.79    151863.68 
1980-1989     52        78025.17     72727.50    150752.67 
1980-1989     53        77850.02     71966.47    149816.49 
1980-1989     54        77629.73     71100.23    148729.96 
1980-1989     55        77857.61     70515.30    148372.90 
1980-1989     56        78038.30     70152.82    148191.12 
1980-1989     57        78087.34     69731.50    147818.84 
1980-1989     58        78134.21     69259.01    147393.22 
1980-1989     59        78106.15     68967.30    147073.45 
1980-1989     60        77854.89     68420.42    146275.31 
1980-1989     61        77049.93     67247.57    144297.50 
1980-1989     62        75876.53     65616.28    141492.80 
1980-1989     63        74384.08     63500.36    137884.43 
1980-1989     64        73160.52     61507.14    134667.66 
1980-1989     65        72064.94     59728.92    131793.86 
1980-1989     66        70915.99     57958.14    128874.13 
1980-1989     67        69563.43     55877.73    125441.16 
1980-1989     68        67990.27     53801.04    121791.30 
1980-1989     69        66347.09     51396.18    117743.27 
1980-1989     70        64713.43     49110.94    113824.37 
1980-1989     71        63215.54     46826.45    110041.99 
1980-1989     72        61800.51     44576.49    106377.00 
1980-1989     73        60076.47     42055.27    102131.75 
1980-1989     74        57818.67     39277.49     97096.16 
1980-1989     75        55018.61     36257.51     91276.12 
1980-1989     76        51812.94     32863.28     84676.22 
1980-1989     77        48332.99     29575.21     77908.21 
1980-1989     78        44992.68     26347.79     71340.47 
1980-1989     79        41694.79     23222.60     64917.39 
1980-1989     80        38225.49     19589.62     57815.11 
1980-1989     81        34668.44     16920.57     51589.01 
1980-1989     82        31152.24     14458.76     45610.99 
1980-1989     83        27686.36     12198.05     39884.41 
1980-1989     84        24254.65     10184.31     34438.95 
1980-1989     85        20932.19      8389.34     29321.53 
1980-1989     86        17820.21      6763.09     24583.29 
1980-1989     87        14889.11      5380.51     20269.63 
1980-1989     88        12244.94      4267.99     16512.92 
1980-1989     89         9917.83      3342.45     13260.28 
1980-1989     90         7841.10      2545.80     10386.90 
1980-1989     91         6147.85      1923.52      8071.38 
1980-1989     92         4741.92      1432.85      6174.77 
1980-1989     93         3524.52      1023.92      4548.44 
1980-1989     94         2556.28       712.76      3269.04 
1980-1989     95         1809.58       492.93      2302.51 
1980-1989     96         1265.19       336.18      1601.38 
1980-1989     97          880.27       218.88      1099.14 
1980-1989     98          584.65       138.26       722.91 
1980-1989     99          385.01        88.22       473.23 
1980-1989    100          252.39        56.20       308.60 
1980-1989    101          154.54        32.65       187.20 
1980-1989    102           86.48        16.52       103.00 
1980-1989    103           45.81         5.08        50.89 
1980-1989    104           29.58         0.00        29.58 
1980-1989    105           16.80         0.00        16.80 
1980-1989    106            7.83         0.00         7.83 
1980-1989    107            3.63         0.00         3.63 
1980-1989    108            1.74         0.00         1.74 
1980-1989    109            1.24         0.00         1.24 
1980-1989    110+           1.47         0.00         1.47 
1990-1999      0       119633.89    125578.47    245212.35 
1990-1999      1       121274.77    127521.67    248796.44 
1990-1999      2       122799.02    129525.85    252324.87 
1990-1999      3       124322.61    131072.29    255394.89 
1990-1999      4       125780.31    132410.70    258191.01 
1990-1999      5       126930.94    133521.81    260452.74 
1990-1999      6       127678.47    134641.98    262320.45 
1990-1999      7       128267.46    135219.96    263487.42 
1990-1999      8       128676.90    135381.00    264057.90 
1990-1999      9       129148.68    135620.96    264769.63 
1990-1999     10       129748.81    135941.86    265690.66 
1990-1999     11       129955.81    135689.72    265645.53 
1990-1999     12       129437.30    134698.69    264136.00 
1990-1999     13       128576.90    133415.04    261991.94 
1990-1999     14       127784.88    132050.50    259835.39 
1990-1999     15       127066.64    130932.45    257999.09 
1990-1999     16       126605.69    130142.49    256748.17 
1990-1999     17       125999.65    129737.25    255736.90 
1990-1999     18       121365.40    126554.33    247919.72 
1990-1999     19       118015.44    123948.33    241963.77 
1990-1999     20       117454.23    123234.33    240688.56 
1990-1999     21       118308.74    123731.50    242040.25 
1990-1999     22       119945.45    125178.29    245123.73 
1990-1999     23       120507.01    125696.50    246203.51 
1990-1999     24       122644.24    127178.89    249823.13 
1990-1999     25       123142.05    124996.31    248138.36 
1990-1999     26       125209.80    126186.93    251396.73 
1990-1999     27       126455.18    127195.21    253650.38 
1990-1999     28       127132.82    126691.10    253823.92 
1990-1999     29       127523.14    126142.25    253665.38 
1990-1999     30       127412.64    125006.34    252418.98 
1990-1999     31       126859.73    123710.20    250569.93 
1990-1999     32       125799.56    122220.28    248019.84 
1990-1999     33       124193.14    121031.51    245224.65 
1990-1999     34       122130.42    118548.16    240678.58 
1990-1999     35       119276.78    115882.18    235158.96 
1990-1999     36       116291.97    113638.63    229930.59 
1990-1999     37       113326.54    111241.93    224568.47 
1990-1999     38       110474.53    108719.44    219193.97 
1990-1999     39       107738.98    106675.31    214414.30 
1990-1999     40       105378.09    104475.82    209853.91 
1990-1999     41       103441.55    102833.19    206274.74 
1990-1999     42       101851.66    101504.28    203355.94 
1990-1999     43       100635.40    100227.77    200863.18 
1990-1999     44        99431.04     98885.18    198316.22 
1990-1999     45        98621.26     97652.78    196274.04 
1990-1999     46        98038.94     96527.85    194566.79 
1990-1999     47        97320.71     95320.79    192641.50 
1990-1999     48        96045.42     93884.08    189929.50 
1990-1999     49        94379.10     92041.39    186420.49 
1990-1999     50        92467.17     89665.48    182132.65 
1990-1999     51        90368.34     87359.91    177728.24 
1990-1999     52        88015.55     85022.36    173037.91 
1990-1999     53        85758.21     82712.83    168471.04 
1990-1999     54        83687.98     80441.60    164129.58 
1990-1999     55        81721.61     78121.61    159843.23 
1990-1999     56        79550.81     75613.63    155164.43 
1990-1999     57        77726.53     73285.66    151012.18 
1990-1999     58        76588.01     71511.18    148099.19 
1990-1999     59        76108.80     70193.13    146301.93 
1990-1999     60        75817.09     69013.33    144830.42 
1990-1999     61        75265.66     67576.25    142841.90 
1990-1999     62        74613.60     66036.54    140650.14 
1990-1999     63        73972.61     64587.81    138560.42 
1990-1999     64        73454.20     63221.35    136675.55 
1990-1999     65        72903.49     61968.28    134871.77 
1990-1999     66        72401.50     60571.06    132972.55 
1990-1999     67        71802.16     59074.23    130876.39 
1990-1999     68        71119.32     57480.50    128599.82 
1990-1999     69        70253.57     55736.45    125990.03 
1990-1999     70        68984.31     53778.81    122763.11 
1990-1999     71        67019.39     51339.10    118358.50 
1990-1999     72        64617.66     48431.36    113049.02 
1990-1999     73        61967.71     45373.80    107341.51 
1990-1999     74        59299.01     42421.10    101720.11 
1990-1999     75        56883.88     39448.81     96332.70 
1990-1999     76        54505.89     36656.72     91162.62 
1990-1999     77        51877.47     33844.21     85721.68 
1990-1999     78        48977.76     30943.77     79921.53 
1990-1999     79        45999.46     27856.25     73855.71 
1990-1999     80        42737.63     23862.45     66600.08 
1990-1999     81        39782.91     21055.47     60838.38 
1990-1999     82        36851.74     18449.84     55301.58 
1990-1999     83        33771.73     15952.47     49724.20 
1990-1999     84        30464.59     13501.79     43966.38 
1990-1999     85        27069.98     11238.43     38308.41 
1990-1999     86        23627.43      9230.56     32857.99 
1990-1999     87        20270.24      7411.75     27682.00 
1990-1999     88        17178.98      5824.15     23003.13 
1990-1999     89        14274.97      4484.37     18759.34 
1990-1999     90        11617.72      3406.99     15024.71 
1990-1999     91         9289.24      2513.24     11802.47 
1990-1999     92         7215.77      1786.47      9002.24 
1990-1999     93         5474.74      1256.05      6730.79 
1990-1999     94         4048.03       875.72      4923.76 
1990-1999     95         2902.19       601.20      3503.39 
1990-1999     96         2049.92       407.50      2457.42 
1990-1999     97         1427.51       281.72      1709.23 
1990-1999     98          985.89       188.22      1174.10 
1990-1999     99          652.86       113.87       766.72 
1990-1999    100          406.59        67.67       474.26 
1990-1999    101          247.77        37.70       285.47 
1990-1999    102          153.40        17.70       171.09 
1990-1999    103           99.25         6.92       106.17 
1990-1999    104           63.15         2.46        65.61 
1990-1999    105           35.77         0.92        36.69 
1990-1999    106           18.26         0.00        18.26 
1990-1999    107            9.08         0.00         9.08 
1990-1999    108            5.38         0.00         5.38 
1990-1999    109            3.47         0.00         3.47 
1990-1999    110+           7.88         0.00         7.88 
2000-2009      0       110958.08    117202.76    228160.84 
2000-2009      1       110249.89    116365.61    226615.50 
2000-2009      2       110121.67    116437.91    226559.58 
2000-2009      3       110340.47    116570.86    226911.34 
2000-2009      4       111006.43    117341.42    228347.85 
2000-2009      5       111648.85    118253.44    229902.29 
2000-2009      6       112996.66    119439.44    232436.10 
2000-2009      7       114960.14    121111.66    236071.80 
2000-2009      8       116897.10    123246.64    240143.75 
2000-2009      9       119100.39    125405.77    244506.16 
2000-2009     10       120940.28    127141.84    248082.12 
2000-2009     11       122621.53    128589.13    251210.66 
2000-2009     12       124035.31    130141.16    254176.47 
2000-2009     13       125400.58    131511.38    256911.96 
2000-2009     14       126882.85    132842.95    259725.80 
2000-2009     15       128126.13    133973.21    262099.34 
2000-2009     16       129023.96    134794.21    263818.17 
2000-2009     17       129695.69    135396.10    265091.79 
2000-2009     18       128951.18    134686.76    263637.94 
2000-2009     19       123846.93    129012.40    252859.33 
2000-2009     20       119202.84    123399.39    242602.23 
2000-2009     21       117971.77    121014.35    238986.13 
2000-2009     22       117383.34    118939.52    236322.86 
2000-2009     23       116696.97    116736.60    233433.57 
2000-2009     24       116261.26    115400.57    231661.83 
2000-2009     25       116164.07    114387.14    230551.21 
2000-2009     26       116525.51    114007.82    230533.33 
2000-2009     27       117410.95    114317.01    231727.96 
2000-2009     28       118734.99    115087.60    233822.60 
2000-2009     29       119750.86    116012.73    235763.59 
2000-2009     30       120866.94    116864.39    237731.33 
2000-2009     31       122187.59    118208.58    240396.17 
2000-2009     32       124218.19    120122.84    244341.04 
2000-2009     33       126396.15    122161.35    248557.50 
2000-2009     34       128772.74    124097.11    252869.84 
2000-2009     35       130740.54    126258.86    256999.40 
2000-2009     36       131833.13    127819.04    259652.17 
2000-2009     37       132735.73    128390.99    261126.72 
2000-2009     38       132908.78    128520.37    261429.15 
2000-2009     39       132610.98    128184.14    260795.12 
2000-2009     40       131827.11    127244.03    259071.15 
2000-2009     41       130488.61    126028.48    256517.09 
2000-2009     42       128970.44    124503.07    253473.51 
2000-2009     43       126835.70    122567.16    249402.87 
2000-2009     44       124055.36    120390.70    244446.06 
2000-2009     45       120701.27    118091.16    238792.43 
2000-2009     46       117236.66    115201.46    232438.12 
2000-2009     47       114060.58    112552.41    226613.00 
2000-2009     48       111025.17    110001.39    221026.56 
2000-2009     49       107993.88    107409.87    215403.75 
2000-2009     50       105493.30    105119.37    210612.67 
2000-2009     51       103462.00    103013.71    206475.70 
2000-2009     52       101590.41    101124.83    202715.23 
2000-2009     53       100062.48     99285.16    199347.64 
2000-2009     54        98742.71     97719.86    196462.57 
2000-2009     55        97665.20     95945.27    193610.47 
2000-2009     56        96637.27     94368.35    191005.62 
2000-2009     57        95719.50     92817.32    188536.82 
2000-2009     58        94280.95     91022.18    185303.13 
2000-2009     59        92207.85     88543.76    180751.60 
2000-2009     60        89933.92     85706.84    175640.76 
2000-2009     61        87671.28     82979.61    170650.89 
2000-2009     62        85131.12     80112.24    165243.36 
2000-2009     63        82655.66     77296.67    159952.33 
2000-2009     64        80223.34     74484.46    154707.80 
2000-2009     65        77752.39     71493.25    149245.64 
2000-2009     66        75165.52     68179.23    143344.75 
2000-2009     67        72739.32     65056.77    137796.09 
2000-2009     68        71001.57     62476.96    133478.53 
2000-2009     69        69775.75     60301.04    130076.78 
2000-2009     70        68552.38     58053.55    126605.93 
2000-2009     71        67010.38     55586.05    122596.42 
2000-2009     72        65282.15     52840.51    118122.65 
2000-2009     73        63762.69     50186.87    113949.56 
2000-2009     74        62151.45     47511.86    109663.30 
2000-2009     75        60342.63     44821.16    105163.79 
2000-2009     76        58487.57     42130.10    100617.67 
2000-2009     77        56285.21     39216.57     95501.78 
2000-2009     78        54189.81     36348.58     90538.40 
2000-2009     79        51672.79     33489.58     85162.38 
2000-2009     80        48755.83     30386.81     79142.64 
2000-2009     81        45354.82     27256.59     72611.41 
2000-2009     82        41645.86     24016.27     65662.13 
2000-2009     83        37986.47     20842.17     58828.64 
2000-2009     84        34509.29     17967.78     52477.07 
2000-2009     85        31129.38     15252.16     46381.54 
2000-2009     86        27667.60     12754.97     40422.58 
2000-2009     87        24195.05     10503.15     34698.21 
2000-2009     88        20806.57      8441.97     29248.54 
2000-2009     89        17610.21      6583.41     24193.62 
2000-2009     90        14683.95      5025.85     19709.79 
2000-2009     91        12082.57      3811.70     15894.27 
2000-2009     92         9756.92      2845.71     12602.63 
2000-2009     93         7617.65      2075.55      9693.20 
2000-2009     94         5798.24      1478.10      7276.33 
2000-2009     95         4305.87      1008.92      5314.80 
2000-2009     96         3075.85       651.47      3727.32 
2000-2009     97         2083.41       404.64      2488.05 
2000-2009     98         1351.40       247.29      1598.69 
2000-2009     99          879.14       148.36      1027.50 
2000-2009    100          562.15        85.89       648.04 
2000-2009    101          340.43        42.88       383.31 
2000-2009    102          195.71        17.02       212.72 
2000-2009    103          105.34         5.42       110.76 
2000-2009    104           55.95         2.00        57.95 
2000-2009    105           32.75         1.18        33.93 
2000-2009    106           20.21         0.22        20.43 
2000-2009    107           11.49         0.00        11.49 
2000-2009    108            5.11         0.00         5.11 
2000-2009    109            1.93         0.00         1.93 
2000-2009    110+           0.98         0.00         0.98 
2010-2013      0        49054.76     51238.02    100292.78 
2010-2013      1        49659.08     51875.82    101534.90 
2010-2013      2        49693.08     51972.69    101665.77 
2010-2013      3        49071.05     51533.12    100604.16 
2010-2013      4        48071.11     50680.55     98751.66 
2010-2013      5        46627.57     49165.28     95792.85 
2010-2013      6        45001.03     47703.34     92704.37 
2010-2013      7        43900.79     46440.80     90341.59 
2010-2013      8        43285.55     45669.31     88954.87 
2010-2013      9        43076.55     45455.30     88531.85 
2010-2013     10        43460.50     45878.79     89339.29 
2010-2013     11        44322.77     46895.53     91218.30 
2010-2013     12        45557.76     48112.80     93670.56 
2010-2013     13        46718.02     49283.77     96001.79 
2010-2013     14        47573.05     50107.33     97680.38 
2010-2013     15        48117.54     50545.82     98663.36 
2010-2013     16        48536.54     50795.12     99331.66 
2010-2013     17        48940.32     51043.10     99983.42 
2010-2013     18        49563.32     51605.87    101169.19 
2010-2013     19        48438.04     50850.68     99288.72 
2010-2013     20        47439.14     49969.77     97408.92 
2010-2013     21        48269.61     50384.21     98653.82 
2010-2013     22        49165.83     50562.22     99728.06 
2010-2013     23        50002.64     50615.74    100618.37 
2010-2013     24        50543.09     50476.92    101020.01 
2010-2013     25        50748.13     50084.47    100832.60 
2010-2013     26        50900.14     49802.37    100702.51 
2010-2013     27        50851.89     49313.05    100164.94 
2010-2013     28        50738.94     48761.08     99500.01 
2010-2013     29        50730.43     48497.96     99228.38 
2010-2013     30        50850.89     48554.11     99405.01 
2010-2013     31        50744.91     48126.09     98871.00 
2010-2013     32        50021.52     47288.09     97309.62 
2010-2013     33        48927.72     46242.88     95170.61 
2010-2013     34        47896.49     45441.51     93338.00 
2010-2013     35        47457.74     45189.57     92647.31 
2010-2013     36        47805.39     45832.09     93637.48 
2010-2013     37        48772.96     46811.87     95584.84 
2010-2013     38        49949.70     48007.02     97956.72 
2010-2013     39        51137.72     49157.10    100294.83 
2010-2013     40        52084.21     50035.64    102119.85 
2010-2013     41        52788.61     50744.14    103532.75 
2010-2013     42        53386.75     51154.36    104541.11 
2010-2013     43        53745.55     51530.91    105276.46 
2010-2013     44        54079.02     51984.35    106063.37 
2010-2013     45        54359.56     52419.89    106779.45 
2010-2013     46        54368.72     52646.00    107014.72 
2010-2013     47        53857.92     52442.04    106299.95 
2010-2013     48        53162.92     51919.94    105082.85 
2010-2013     49        52081.05     50944.28    103025.32 
2010-2013     50        50809.63     49623.25    100432.87 
2010-2013     51        49556.68     48275.89     97832.57 
2010-2013     52        48288.65     47065.90     95354.55 
2010-2013     53        46801.99     45786.38     92588.37 
2010-2013     54        45235.14     44528.61     89763.76 
2010-2013     55        43500.18     43206.12     86706.30 
2010-2013     56        41833.04     41872.39     83705.42 
2010-2013     57        40360.12     40625.48     80985.61 
2010-2013     58        39232.65     39535.90     78768.55 
2010-2013     59        38573.82     38516.22     77090.03 
2010-2013     60        38183.47     37765.32     75948.79 
2010-2013     61        38029.63     37278.85     75308.48 
2010-2013     62        38123.23     36959.84     75083.07 
2010-2013     63        38176.35     36498.28     74674.63 
2010-2013     64        37740.04     35660.37     73400.40 
2010-2013     65        37046.83     34688.61     71735.44 
2010-2013     66        36222.97     33807.76     70030.72 
2010-2013     67        35144.57     32663.43     67807.99 
2010-2013     68        33772.74     31181.26     64954.00 
2010-2013     69        31964.48     29238.41     61202.89 
2010-2013     70        30124.29     27139.83     57264.11 
2010-2013     71        28583.59     25279.21     53862.81 
2010-2013     72        27507.79     23992.97     51500.75 
2010-2013     73        26802.22     23018.91     49821.14 
2010-2013     74        26089.27     22005.00     48094.27 
2010-2013     75        25070.45     20714.49     45784.94 
2010-2013     76        23996.49     19315.87     43312.36 
2010-2013     77        22983.62     17953.45     40937.07 
2010-2013     78        22065.63     16621.60     38687.23 
2010-2013     79        21202.79     15383.33     36586.12 
2010-2013     80        20337.54     14091.00     34428.54 
2010-2013     81        19233.10     12773.79     32006.89 
2010-2013     82        18058.21     11468.88     29527.09 
2010-2013     83        16776.04     10175.13     26951.17 
2010-2013     84        15437.39      9035.04     24472.44 
2010-2013     85        13972.39      7838.31     21810.70 
2010-2013     86        12683.60      6777.29     19460.90 
2010-2013     87        11465.11      5743.66     17208.76 
2010-2013     88        10213.50      4780.88     14994.38 
2010-2013     89         8917.53      3946.29     12863.82 
2010-2013     90         7490.53      3159.51     10650.05 
2010-2013     91         6046.77      2412.37      8459.14 
2010-2013     92         4721.68      1743.92      6465.60 
2010-2013     93         3631.94      1204.31      4836.25 
2010-2013     94         2772.83       831.29      3604.12 
2010-2013     95         2099.26       580.57      2679.82 
2010-2013     96         1557.49       398.43      1955.92 
2010-2013     97         1128.79       261.87      1390.66 
2010-2013     98          784.91       160.15       945.06 
2010-2013     99          501.95        97.74       599.69 
2010-2013    100          303.03        57.85       360.88 
2010-2013    101          180.74        30.86       211.60 
2010-2013    102          104.87        18.43       123.30 
2010-2013    103           55.09         9.94        65.03 
2010-2013    104           26.15         2.66        28.81 
2010-2013    105           10.20         1.28        11.48 
2010-2013    106            2.34         1.24         3.58 
2010-2013    107            0.74         0.46         1.20 
2010-2013    108            0.24         0.00         0.24 
2010-2013    109            0.00         0.00         0.00 
2010-2013    110+           0.00         0.00         0.00 
