United Kingdom, Exposure to risk (period 1x10)     Last modified: 29-Jan-2016, MPv5 (May07)

   Year      Age       Female          Male         Total
1922-1929      0      3179187.39   3283694.80   6462882.19 
1922-1929      1      3173381.75   3247471.01   6420852.76 
1922-1929      2      3206932.32   3278575.45   6485507.77 
1922-1929      3      3186040.48   3256604.07   6442644.55 
1922-1929      4      3130859.74   3197835.88   6328695.62 
1922-1929      5      3094715.46   3158559.71   6253275.17 
1922-1929      6      3079767.53   3141381.85   6221149.38 
1922-1929      7      3078721.94   3135375.87   6214097.80 
1922-1929      8      3072618.10   3121220.04   6193838.14 
1922-1929      9      3048026.73   3088202.94   6136229.67 
1922-1929     10      3039655.68   3072060.26   6111715.94 
1922-1929     11      3097866.67   3121972.57   6219839.24 
1922-1929     12      3196158.11   3210771.99   6406930.10 
1922-1929     13      3276587.63   3278665.27   6555252.90 
1922-1929     14      3326040.83   3312962.30   6639003.13 
1922-1929     15      3345005.83   3317665.91   6662671.74 
1922-1929     16      3346378.93   3305946.82   6652325.74 
1922-1929     17      3344916.01   3287803.25   6632719.26 
1922-1929     18      3341122.48   3262618.60   6603741.08 
1922-1929     19      3334199.96   3232824.60   6567024.56 
1922-1929     20      3316158.67   3187429.93   6503588.60 
1922-1929     21      3286304.01   3124658.07   6410962.08 
1922-1929     22      3252417.21   3054742.44   6307159.65 
1922-1929     23      3215730.94   2976363.75   6192094.69 
1922-1929     24      3179666.01   2893246.71   6072912.72 
1922-1929     25      3144319.08   2811647.46   5955966.54 
1922-1929     26      3107697.20   2733340.68   5841037.88 
1922-1929     27      3068983.04   2658639.41   5727622.45 
1922-1929     28      3028531.49   2587526.25   5616057.74 
1922-1929     29      2984355.49   2517985.67   5502341.16 
1922-1929     30      2944463.35   2461204.55   5405667.90 
1922-1929     31      2912044.62   2427009.29   5339053.91 
1922-1929     32      2872319.09   2400831.76   5273150.84 
1922-1929     33      2830952.02   2378014.60   5208966.62 
1922-1929     34      2795381.50   2359541.52   5154923.02 
1922-1929     35      2763119.74   2341263.15   5104382.89 
1922-1929     36      2734774.44   2324908.58   5059683.02 
1922-1929     37      2702924.52   2307017.02   5009941.54 
1922-1929     38      2668640.06   2285984.21   4954624.27 
1922-1929     39      2644314.68   2271100.55   4915415.22 
1922-1929     40      2634527.84   2268732.92   4903260.77 
1922-1929     41      2621371.60   2266712.94   4888084.54 
1922-1929     42      2590928.54   2253490.92   4844419.46 
1922-1929     43      2559702.25   2238977.67   4798679.92 
1922-1929     44      2527032.94   2221432.43   4748465.37 
1922-1929     45      2491770.34   2202733.65   4694503.99 
1922-1929     46      2457029.40   2188550.79   4645580.19 
1922-1929     47      2409310.58   2165510.05   4574820.63 
1922-1929     48      2352132.92   2130674.16   4482807.07 
1922-1929     49      2296798.53   2093008.40   4389806.93 
1922-1929     50      2250038.28   2060239.64   4310277.92 
1922-1929     51      2199383.37   2024333.97   4223717.34 
1922-1929     52      2127483.16   1970544.01   4098027.16 
1922-1929     53      2047666.03   1904711.14   3952377.17 
1922-1929     54      1970906.94   1833981.25   3804888.19 
1922-1929     55      1899083.65   1761883.50   3660967.15 
1922-1929     56      1828012.80   1689295.43   3517308.23 
1922-1929     57      1753315.89   1614160.85   3367476.74 
1922-1929     58      1679251.71   1537938.48   3217190.18 
1922-1929     59      1612004.48   1466548.11   3078552.59 
1922-1929     60      1556213.33   1403849.48   2960062.81 
1922-1929     61      1503571.42   1343229.94   2846801.35 
1922-1929     62      1436650.18   1272398.87   2709049.05 
1922-1929     63      1363854.70   1196361.00   2560215.69 
1922-1929     64      1294104.83   1122744.80   2416849.63 
1922-1929     65      1229104.30   1054120.54   2283224.83 
1922-1929     66      1169400.45    990246.85   2159647.30 
1922-1929     67      1107177.69    925141.97   2032319.66 
1922-1929     68      1042410.05    858949.43   1901359.48 
1922-1929     69       980553.83    796318.54   1776872.37 
1922-1929     70       923393.67    737695.50   1661089.18 
1922-1929     71       864824.32    677957.63   1542781.95 
1922-1929     72       797745.37    612290.47   1410035.83 
1922-1929     73       726859.66    544617.64   1271477.29 
1922-1929     74       657545.55    480119.91   1137665.46 
1922-1929     75       592196.27    421135.97   1013332.25 
1922-1929     76       532295.75    368550.91    900846.66 
1922-1929     77       476399.76    320943.80    797343.56 
1922-1929     78       421772.24    276454.19    698226.43 
1922-1929     79       368831.66    235368.91    604200.57 
1922-1929     80       325428.18    198338.15    523766.33 
1922-1929     81       281770.71    166786.23    448556.94 
1922-1929     82       242232.18    138765.55    380997.73 
1922-1929     83       203537.74    112685.82    316223.56 
1922-1929     84       167088.37     89546.42    256634.79 
1922-1929     85       134475.00     69742.15    204217.15 
1922-1929     86       106560.26     53289.10    159849.36 
1922-1929     87        83007.42     39858.28    122865.70 
1922-1929     88        63668.34     29294.56     92962.90 
1922-1929     89        47767.23     21069.17     68836.40 
1922-1929     90        34991.81     14831.06     49822.87 
1922-1929     91        25560.82     10412.20     35973.02 
1922-1929     92        18516.65      7199.69     25716.34 
1922-1929     93        13033.89      4836.02     17869.92 
1922-1929     94         8994.88      3204.58     12199.46 
1922-1929     95         6082.88      2092.88      8175.76 
1922-1929     96         4040.34      1342.06      5382.40 
1922-1929     97         2592.99       825.74      3418.73 
1922-1929     98         1582.24       493.50      2075.74 
1922-1929     99          922.55       281.35      1203.90 
1922-1929    100          528.26       149.29       677.55 
1922-1929    101          307.27        77.65       384.93 
1922-1929    102          171.88        43.88       215.77 
1922-1929    103           92.16        22.51       114.67 
1922-1929    104           49.61        12.53        62.14 
1922-1929    105           23.72         7.35        31.07 
1922-1929    106           10.12         2.42        12.54 
1922-1929    107            2.67         0.47         3.15 
1922-1929    108            0.00         0.00         0.00 
1922-1929    109            0.00         0.00         0.00 
1922-1929    110+           0.00         0.00         0.00 
1930-1939      0      3416616.67   3551473.08   6968089.76 
1930-1939      1      3350322.34   3455895.19   6806217.53 
1930-1939      2      3343129.93   3439911.93   6783041.86 
1930-1939      3      3362906.72   3453002.03   6815908.75 
1930-1939      4      3398558.39   3482327.09   6880885.48 
1930-1939      5      3444618.55   3522577.94   6967196.49 
1930-1939      6      3500003.24   3572126.46   7072129.69 
1930-1939      7      3564155.30   3631951.46   7196106.76 
1930-1939      8      3642000.53   3707673.78   7349674.31 
1930-1939      9      3738964.95   3806174.20   7545139.14 
1930-1939     10      3819005.96   3887935.97   7706941.92 
1930-1939     11      3827664.61   3894998.49   7722663.10 
1930-1939     12      3787668.24   3850776.73   7638444.98 
1930-1939     13      3776162.24   3834897.73   7611059.97 
1930-1939     14      3799088.70   3851730.68   7650819.38 
1930-1939     15      3825605.88   3865576.21   7691182.08 
1930-1939     16      3851814.20   3872532.36   7724346.56 
1930-1939     17      3863439.58   3855637.18   7719076.76 
1930-1939     18      3852090.78   3806989.52   7659080.30 
1930-1939     19      3830620.45   3743308.93   7573929.38 
1930-1939     20      3835105.65   3704586.96   7539692.61 
1930-1939     21      3893061.36   3726235.24   7619296.60 
1930-1939     22      3977477.89   3780488.81   7757966.69 
1930-1939     23      4043163.82   3823590.09   7866753.91 
1930-1939     24      4075393.84   3846163.96   7921557.80 
1930-1939     25      4081493.66   3851807.13   7933300.79 
1930-1939     26      4072707.81   3846584.92   7919292.74 
1930-1939     27      4055260.16   3833336.91   7888597.07 
1930-1939     28      4032072.79   3814281.24   7846354.03 
1930-1939     29      4006822.37   3791210.98   7798033.35 
1930-1939     30      3974421.99   3753882.71   7728304.70 
1930-1939     31      3923604.26   3687053.46   7610657.71 
1930-1939     32      3865207.39   3601534.66   7466742.05 
1930-1939     33      3811183.86   3514748.89   7325932.74 
1930-1939     34      3758615.84   3426300.74   7184916.58 
1930-1939     35      3704478.15   3333318.29   7037796.44 
1930-1939     36      3651113.08   3240543.53   6891656.61 
1930-1939     37      3602320.05   3152975.20   6755295.25 
1930-1939     38      3556367.79   3071759.94   6628127.73 
1930-1939     39      3503664.32   2992393.06   6496057.38 
1930-1939     40      3444469.57   2920341.35   6364810.92 
1930-1939     41      3394082.92   2869042.55   6263125.47 
1930-1939     42      3359703.83   2839088.26   6198792.09 
1930-1939     43      3323276.35   2811787.58   6135063.93 
1930-1939     44      3282754.93   2785894.58   6068649.51 
1930-1939     45      3246832.76   2766015.20   6012847.96 
1930-1939     46      3207999.09   2741591.46   5949590.55 
1930-1939     47      3169393.39   2714371.49   5883764.87 
1930-1939     48      3133788.38   2690939.13   5824727.51 
1930-1939     49      3097299.26   2667466.55   5764765.81 
1930-1939     50      3053074.98   2634367.14   5687442.11 
1930-1939     51      2999198.36   2592090.24   5591288.60 
1930-1939     52      2948495.38   2554271.23   5502766.61 
1930-1939     53      2899711.18   2520792.17   5420503.35 
1930-1939     54      2844547.48   2485010.89   5329558.37 
1930-1939     55      2782598.89   2444797.42   5227396.31 
1930-1939     56      2713198.56   2397803.21   5111001.77 
1930-1939     57      2638593.42   2342014.11   4980607.54 
1930-1939     58      2557059.00   2274700.08   4831759.08 
1930-1939     59      2467772.81   2195220.81   4662993.62 
1930-1939     60      2374911.64   2109666.75   4484578.39 
1930-1939     61      2281323.86   2024337.96   4305661.82 
1930-1939     62      2191810.38   1940400.04   4132210.41 
1930-1939     63      2102568.53   1852447.91   3955016.44 
1930-1939     64      2011584.52   1759626.04   3771210.55 
1930-1939     65      1922866.96   1664535.19   3587402.15 
1930-1939     66      1831065.35   1567068.77   3398134.13 
1930-1939     67      1736873.51   1468503.19   3205376.70 
1930-1939     68      1639523.68   1365679.00   3005202.68 
1930-1939     69      1541798.13   1261618.72   2803416.85 
1930-1939     70      1447097.09   1160275.80   2607372.89 
1930-1939     71      1352343.37   1061241.92   2413585.29 
1930-1939     72      1256365.41    964122.07   2220487.48 
1930-1939     73      1158308.30    868957.23   2027265.53 
1930-1939     74      1059056.87    776843.51   1835900.38 
1930-1939     75       959950.26    687889.66   1647839.92 
1930-1939     76       860384.46    601164.07   1461548.53 
1930-1939     77       763837.21    518590.05   1282427.26 
1930-1939     78       672535.80    442653.12   1115188.92 
1930-1939     79       585692.92    373731.63    959424.55 
1930-1939     80       517181.72    321523.98    838705.69 
1930-1939     81       443936.81    266814.51    710751.32 
1930-1939     82       376375.58    217944.43    594320.01 
1930-1939     83       313525.29    174241.79    487767.07 
1930-1939     84       257277.49    137025.96    394303.45 
1930-1939     85       207772.99    105803.72    313576.71 
1930-1939     86       165635.66     80464.18    246099.84 
1930-1939     87       129454.32     59959.49    189413.80 
1930-1939     88        99301.21     43930.94    143232.14 
1930-1939     89        74949.10     31624.01    106573.11 
1930-1939     90        55507.51     22232.01     77739.53 
1930-1939     91        40585.70     15395.57     55981.27 
1930-1939     92        29193.25     10537.09     39730.34 
1930-1939     93        20418.16      7044.20     27462.37 
1930-1939     94        13888.16      4509.77     18397.92 
1930-1939     95         9154.91      2795.18     11950.09 
1930-1939     96         5929.04      1700.87      7629.91 
1930-1939     97         3784.07      1008.43      4792.50 
1930-1939     98         2323.67       602.00      2925.68 
1930-1939     99         1353.62       336.76      1690.38 
1930-1939    100          762.29       173.88       936.17 
1930-1939    101          415.72        97.04       512.76 
1930-1939    102          218.87        53.58       272.45 
1930-1939    103          118.35        27.32       145.67 
1930-1939    104           62.60        12.91        75.52 
1930-1939    105           32.26         4.84        37.09 
1930-1939    106           16.87         1.72        18.58 
1930-1939    107           10.68         0.47        11.15 
1930-1939    108            4.64         0.00         4.64 
1930-1939    109            0.49         0.00         0.49 
1930-1939    110+           0.00         0.00         0.00 
1940-1949      0      3916033.63   4125421.71   8041455.34 
1940-1949      1      3776843.47   3966472.68   7743316.15 
1940-1949      2      3642272.69   3811096.34   7453369.03 
1940-1949      3      3513434.06   3657694.15   7171128.22 
1940-1949      4      3420946.16   3548599.94   6969546.10 
1940-1949      5      3354359.22   3472121.57   6826480.79 
1940-1949      6      3297925.36   3410092.21   6708017.58 
1940-1949      7      3264945.06   3376056.07   6641001.13 
1940-1949      8      3263207.40   3378253.21   6641460.61 
1940-1949      9      3276985.84   3398482.40   6675468.24 
1940-1949     10      3288142.33   3412441.87   6700584.21 
1940-1949     11      3295026.25   3409910.22   6704936.47 
1940-1949     12      3306577.20   3394817.43   6701394.64 
1940-1949     13      3330096.61   3374540.27   6704636.88 
1940-1949     14      3364780.85   3349543.80   6714324.65 
1940-1949     15      3409348.89   3324845.23   6734194.12 
1940-1949     16      3465041.10   3310832.30   6775873.40 
1940-1949     17      3520055.14   3140532.98   6660588.12 
1940-1949     18      3561519.47   2738579.09   6300098.56 
1940-1949     19      3586925.28   2380846.99   5967772.28 
1940-1949     20      3588284.75   2158391.53   5746676.28 
1940-1949     21      3558871.12   1988871.02   5547742.14 
1940-1949     22      3524417.97   1897919.93   5422337.90 
1940-1949     23      3522706.92   1910068.64   5432775.55 
1940-1949     24      3565267.68   2028866.52   5594134.20 
1940-1949     25      3636333.07   2224590.60   5860923.67 
1940-1949     26      3706108.51   2424409.43   6130517.94 
1940-1949     27      3753129.79   2572055.71   6325185.50 
1940-1949     28      3768046.50   2656698.51   6424745.01 
1940-1949     29      3757438.75   2692768.72   6450207.48 
1940-1949     30      3757921.33   2724803.66   6482724.98 
1940-1949     31      3804068.69   2800280.49   6604349.18 
1940-1949     32      3879356.68   2911571.45   6790928.13 
1940-1949     33      3942653.71   3020739.45   6963393.16 
1940-1949     34      3974865.30   3111716.78   7086582.08 
1940-1949     35      3979022.16   3186269.13   7165291.29 
1940-1949     36      3965662.08   3247827.52   7213489.60 
1940-1949     37      3942882.35   3297366.84   7240249.19 
1940-1949     38      3915205.25   3335801.97   7251007.22 
1940-1949     39      3882051.78   3361076.38   7243128.16 
1940-1949     40      3837961.50   3363271.12   7201232.61 
1940-1949     41      3782447.80   3336837.95   7119285.75 
1940-1949     42      3723249.52   3289967.05   7013216.57 
1940-1949     43      3667799.01   3232459.43   6900258.43 
1940-1949     44      3616187.62   3166575.93   6782763.55 
1940-1949     45      3566280.74   3094977.88   6661258.62 
1940-1949     46      3517366.28   3022460.40   6539826.68 
1940-1949     47      3468483.08   2952092.68   6420575.77 
1940-1949     48      3416393.11   2884276.17   6300669.29 
1940-1949     49      3355380.10   2816665.32   6172045.42 
1940-1949     50      3290388.99   2754749.09   6045138.08 
1940-1949     51      3232554.25   2706394.72   5938948.97 
1940-1949     52      3179809.10   2664889.58   5844698.68 
1940-1949     53      3125544.89   2620633.89   5746178.78 
1940-1949     54      3069286.51   2572127.85   5641414.36 
1940-1949     55      3012972.52   2520690.42   5533662.94 
1940-1949     56      2957302.43   2466695.76   5423998.19 
1940-1949     57      2901830.38   2411754.20   5313584.58 
1940-1949     58      2846585.23   2358320.88   5204906.12 
1940-1949     59      2790248.03   2305059.54   5095307.57 
1940-1949     60      2730171.98   2248285.18   4978457.16 
1940-1949     61      2664158.53   2186052.51   4850211.04 
1940-1949     62      2592871.00   2120067.81   4712938.81 
1940-1949     63      2517943.61   2052161.23   4570104.84 
1940-1949     64      2437069.00   1979946.78   4417015.79 
1940-1949     65      2349947.27   1903696.29   4253643.56 
1940-1949     66      2259760.28   1826531.69   4086291.97 
1940-1949     67      2164653.33   1745395.76   3910049.09 
1940-1949     68      2062737.76   1656167.01   3718904.78 
1940-1949     69      1956050.71   1560382.29   3516433.00 
1940-1949     70      1847282.48   1463162.97   3310445.44 
1940-1949     71      1737312.35   1365767.76   3103080.11 
1940-1949     72      1623892.43   1263600.63   2887493.06 
1940-1949     73      1506712.68   1155060.07   2661772.75 
1940-1949     74      1387847.29   1042281.98   2430129.28 
1940-1949     75      1268438.54    928801.15   2197239.69 
1940-1949     76      1149018.64    818498.51   1967517.16 
1940-1949     77      1030446.44    712732.67   1743179.12 
1940-1949     78       914290.88    612027.54   1526318.42 
1940-1949     79       803090.98    518601.20   1321692.19 
1940-1949     80       714363.55    445315.53   1159679.07 
1940-1949     81       618086.82    372376.35    990463.18 
1940-1949     82       526974.61    306435.63    833410.24 
1940-1949     83       442576.01    247310.79    689886.80 
1940-1949     84       365784.36    195694.46    561478.82 
1940-1949     85       296861.79    151693.30    448555.09 
1940-1949     86       236623.02    115242.03    351865.05 
1940-1949     87       185255.79     85434.54    270690.33 
1940-1949     88       143010.40     62307.15    205317.55 
1940-1949     89       108311.99     44525.06    152837.05 
1940-1949     90        79893.60     30907.59    110801.19 
1940-1949     91        58036.30     21190.32     79226.62 
1940-1949     92        41392.60     14232.88     55625.47 
1940-1949     93        28656.94      9316.23     37973.17 
1940-1949     94        19320.31      5934.40     25254.70 
1940-1949     95        12650.44      3629.99     16280.42 
1940-1949     96         8058.61      2157.14     10215.75 
1940-1949     97         4962.63      1239.70      6202.33 
1940-1949     98         2932.21       685.78      3617.99 
1940-1949     99         1667.16       362.87      2030.02 
1940-1949    100          923.05       190.43      1113.48 
1940-1949    101          509.48       101.38       610.86 
1940-1949    102          273.27        47.23       320.49 
1940-1949    103          129.68        23.26       152.94 
1940-1949    104           54.49        14.82        69.31 
1940-1949    105           25.42         9.14        34.56 
1940-1949    106           13.28         5.94        19.21 
1940-1949    107            6.88         3.95        10.83 
1940-1949    108            2.41         1.95         4.36 
1940-1949    109            0.00         0.47         0.47 
1940-1949    110+           0.00         0.00         0.00 
1950-1959      0      3919433.07   4130963.30   8050396.37 
1950-1959      1      3880389.20   4081010.27   7961399.47 
1950-1959      2      3900628.66   4099968.63   8000597.29 
1950-1959      3      3935968.42   4133277.91   8069246.32 
1950-1959      4      3963964.98   4157855.54   8121820.52 
1950-1959      5      3982638.33   4175083.20   8157721.53 
1950-1959      6      3963471.53   4154198.30   8117669.83 
1950-1959      7      3947208.97   4136051.51   8083260.48 
1950-1959      8      3907999.39   4091902.40   7999901.79 
1950-1959      9      3857899.84   4034392.95   7892292.79 
1950-1959     10      3792204.84   3959444.41   7751649.25 
1950-1959     11      3716674.91   3871184.27   7587859.17 
1950-1959     12      3619595.58   3755922.52   7375518.10 
1950-1959     13      3506950.59   3618929.78   7125880.37 
1950-1959     14      3426364.71   3511660.35   6938025.06 
1950-1959     15      3371123.16   3427540.23   6798663.39 
1950-1959     16      3317660.88   3347366.54   6665027.42 
1950-1959     17      3280144.81   3289634.20   6569779.01 
1950-1959     18      3269348.69   3221459.14   6490807.84 
1950-1959     19      3282018.11   3178128.09   6460146.21 
1950-1959     20      3297487.11   3182355.71   6479842.81 
1950-1959     21      3314842.36   3207602.47   6522444.83 
1950-1959     22      3331202.26   3228627.28   6559829.54 
1950-1959     23      3352675.96   3266305.24   6618981.20 
1950-1959     24      3380867.12   3304673.80   6685540.93 
1950-1959     25      3420424.73   3353894.17   6774318.90 
1950-1959     26      3469958.90   3410402.88   6880361.78 
1950-1959     27      3525045.16   3471234.46   6996279.61 
1950-1959     28      3588443.29   3539455.49   7127898.78 
1950-1959     29      3654210.80   3604971.80   7259182.60 
1950-1959     30      3706633.00   3653678.68   7360311.68 
1950-1959     31      3722917.73   3661560.23   7384477.96 
1950-1959     32      3698198.79   3627918.12   7326116.91 
1950-1959     33      3658608.15   3579000.89   7237609.04 
1950-1959     34      3648487.56   3560523.40   7209010.95 
1950-1959     35      3667575.35   3569615.91   7237191.26 
1950-1959     36      3687915.10   3579391.73   7267306.83 
1950-1959     37      3706453.49   3590154.44   7296607.93 
1950-1959     38      3697776.65   3576641.06   7274417.70 
1950-1959     39      3671730.83   3546795.56   7218526.39 
1950-1959     40      3660707.85   3535261.11   7195968.96 
1950-1959     41      3705017.17   3576411.82   7281428.98 
1950-1959     42      3770470.71   3638199.75   7408670.45 
1950-1959     43      3825656.55   3686885.06   7512541.61 
1950-1959     44      3841417.81   3696415.10   7537832.90 
1950-1959     45      3827748.56   3679332.19   7507080.75 
1950-1959     46      3801646.24   3650108.01   7451754.25 
1950-1959     47      3769597.34   3612175.56   7381772.90 
1950-1959     48      3736825.57   3571669.02   7308494.58 
1950-1959     49      3703737.28   3528538.47   7232275.75 
1950-1959     50      3663321.28   3471634.26   7134955.54 
1950-1959     51      3621544.40   3396222.98   7017767.38 
1950-1959     52      3554535.10   3291749.06   6846284.16 
1950-1959     53      3488537.97   3180079.12   6668617.09 
1950-1959     54      3421760.78   3066156.05   6487916.83 
1950-1959     55      3349248.17   2948923.75   6298171.92 
1950-1959     56      3268997.20   2825155.07   6094152.26 
1950-1959     57      3193751.18   2705931.81   5899682.99 
1950-1959     58      3122978.50   2592575.55   5715554.05 
1950-1959     59      3052189.96   2482490.89   5534680.85 
1950-1959     60      2976309.19   2376081.21   5352390.41 
1950-1959     61      2906673.43   2283428.26   5190101.69 
1950-1959     62      2832780.51   2196575.17   5029355.67 
1950-1959     63      2760865.76   2112941.88   4873807.64 
1950-1959     64      2685023.98   2029924.22   4714948.20 
1950-1959     65      2607721.67   1948977.84   4556699.51 
1950-1959     66      2531184.27   1867524.86   4398709.13 
1950-1959     67      2450390.75   1784403.83   4234794.58 
1950-1959     68      2366769.44   1703005.86   4069775.30 
1950-1959     69      2279502.92   1620378.16   3899881.08 
1950-1959     70      2182536.83   1531690.26   3714227.10 
1950-1959     71      2082502.67   1439890.15   3522392.83 
1950-1959     72      1975623.97   1347840.32   3323464.29 
1950-1959     73      1865592.48   1256243.29   3121835.78 
1950-1959     74      1745528.84   1162289.38   2907818.21 
1950-1959     75      1621828.79   1068042.81   2689871.60 
1950-1959     76      1497047.79    972479.67   2469527.47 
1950-1959     77      1371457.74    877545.70   2249003.44 
1950-1959     78      1239588.86    780484.03   2020072.88 
1950-1959     79      1101975.58    680388.56   1782364.13 
1950-1959     80       990726.94    598331.30   1589058.24 
1950-1959     81       865501.58    509954.84   1375456.42 
1950-1959     82       747090.05    427111.82   1174201.87 
1950-1959     83       633542.34    349717.56    983259.90 
1950-1959     84       527888.16    280045.62    807933.78 
1950-1959     85       432740.89    219554.35    652295.24 
1950-1959     86       349618.57    168909.58    518528.15 
1950-1959     87       277801.01    126995.25    404796.25 
1950-1959     88       217335.72     93559.51    310895.23 
1950-1959     89       166780.47     67483.50    234263.97 
1950-1959     90       125250.32     47510.93    172761.25 
1950-1959     91        92508.91     32756.01    125264.92 
1950-1959     92        66770.53     21972.31     88742.85 
1950-1959     93        46971.96     14346.27     61318.23 
1950-1959     94        32218.82      9132.25     41351.06 
1950-1959     95        21438.58      5578.67     27017.25 
1950-1959     96        13820.70      3288.08     17108.78 
1950-1959     97         8566.68      1901.19     10467.87 
1950-1959     98         5149.63      1067.21      6216.84 
1950-1959     99         3018.42       557.97      3576.39 
1950-1959    100         1702.06       274.33      1976.39 
1950-1959    101          929.18       140.59      1069.77 
1950-1959    102          481.10        68.95       550.05 
1950-1959    103          231.46        31.49       262.95 
1950-1959    104          110.97        14.84       125.81 
1950-1959    105           54.34         5.54        59.88 
1950-1959    106           24.68         1.42        26.10 
1950-1959    107           11.20         0.23        11.43 
1950-1959    108            3.69         0.00         3.69 
1950-1959    109            0.95         0.00         0.95 
1950-1959    110+           0.00         0.00         0.00 
1960-1969      0      4597822.06   4820209.56   9418031.62 
1960-1969      1      4549792.18   4763229.17   9313021.36 
1960-1969      2      4493410.09   4708694.21   9202104.30 
1960-1969      3      4419322.90   4637294.02   9056616.92 
1960-1969      4      4325169.42   4545629.02   8870798.44 
1960-1969      5      4213393.97   4434580.17   8647974.13 
1960-1969      6      4109245.22   4330290.42   8439535.64 
1960-1969      7      4012962.74   4236313.73   8249276.47 
1960-1969      8      3927156.45   4153993.11   8081149.55 
1960-1969      9      3861950.71   4089904.34   7951855.04 
1960-1969     10      3827767.04   4055119.57   7882886.61 
1960-1969     11      3823081.97   4047451.23   7870533.20 
1960-1969     12      3857231.70   4075545.70   7932777.40 
1960-1969     13      3917525.38   4127727.40   8045252.78 
1960-1969     14      3956601.42   4158166.78   8114768.20 
1960-1969     15      3977588.36   4170609.54   8148197.90 
1960-1969     16      3959013.22   4150909.04   8109922.26 
1960-1969     17      3948050.99   4119766.88   8067817.86 
1960-1969     18      3932504.18   4030779.95   7963284.12 
1960-1969     19      3886523.77   3931773.45   7818297.22 
1960-1969     20      3824585.85   3837696.44   7662282.30 
1960-1969     21      3753732.66   3754089.78   7507822.44 
1960-1969     22      3653685.63   3646841.98   7300527.61 
1960-1969     23      3544742.46   3547974.50   7092716.96 
1960-1969     24      3467258.15   3494442.00   6961700.15 
1960-1969     25      3404107.48   3456488.91   6860596.39 
1960-1969     26      3335919.14   3400250.08   6736169.22 
1960-1969     27      3284473.00   3355649.66   6640122.66 
1960-1969     28      3267869.62   3340104.93   6607974.55 
1960-1969     29      3274164.98   3347083.35   6621248.33 
1960-1969     30      3273319.36   3359324.45   6632643.81 
1960-1969     31      3273574.57   3354317.51   6627892.09 
1960-1969     32      3276828.14   3348240.72   6625068.86 
1960-1969     33      3291051.88   3351244.57   6642296.45 
1960-1969     34      3317532.94   3375855.10   6693388.04 
1960-1969     35      3354889.39   3390147.31   6745036.71 
1960-1969     36      3401565.01   3422770.17   6824335.18 
1960-1969     37      3452955.72   3459446.69   6912402.41 
1960-1969     38      3513938.93   3504357.50   7018296.43 
1960-1969     39      3584108.88   3561417.99   7145526.87 
1960-1969     40      3642280.57   3611703.34   7253983.91 
1960-1969     41      3648251.76   3602783.70   7251035.47 
1960-1969     42      3613063.48   3551287.35   7164350.83 
1960-1969     43      3581625.25   3500979.02   7082604.27 
1960-1969     44      3570968.60   3471984.13   7042952.73 
1960-1969     45      3584472.30   3474234.53   7058706.83 
1960-1969     46      3591948.00   3472737.28   7064685.28 
1960-1969     47      3600762.97   3463898.06   7064661.03 
1960-1969     48      3584499.95   3434782.23   7019282.17 
1960-1969     49      3553315.90   3382931.85   6936247.75 
1960-1969     50      3516889.81   3350057.12   6866946.93 
1960-1969     51      3551320.22   3375935.04   6927255.26 
1960-1969     52      3615261.54   3428467.83   7043729.37 
1960-1969     53      3651924.71   3451957.40   7103882.11 
1960-1969     54      3658317.27   3440971.13   7099288.41 
1960-1969     55      3636308.70   3404314.51   7040623.21 
1960-1969     56      3602785.81   3350969.83   6953755.64 
1960-1969     57      3566167.76   3290873.49   6857041.25 
1960-1969     58      3521980.03   3222597.13   6744577.16 
1960-1969     59      3466702.04   3139025.53   6605727.57 
1960-1969     60      3399901.61   3033843.93   6433745.54 
1960-1969     61      3324912.31   2903870.65   6228782.96 
1960-1969     62      3248154.39   2761741.38   6009895.76 
1960-1969     63      3165891.90   2613427.61   5779319.50 
1960-1969     64      3075469.77   2464570.97   5540040.75 
1960-1969     65      2974340.07   2312463.83   5286803.90 
1960-1969     66      2872952.19   2163644.83   5036597.01 
1960-1969     67      2774600.68   2020291.46   4794892.14 
1960-1969     68      2672435.96   1880455.21   4552891.17 
1960-1969     69      2558971.64   1746444.46   4305416.10 
1960-1969     70      2441847.35   1619587.85   4061435.21 
1960-1969     71      2328487.65   1503830.45   3832318.09 
1960-1969     72      2219910.69   1397701.12   3617611.81 
1960-1969     73      2107323.33   1293221.09   3400544.43 
1960-1969     74      1989480.94   1190867.83   3180348.77 
1960-1969     75      1866132.72   1088800.89   2954933.60 
1960-1969     76      1740886.63    990786.55   2731673.17 
1960-1969     77      1620437.45    896388.26   2516825.71 
1960-1969     78      1495497.25    805652.77   2301150.02 
1960-1969     79      1368535.43    713706.50   2082241.94 
1960-1969     80      1240168.07    629965.64   1870133.71 
1960-1969     81      1109069.05    549196.14   1658265.19 
1960-1969     82       980752.94    473055.74   1453808.68 
1960-1969     83       855524.00    401674.57   1257198.57 
1960-1969     84       734474.79    335302.49   1069777.28 
1960-1969     85       619719.75    274500.71    894220.46 
1960-1969     86       513460.03    220521.59    733981.61 
1960-1969     87       417033.46    172705.25    589738.71 
1960-1969     88       332593.55    132182.79    464776.34 
1960-1969     89       259752.39     98688.04    358440.43 
1960-1969     90       198047.30     71718.73    269766.03 
1960-1969     91       148382.38     51113.92    199496.29 
1960-1969     92       108667.22     35336.28    144003.50 
1960-1969     93        77061.44     23558.78    100620.21 
1960-1969     94        53255.65     15231.27     68486.92 
1960-1969     95        35907.91      9501.99     45409.90 
1960-1969     96        23530.35      5746.50     29276.85 
1960-1969     97        15015.52      3336.40     18351.92 
1960-1969     98         9349.09      1887.84     11236.93 
1960-1969     99         5640.22      1040.41      6680.63 
1960-1969    100         3304.11       547.85      3851.96 
1960-1969    101         1869.34       271.42      2140.76 
1960-1969    102         1047.27       127.57      1174.84 
1960-1969    103          562.68        60.58       623.25 
1960-1969    104          282.39        28.69       311.07 
1960-1969    105          129.95        13.98       143.93 
1960-1969    106           51.28         6.78        58.07 
1960-1969    107           22.46         3.24        25.70 
1960-1969    108            9.49         2.47        11.95 
1960-1969    109            3.43         2.00         5.43 
1960-1969    110+           1.43         1.93         3.36 
1970-1979      0      3686451.17   3892768.12   7579219.29 
1970-1979      1      3765530.63   3966643.54   7732174.17 
1970-1979      2      3882270.06   4086912.15   7969182.21 
1970-1979      3      4012032.33   4226071.11   8238103.44 
1970-1979      4      4140777.78   4361340.19   8502117.97 
1970-1979      5      4249836.18   4477064.87   8726901.05 
1970-1979      6      4348874.82   4580255.65   8929130.46 
1970-1979      7      4421378.18   4655764.41   9077142.59 
1970-1979      8      4456241.58   4694553.69   9150795.27 
1970-1979      9      4463000.09   4704024.70   9167024.78 
1970-1979     10      4455032.00   4700709.61   9155741.61 
1970-1979     11      4436682.18   4683713.72   9120395.91 
1970-1979     12      4399651.89   4645998.67   9045650.56 
1970-1979     13      4339732.42   4588248.99   8927981.41 
1970-1979     14      4265236.46   4513044.15   8778280.61 
1970-1979     15      4192073.43   4426688.81   8618762.24 
1970-1979     16      4112702.34   4321157.97   8433860.31 
1970-1979     17      4040209.82   4214616.59   8254826.41 
1970-1979     18      3975626.47   4131030.66   8106657.13 
1970-1979     19      3933843.51   4077213.10   8011056.61 
1970-1979     20      3913002.75   4050639.41   7963642.16 
1970-1979     21      3915712.55   4046146.93   7961859.47 
1970-1979     22      3954609.44   4072159.81   8026769.26 
1970-1979     23      4009728.83   4108808.83   8118537.67 
1970-1979     24      4028445.82   4112313.42   8140759.24 
1970-1979     25      4015280.46   4095326.08   8110606.54 
1970-1979     26      3996816.10   4074783.31   8071599.41 
1970-1979     27      3961053.40   4044212.04   8005265.44 
1970-1979     28      3903561.11   3987278.92   7890840.03 
1970-1979     29      3831048.83   3914943.15   7745991.98 
1970-1979     30      3750857.42   3839419.51   7590276.93 
1970-1979     31      3663731.38   3752823.05   7416554.42 
1970-1979     32      3547698.80   3637249.96   7184948.75 
1970-1979     33      3428787.10   3515987.92   6944775.03 
1970-1979     34      3346662.77   3431246.18   6777908.95 
1970-1979     35      3283759.59   3366092.12   6649851.71 
1970-1979     36      3225711.29   3303079.51   6528790.80 
1970-1979     37      3182241.73   3253450.21   6435691.94 
1970-1979     38      3171711.37   3237418.70   6409130.07 
1970-1979     39      3182817.47   3242362.56   6425180.04 
1970-1979     40      3192565.44   3243088.10   6435653.54 
1970-1979     41      3198222.98   3238463.45   6436686.42 
1970-1979     42      3204241.87   3232724.27   6436966.15 
1970-1979     43      3219777.02   3236471.57   6456248.58 
1970-1979     44      3242754.21   3249039.62   6491793.83 
1970-1979     45      3275791.63   3267468.68   6543260.31 
1970-1979     46      3316404.92   3291412.21   6607817.13 
1970-1979     47      3365852.12   3321961.30   6687813.42 
1970-1979     48      3420075.98   3355373.13   6775449.11 
1970-1979     49      3483319.39   3402817.78   6886137.18 
1970-1979     50      3528186.20   3430159.48   6958345.68 
1970-1979     51      3504522.73   3387998.87   6892521.60 
1970-1979     52      3456710.66   3323174.20   6779884.85 
1970-1979     53      3419983.83   3264712.47   6684696.30 
1970-1979     54      3401654.24   3223805.11   6625459.35 
1970-1979     55      3403711.64   3199801.65   6603513.28 
1970-1979     56      3401242.75   3171279.95   6572522.71 
1970-1979     57      3389990.33   3134921.60   6524911.93 
1970-1979     58      3357426.71   3077629.73   6435056.44 
1970-1979     59      3305459.15   3001883.59   6307342.75 
1970-1979     60      3266347.34   2937494.93   6203842.27 
1970-1979     61      3285926.31   2923920.09   6209846.40 
1970-1979     62      3323408.56   2923648.32   6247056.87 
1970-1979     63      3334318.46   2894553.23   6228871.69 
1970-1979     64      3311215.24   2830799.69   6142014.92 
1970-1979     65      3261332.67   2739429.45   6000762.12 
1970-1979     66      3196411.25   2630707.35   5827118.60 
1970-1979     67      3121878.03   2511826.11   5633704.14 
1970-1979     68      3040471.21   2383717.75   5424188.95 
1970-1979     69      2954463.06   2246493.38   5200956.45 
1970-1979     70      2854323.74   2095380.97   4949704.71 
1970-1979     71      2743038.01   1935229.90   4678267.91 
1970-1979     72      2612779.27   1765177.29   4377956.56 
1970-1979     73      2481728.80   1599969.89   4081698.69 
1970-1979     74      2343531.77   1439559.51   3783091.28 
1970-1979     75      2200940.87   1288183.43   3489124.30 
1970-1979     76      2049496.88   1143191.64   3192688.52 
1970-1979     77      1899110.46   1009636.32   2908746.79 
1970-1979     78      1749037.07    885389.69   2634426.76 
1970-1979     79      1599941.39    772683.63   2372625.01 
1970-1979     80      1458556.04    669332.86   2127888.90 
1970-1979     81      1317141.85    579623.18   1896765.02 
1970-1979     82      1177902.70    498065.45   1675968.15 
1970-1979     83      1040055.59    422646.95   1462702.54 
1970-1979     84       906576.07    354130.37   1260706.44 
1970-1979     85       780111.47    292632.01   1072743.49 
1970-1979     86       661533.41    238209.16    899742.57 
1970-1979     87       552072.34    190562.52    742634.86 
1970-1979     88       454155.54    150058.15    604213.69 
1970-1979     89       367369.42    116153.93    483523.35 
1970-1979     90       290660.48     87884.09    378544.56 
1970-1979     91       224756.12     64956.72    289712.84 
1970-1979     92       170037.10     46800.76    216837.86 
1970-1979     93       125432.18     32860.15    158292.33 
1970-1979     94        90079.45     22502.76    112582.21 
1970-1979     95        62771.35     14845.26     77616.61 
1970-1979     96        42486.11      9457.17     51943.28 
1970-1979     97        27903.70      5814.08     33717.78 
1970-1979     98        17807.95      3439.58     21247.53 
1970-1979     99        11047.76      1968.84     13016.60 
1970-1979    100         6634.23      1082.28      7716.52 
1970-1979    101         3838.19       562.72      4400.91 
1970-1979    102         2148.56       283.59      2432.15 
1970-1979    103         1178.33       144.04      1322.37 
1970-1979    104          602.12        61.63       663.74 
1970-1979    105          289.68        22.15       311.83 
1970-1979    106          138.76         8.24       147.00 
1970-1979    107           65.25         3.39        68.65 
1970-1979    108           27.17         2.00        29.17 
1970-1979    109            8.90         1.47        10.37 
1970-1979    110+           4.91         5.47        10.37 
1980-1989      0      3611551.65   3791730.56   7403282.20 
1980-1989      1      3562981.83   3739001.23   7301983.06 
1980-1989      2      3508170.95   3683953.33   7192124.28 
1980-1989      3      3458151.88   3633608.43   7091760.31 
1980-1989      4      3420260.41   3595378.32   7015638.73 
1980-1989      5      3399798.14   3576013.35   6975811.49 
1980-1989      6      3402679.77   3581588.60   6984268.37 
1980-1989      7      3430159.47   3612460.59   7042620.06 
1980-1989      8      3480938.37   3668354.34   7149292.71 
1980-1989      9      3545420.65   3738430.54   7283851.19 
1980-1989     10      3618065.77   3814407.51   7432473.28 
1980-1989     11      3713434.05   3912200.54   7625634.59 
1980-1989     12      3831848.94   4034468.97   7866317.91 
1980-1989     13      3964411.89   4171361.58   8135773.47 
1980-1989     14      4096153.54   4307944.32   8404097.85 
1980-1989     15      4224698.67   4441795.01   8666493.68 
1980-1989     16      4339579.91   4567098.75   8906678.66 
1980-1989     17      4437447.49   4649020.94   9086468.43 
1980-1989     18      4496745.46   4677377.02   9174122.49 
1980-1989     19      4541310.19   4697362.82   9238673.00 
1980-1989     20      4560438.46   4686657.18   9247095.65 
1980-1989     21      4550225.79   4660978.22   9211204.01 
1980-1989     22      4514861.11   4608568.06   9123429.17 
1980-1989     23      4453332.37   4529792.02   8983124.39 
1980-1989     24      4368729.37   4431897.74   8800627.11 
1980-1989     25      4270282.97   4321755.70   8592038.67 
1980-1989     26      4172253.47   4214988.42   8387241.88 
1980-1989     27      4076804.25   4121862.22   8198666.46 
1980-1989     28      3989580.78   4035318.57   8024899.35 
1980-1989     29      3919008.71   3963913.86   7882922.56 
1980-1989     30      3877432.32   3919516.39   7796948.71 
1980-1989     31      3865802.14   3904607.32   7770409.46 
1980-1989     32      3892602.86   3931419.57   7824022.43 
1980-1989     33      3933478.70   3971782.22   7905260.92 
1980-1989     34      3948071.93   3977787.80   7925859.73 
1980-1989     35      3942568.92   3962250.29   7904819.21 
1980-1989     36      3931807.19   3946693.08   7878500.27 
1980-1989     37      3903586.50   3916965.60   7820552.10 
1980-1989     38      3848990.13   3866062.73   7715052.85 
1980-1989     39      3776971.37   3797462.03   7574433.40 
1980-1989     40      3697193.71   3725818.11   7423011.83 
1980-1989     41      3607570.94   3640067.57   7247638.51 
1980-1989     42      3490332.81   3524066.98   7014399.79 
1980-1989     43      3368670.84   3402329.90   6771000.74 
1980-1989     44      3285493.38   3316818.89   6602312.27 
1980-1989     45      3223160.82   3252388.40   6475549.21 
1980-1989     46      3161674.58   3184668.45   6346343.03 
1980-1989     47      3117147.51   3132162.73   6249310.25 
1980-1989     48      3103625.02   3110730.67   6214355.69 
1980-1989     49      3110928.96   3109051.08   6219980.04 
1980-1989     50      3114708.84   3102954.63   6217663.47 
1980-1989     51      3111593.03   3087447.19   6199040.22 
1980-1989     52      3107798.48   3071880.04   6179678.52 
1980-1989     53      3110355.17   3060138.64   6170493.81 
1980-1989     54      3120432.70   3054743.43   6175176.12 
1980-1989     55      3138445.59   3052181.94   6190627.53 
1980-1989     56      3161982.58   3051298.02   6213280.60 
1980-1989     57      3190218.12   3051327.96   6241546.08 
1980-1989     58      3225684.52   3053193.43   6278877.95 
1980-1989     59      3270336.91   3060592.17   6330929.08 
1980-1989     60      3291925.17   3046815.95   6338741.12 
1980-1989     61      3255435.25   2976650.78   6232086.03 
1980-1989     62      3188371.31   2874735.01   6063106.33 
1980-1989     63      3131376.23   2780869.00   5912245.23 
1980-1989     64      3091048.90   2699746.00   5790794.90 
1980-1989     65      3062548.21   2626903.43   5689451.63 
1980-1989     66      3035566.96   2557657.99   5593224.95 
1980-1989     67      2993929.47   2476475.76   5470405.23 
1980-1989     68      2928867.35   2372704.54   5301571.88 
1980-1989     69      2842116.07   2250032.00   5092148.07 
1980-1989     70      2766233.70   2136780.88   4903014.58 
1980-1989     71      2736482.19   2060282.09   4796764.28 
1980-1989     72      2719170.11   1990574.96   4709745.07 
1980-1989     73      2672727.79   1895846.38   4568574.17 
1980-1989     74      2593885.54   1776231.52   4370117.06 
1980-1989     75      2490156.86   1639255.95   4129412.81 
1980-1989     76      2369496.80   1496671.47   3866168.26 
1980-1989     77      2240675.94   1351495.37   3592171.31 
1980-1989     78      2105646.53   1207590.93   3313237.46 
1980-1989     79      1963512.64   1066538.24   3030050.88 
1980-1989     80      1805676.93    921171.12   2726848.05 
1980-1989     81      1643128.64    786831.67   2429960.31 
1980-1989     82      1478736.67    662624.31   2141360.98 
1980-1989     83      1317116.02    551052.23   1868168.26 
1980-1989     84      1159372.48    452419.82   1611792.30 
1980-1989     85      1006463.17    365945.66   1372408.83 
1980-1989     86       861012.14    291624.30   1152636.44 
1980-1989     87       725939.78    229480.91    955420.69 
1980-1989     88       603121.95    178195.70    781317.66 
1980-1989     89       491872.63    136182.76    628055.38 
1980-1989     90       392959.99    102562.72    495522.72 
1980-1989     91       309255.21     76446.20    385701.41 
1980-1989     92       238356.24     55848.10    294204.34 
1980-1989     93       179179.04     39783.68    218962.72 
1980-1989     94       131508.13     27586.05    159094.18 
1980-1989     95        94175.25     18582.02    112757.27 
1980-1989     96        65880.10     12227.66     78107.76 
1980-1989     97        44875.87      7839.54     52715.41 
1980-1989     98        29869.90      4908.17     34778.06 
1980-1989     99        19449.08      2988.38     22437.46 
1980-1989    100        12170.20      1743.67     13913.88 
1980-1989    101         7278.81       968.02      8246.83 
1980-1989    102         4194.60       524.94      4719.53 
1980-1989    103         2366.26       278.91      2645.16 
1980-1989    104         1301.01       144.68      1445.68 
1980-1989    105          663.82        74.42       738.24 
1980-1989    106          325.59        34.55       360.14 
1980-1989    107          158.81        15.82       174.63 
1980-1989    108           61.34         6.90        68.24 
1980-1989    109           17.77         1.37        19.15 
1980-1989    110+           9.93         0.00         9.93 
1990-1999      0      3638947.05   3821376.38   7460323.42 
1990-1999      1      3665705.52   3844240.90   7509946.42 
1990-1999      2      3692489.13   3870037.45   7562526.58 
1990-1999      3      3712945.66   3890276.29   7603221.95 
1990-1999      4      3726462.32   3902238.04   7628700.36 
1990-1999      5      3728889.60   3907067.78   7635957.37 
1990-1999      6      3723092.43   3898055.41   7621147.84 
1990-1999      7      3704266.14   3878488.62   7582754.76 
1990-1999      8      3680261.16   3854220.79   7534481.95 
1990-1999      9      3657096.99   3828060.28   7485157.27 
1990-1999     10      3633253.84   3804373.70   7437627.54 
1990-1999     11      3603026.85   3772745.30   7375772.15 
1990-1999     12      3552372.84   3719913.37   7272286.22 
1990-1999     13      3503024.82   3667127.31   7170152.14 
1990-1999     14      3465187.63   3627012.10   7092199.73 
1990-1999     15      3447608.14   3604883.44   7052491.58 
1990-1999     16      3451630.61   3607766.97   7059397.58 
1990-1999     17      3481707.14   3632447.74   7114154.87 
1990-1999     18      3518969.59   3637867.13   7156836.73 
1990-1999     19      3626966.45   3661341.27   7288307.72 
1990-1999     20      3703590.23   3799437.01   7503027.24 
1990-1999     21      3813287.04   3890043.37   7703330.42 
1990-1999     22      3949243.23   4005867.54   7955110.76 
1990-1999     23      4092705.14   4126574.62   8219279.75 
1990-1999     24      4230174.32   4241667.81   8471842.13 
1990-1999     25      4362921.48   4356830.81   8719752.29 
1990-1999     26      4476400.65   4453753.85   8930154.50 
1990-1999     27      4557154.02   4520437.37   9077591.40 
1990-1999     28      4598953.79   4553724.52   9152678.30 
1990-1999     29      4611269.23   4564989.83   9176259.06 
1990-1999     30      4601571.82   4554665.23   9156237.05 
1990-1999     31      4571929.27   4521201.86   9093131.13 
1990-1999     32      4524602.45   4466124.62   8990727.07 
1990-1999     33      4457320.28   4396174.70   8853494.98 
1990-1999     34      4370749.22   4309234.70   8679983.92 
1990-1999     35      4270322.68   4213099.19   8483421.87 
1990-1999     36      4177322.61   4121047.46   8298370.08 
1990-1999     37      4088207.86   4035762.02   8123969.88 
1990-1999     38      4008146.41   3958095.19   7966241.59 
1990-1999     39      3946980.90   3899998.55   7846979.45 
1990-1999     40      3906666.16   3863693.14   7770359.30 
1990-1999     41      3893834.06   3853879.40   7747713.46 
1990-1999     42      3914892.10   3877228.23   7792120.32 
1990-1999     43      3946732.65   3911930.90   7858663.55 
1990-1999     44      3948582.11   3916065.96   7864648.07 
1990-1999     45      3924326.71   3894038.80   7818365.51 
1990-1999     46      3900547.96   3871667.93   7772215.89 
1990-1999     47      3862613.63   3836467.09   7699080.72 
1990-1999     48      3802163.43   3776692.17   7578855.60 
1990-1999     49      3723689.12   3698153.65   7421842.77 
1990-1999     50      3637622.57   3611261.09   7248883.67 
1990-1999     51      3542279.98   3514434.13   7056714.11 
1990-1999     52      3420701.88   3391428.79   6812130.67 
1990-1999     53      3296110.67   3263944.39   6560055.06 
1990-1999     54      3205805.04   3169669.69   6375474.73 
1990-1999     55      3133747.57   3092351.15   6226098.71 
1990-1999     56      3064312.44   3013671.61   6077984.05 
1990-1999     57      3008565.58   2948874.95   5957440.53 
1990-1999     58      2981040.98   2911232.95   5892273.93 
1990-1999     59      2972210.18   2887777.92   5859988.10 
1990-1999     60      2961989.92   2854478.24   5816468.17 
1990-1999     61      2943386.58   2810516.58   5753903.15 
1990-1999     62      2920155.92   2759814.47   5679970.39 
1990-1999     63      2902341.17   2711884.43   5614225.61 
1990-1999     64      2890359.80   2667008.86   5557368.66 
1990-1999     65      2880608.31   2621527.67   5502135.99 
1990-1999     66      2874179.01   2572742.12   5446921.12 
1990-1999     67      2868762.41   2520376.71   5389139.12 
1990-1999     68      2866696.33   2467787.96   5334484.29 
1990-1999     69      2868655.87   2416523.76   5285179.64 
1990-1999     70      2847541.05   2343569.13   5191110.18 
1990-1999     71      2772545.82   2225647.05   4998192.88 
1990-1999     72      2671037.55   2085534.06   4756571.61 
1990-1999     73      2578105.27   1954644.34   4532749.61 
1990-1999     74      2496222.24   1832883.17   4329105.41 
1990-1999     75      2420661.21   1716321.34   4136982.55 
1990-1999     76      2339736.73   1600923.26   3940660.00 
1990-1999     77      2242856.33   1477901.00   3720757.34 
1990-1999     78      2127171.79   1346306.99   3473478.78 
1990-1999     79      1993856.53   1208133.87   3201990.40 
1990-1999     80      1851949.80   1060735.05   2912684.86 
1990-1999     81      1762610.77    960502.74   2723113.50 
1990-1999     82      1671111.74    864188.18   2535299.91 
1990-1999     83      1556038.96    760279.34   2316318.30 
1990-1999     84      1421074.54    652870.52   2073945.06 
1990-1999     85      1274640.33    548715.12   1823355.45 
1990-1999     86      1124100.08    452500.40   1576600.48 
1990-1999     87       976542.04    365985.66   1342527.70 
1990-1999     88       835242.91    290083.77   1125326.68 
1990-1999     89       701670.15    225135.10    926805.25 
1990-1999     90       576231.78    170149.88    746381.67 
1990-1999     91       462071.48    125298.43    587369.91 
1990-1999     92       361879.60     89855.22    451734.82 
1990-1999     93       276768.58     62644.43    339413.01 
1990-1999     94       206421.20     42631.29    249052.49 
1990-1999     95       149761.82     28211.62    177973.44 
1990-1999     96       105702.41     18192.22    123894.63 
1990-1999     97        72402.50     11434.45     83836.95 
1990-1999     98        48438.86      7033.49     55472.35 
1990-1999     99        31559.02      4211.66     35770.69 
1990-1999    100        19716.89      2415.07     22131.97 
1990-1999    101        12002.88      1371.85     13374.74 
1990-1999    102         7106.11       746.36      7852.46 
1990-1999    103         4084.41       393.48      4477.89 
1990-1999    104         2273.22       206.79      2480.01 
1990-1999    105         1218.75       106.94      1325.68 
1990-1999    106          625.47        54.34       679.81 
1990-1999    107          308.96        26.44       335.41 
1990-1999    108          150.96        11.33       162.29 
1990-1999    109           69.01         3.00        72.01 
1990-1999    110+          61.60         0.00        61.60 
2000-2009      0      3503188.65   3678658.18   7181846.82 
2000-2009      1      3461279.99   3633046.65   7094326.63 
2000-2009      2      3435546.13   3605299.34   7040845.47 
2000-2009      3      3424562.20   3593701.75   7018263.95 
2000-2009      4      3425317.28   3596155.73   7021473.01 
2000-2009      5      3439212.88   3612210.44   7051423.32 
2000-2009      6      3469590.64   3644138.54   7113729.18 
2000-2009      7      3517911.52   3693087.46   7210998.98 
2000-2009      8      3579987.61   3757276.54   7337264.15 
2000-2009      9      3641694.65   3820572.19   7462266.85 
2000-2009     10      3689452.21   3873267.72   7562719.93 
2000-2009     11      3727156.57   3913389.57   7640546.14 
2000-2009     12      3752981.44   3940656.26   7693637.70 
2000-2009     13      3768619.09   3953740.15   7722359.23 
2000-2009     14      3776514.03   3954993.65   7731507.68 
2000-2009     15      3785869.48   3960836.63   7746706.11 
2000-2009     16      3785825.60   3955151.05   7740976.65 
2000-2009     17      3778048.46   3939620.00   7717668.46 
2000-2009     18      3770148.80   3916368.76   7686517.56 
2000-2009     19      3802425.56   3903976.01   7706401.57 
2000-2009     20      3825030.01   3892087.58   7717117.59 
2000-2009     21      3846376.25   3874836.48   7721212.73 
2000-2009     22      3866942.85   3862206.38   7729149.22 
2000-2009     23      3878322.84   3860466.13   7738788.97 
2000-2009     24      3894591.07   3867276.35   7761867.42 
2000-2009     25      3895527.24   3866290.27   7761817.50 
2000-2009     26      3914087.65   3883538.62   7797626.27 
2000-2009     27      3949753.13   3924683.78   7874436.91 
2000-2009     28      4000743.21   3982332.38   7983075.59 
2000-2009     29      4054905.65   4039955.34   8094860.99 
2000-2009     30      4106175.54   4077431.48   8183607.02 
2000-2009     31      4174540.64   4133028.56   8307569.20 
2000-2009     32      4268671.07   4213671.82   8482342.89 
2000-2009     33      4372293.23   4306245.91   8678539.14 
2000-2009     34      4472468.35   4397149.54   8869617.89 
2000-2009     35      4558959.41   4481634.76   9040594.18 
2000-2009     36      4629487.52   4549272.97   9178760.50 
2000-2009     37      4673875.23   4591204.29   9265079.52 
2000-2009     38      4688454.91   4603892.65   9292347.56 
2000-2009     39      4677863.61   4594261.51   9272125.12 
2000-2009     40      4647286.89   4561981.73   9209268.62 
2000-2009     41      4601963.98   4516177.11   9118141.09 
2000-2009     42      4542950.13   4456985.73   8999935.86 
2000-2009     43      4468625.94   4383360.73   8851986.67 
2000-2009     44      4377996.02   4297073.67   8675069.69 
2000-2009     45      4274753.35   4199256.86   8474010.20 
2000-2009     46      4172370.54   4101846.29   8274216.84 
2000-2009     47      4075104.13   4008826.65   8083930.78 
2000-2009     48      3986294.38   3922038.62   7908333.00 
2000-2009     49      3914958.81   3850091.37   7765050.18 
2000-2009     50      3864130.17   3799214.27   7663344.44 
2000-2009     51      3839341.40   3773680.71   7613022.12 
2000-2009     52      3846582.23   3779981.27   7626563.50 
2000-2009     53      3863228.88   3795374.67   7658603.55 
2000-2009     54      3851759.91   3782918.63   7634678.54 
2000-2009     55      3824749.43   3751186.26   7575935.69 
2000-2009     56      3789874.91   3711126.59   7501001.50 
2000-2009     57      3740800.95   3656773.40   7397574.35 
2000-2009     58      3672163.45   3581515.62   7253679.06 
2000-2009     59      3585928.81   3489028.65   7074957.46 
2000-2009     60      3493163.94   3386191.19   6879355.13 
2000-2009     61      3388285.77   3271839.58   6660125.36 
2000-2009     62      3257477.87   3131752.36   6389230.23 
2000-2009     63      3121541.27   2985026.41   6106567.68 
2000-2009     64      3018550.69   2868152.76   5886703.45 
2000-2009     65      2934245.56   2767378.96   5701624.53 
2000-2009     66      2848674.53   2662193.08   5510867.61 
2000-2009     67      2774799.08   2567870.88   5342669.96 
2000-2009     68      2726500.54   2494665.45   5221165.99 
2000-2009     69      2692165.09   2430751.62   5122916.71 
2000-2009     70      2652339.43   2358240.67   5010580.10 
2000-2009     71      2600150.39   2271789.41   4871939.80 
2000-2009     72      2541969.01   2177910.31   4719879.33 
2000-2009     73      2483707.55   2083324.50   4567032.05 
2000-2009     74      2426061.36   1987533.70   4413595.05 
2000-2009     75      2367051.78   1888993.30   4256045.08 
2000-2009     76      2306200.22   1787828.62   4094028.85 
2000-2009     77      2243090.66   1683479.61   3926570.27 
2000-2009     78      2177871.68   1577594.69   3755466.37 
2000-2009     79      2110646.80   1471871.75   3582518.55 
2000-2009     80      2025272.24   1353730.64   3379002.88 
2000-2009     81      1888651.33   1210197.70   3098849.02 
2000-2009     82      1740498.33   1065454.50   2805952.83 
2000-2009     83      1600613.17    932206.03   2532819.20 
2000-2009     84      1468345.40    810055.57   2278400.97 
2000-2009     85      1337784.00    696526.89   2034310.89 
2000-2009     86      1206679.00    590731.18   1797410.17 
2000-2009     87      1070170.35    491432.31   1561602.66 
2000-2009     88       929286.21    399255.23   1328541.43 
2000-2009     89       785433.66    314032.14   1099465.81 
2000-2009     90       658372.26    243755.76    902128.02 
2000-2009     91       555904.14    190608.01    746512.15 
2000-2009     92       461594.77    146419.70    608014.47 
2000-2009     93       370528.86    108317.36    478846.22 
2000-2009     94       286959.24     77161.43    364120.67 
2000-2009     95       214658.88     52800.67    267459.55 
2000-2009     96       155628.94     34810.57    190439.51 
2000-2009     97       109663.38     22134.63    131798.02 
2000-2009     98        74962.34     13536.96     88499.29 
2000-2009     99        49645.48      8078.30     57723.79 
2000-2009    100        31649.46      4617.50     36266.96 
2000-2009    101        19408.41      2514.63     21923.03 
2000-2009    102        11366.77      1308.69     12675.47 
2000-2009    103         6385.40       666.91      7052.31 
2000-2009    104         3461.85       340.74      3802.59 
2000-2009    105         1819.88       161.13      1981.01 
2000-2009    106          923.57        70.66       994.23 
2000-2009    107          463.12        36.36       499.49 
2000-2009    108          231.95        20.26       252.21 
2000-2009    109          102.32         9.57       111.89 
2000-2009    110+          54.08         2.62        56.70 
2010-2013      0      1559173.99   1637999.83   3197173.83 
2010-2013      1      1559247.23   1635198.50   3194445.73 
2010-2013      2      1549515.41   1623333.98   3172849.39 
2010-2013      3      1531739.77   1604750.32   3136490.09 
2010-2013      4      1509683.72   1582274.19   3091957.91 
2010-2013      5      1479654.02   1551000.60   3030654.62 
2010-2013      6      1440924.31   1511056.81   2951981.12 
2010-2013      7      1401641.06   1470164.65   2871805.71 
2010-2013      8      1369660.35   1436870.51   2806530.86 
2010-2013      9      1354103.62   1420179.39   2774283.01 
2010-2013     10      1357956.38   1424524.65   2782481.03 
2010-2013     11      1379469.07   1447064.59   2826533.66 
2010-2013     12      1411646.87   1480671.52   2892318.39 
2010-2013     13      1443334.15   1515981.01   2959315.16 
2010-2013     14      1466741.47   1543767.37   3010508.83 
2010-2013     15      1485095.09   1566209.96   3051305.04 
2010-2013     16      1503345.00   1586982.61   3090327.61 
2010-2013     17      1526598.30   1608188.73   3134787.03 
2010-2013     18      1567639.14   1637828.33   3205467.47 
2010-2013     19      1620050.77   1680205.47   3300256.25 
2010-2013     20      1655361.61   1711790.73   3367152.34 
2010-2013     21      1680736.64   1732029.11   3412765.75 
2010-2013     22      1703990.37   1740685.60   3444675.97 
2010-2013     23      1717101.15   1734708.66   3451809.80 
2010-2013     24      1727227.76   1729682.04   3456909.80 
2010-2013     25      1730344.40   1727017.96   3457362.36 
2010-2013     26      1728072.29   1722333.24   3450405.53 
2010-2013     27      1727490.96   1718481.64   3445972.60 
2010-2013     28      1731874.47   1716013.62   3447888.09 
2010-2013     29      1739594.76   1721227.42   3460822.18 
2010-2013     30      1742242.05   1722596.67   3464838.72 
2010-2013     31      1727357.02   1711951.53   3439308.55 
2010-2013     32      1689615.47   1679159.06   3368774.53 
2010-2013     33      1640773.07   1634347.28   3275120.35 
2010-2013     34      1602374.33   1596224.84   3198599.17 
2010-2013     35      1587460.63   1578437.10   3165897.73 
2010-2013     36      1604331.37   1590196.97   3194528.34 
2010-2013     37      1644984.61   1625417.47   3270402.09 
2010-2013     38      1699218.86   1675045.66   3374264.52 
2010-2013     39      1755139.89   1727566.51   3482706.39 
2010-2013     40      1804224.36   1768821.78   3573046.14 
2010-2013     41      1839723.02   1797429.33   3637152.35 
2010-2013     42      1861378.34   1815180.07   3676558.41 
2010-2013     43      1874060.45   1828102.25   3702162.70 
2010-2013     44      1888109.91   1841072.16   3729182.07 
2010-2013     45      1900361.77   1852530.02   3752891.79 
2010-2013     46      1904700.12   1855794.25   3760494.36 
2010-2013     47      1897282.36   1848127.71   3745410.07 
2010-2013     48      1874558.21   1828854.90   3703413.11 
2010-2013     49      1835549.36   1796202.96   3631752.32 
2010-2013     50      1786029.14   1751518.38   3537547.52 
2010-2013     51      1734744.13   1703594.68   3438338.81 
2010-2013     52      1685056.45   1655061.88   3340118.33 
2010-2013     53      1636930.01   1607534.35   3244464.36 
2010-2013     54      1590352.14   1560285.30   3150637.44 
2010-2013     55      1545363.31   1514498.21   3059861.53 
2010-2013     56      1506717.10   1474173.42   2980890.53 
2010-2013     57      1476909.61   1442453.81   2919363.42 
2010-2013     58      1456510.95   1417965.62   2874476.57 
2010-2013     59      1446915.27   1403540.86   2850456.13 
2010-2013     60      1447627.37   1400095.24   2847722.61 
2010-2013     61      1464642.01   1412464.33   2877106.34 
2010-2013     62      1507542.92   1450210.49   2957753.41 
2010-2013     63      1546289.42   1484925.89   3031215.31 
2010-2013     64      1536547.35   1472212.86   3008760.21 
2010-2013     65      1484855.93   1417867.02   2902722.96 
2010-2013     66      1405603.56   1336785.54   2742389.10 
2010-2013     67      1313283.85   1240699.13   2553982.98 
2010-2013     68      1236519.92   1157722.85   2394242.77 
2010-2013     69      1170558.48   1084092.28   2254650.76 
2010-2013     70      1109787.59   1015645.76   2125433.34 
2010-2013     71      1066779.93    964843.81   2031623.74 
2010-2013     72      1043033.70    933878.83   1976912.53 
2010-2013     73      1027059.81    910303.04   1937362.85 
2010-2013     74      1003354.15    878076.57   1881430.71 
2010-2013     75       968506.91    834330.67   1802837.59 
2010-2013     76       929076.87    784764.94   1713841.81 
2010-2013     77       890623.08    735705.76   1626328.84 
2010-2013     78       857058.16    690232.31   1547290.47 
2010-2013     79       827362.44    647017.05   1474379.49 
2010-2013     80       797568.74    603076.53   1400645.27 
2010-2013     81       761391.92    555441.61   1316833.53 
2010-2013     82       716404.91    503210.66   1219615.58 
2010-2013     83       666902.21    450844.25   1117746.46 
2010-2013     84       616426.63    399926.57   1016353.21 
2010-2013     85       567473.10    351672.01    919145.10 
2010-2013     86       520964.23    306113.88    827078.10 
2010-2013     87       475304.42    262973.84    738278.27 
2010-2013     88       431482.38    223641.12    655123.49 
2010-2013     89       392384.51    190019.57    582404.08 
2010-2013     90       341425.40    154334.68    495760.08 
2010-2013     91       275644.00    116110.80    391754.80 
2010-2013     92       211975.23     82711.48    294686.71 
2010-2013     93       156953.10     56265.28    213218.39 
2010-2013     94       118139.27     38725.76    156865.04 
2010-2013     95        93490.32     28120.45    121610.77 
2010-2013     96        73668.62     20299.19     93967.81 
2010-2013     97        55242.53     13848.35     69090.88 
2010-2013     98        39202.76      8871.98     48074.75 
2010-2013     99        26482.38      5406.50     31888.88 
2010-2013    100        17010.24      3108.98     20119.22 
2010-2013    101        10623.38      1719.29     12342.68 
2010-2013    102         6450.10       921.89      7371.99 
2010-2013    103         3786.09       497.31      4283.41 
2010-2013    104         2131.06       255.92      2386.98 
2010-2013    105         1142.60       117.97      1260.57 
2010-2013    106          587.93        58.39       646.32 
2010-2013    107          303.37        31.66       335.03 
2010-2013    108          146.90        13.34       160.25 
2010-2013    109           66.00         6.29        72.28 
2010-2013    110+          42.74         3.59        46.33 
