Greece, Exposure to risk (period 1x10)     Last modified: 25-Sep-2015, MPv5 (May07)

   Year      Age       Female          Male         Total
1981-1989      0       542700.89    581256.23   1123957.12 
1981-1989      1       570865.88    609868.93   1180734.81 
1981-1989      2       591653.18    630732.22   1222385.41 
1981-1989      3       609741.54    649032.28   1258773.82 
1981-1989      4       626093.52    665050.74   1291144.27 
1981-1989      5       640122.16    679443.93   1319566.09 
1981-1989      6       651112.64    690372.26   1341484.90 
1981-1989      7       657699.19    696174.48   1353873.67 
1981-1989      8       660162.69    698052.95   1358215.64 
1981-1989      9       659907.12    696206.84   1356113.96 
1981-1989     10       660615.93    695833.50   1356449.43 
1981-1989     11       664089.60    699084.64   1363174.24 
1981-1989     12       669273.71    704754.56   1374028.28 
1981-1989     13       675222.46    711157.51   1386379.96 
1981-1989     14       678940.05    714557.49   1393497.54 
1981-1989     15       679284.43    714718.89   1394003.32 
1981-1989     16       678545.36    712861.55   1391406.91 
1981-1989     17       676524.63    707739.82   1384264.45 
1981-1989     18       673609.57    698287.43   1371897.00 
1981-1989     19       670125.32    689260.04   1359385.37 
1981-1989     20       666954.96    683015.27   1349970.24 
1981-1989     21       662589.90    674674.64   1337264.53 
1981-1989     22       654582.91    662483.01   1317065.92 
1981-1989     23       647938.01    650800.21   1298738.21 
1981-1989     24       644205.47    641508.98   1285714.45 
1981-1989     25       641991.43    634905.28   1276896.70 
1981-1989     26       640219.26    631111.66   1271330.92 
1981-1989     27       636080.13    626867.02   1262947.15 
1981-1989     28       631275.81    622428.96   1253704.77 
1981-1989     29       626173.04    618446.65   1244619.69 
1981-1989     30       618921.25    613316.40   1232237.65 
1981-1989     31       609145.37    605155.52   1214300.89 
1981-1989     32       601795.41    597438.49   1199233.90 
1981-1989     33       600107.58    594609.99   1194717.57 
1981-1989     34       599848.23    593727.71   1193575.94 
1981-1989     35       599710.63    592097.99   1191808.62 
1981-1989     36       597224.42    587774.43   1184998.85 
1981-1989     37       586286.20    576768.92   1163055.12 
1981-1989     38       570942.70    560734.45   1131677.15 
1981-1989     39       559619.85    547085.05   1106704.89 
1981-1989     40       559326.26    543664.92   1102991.18 
1981-1989     41       563325.51    545350.89   1108676.40 
1981-1989     42       562023.17    542278.79   1104301.96 
1981-1989     43       558399.63    535314.58   1093714.21 
1981-1989     44       556798.64    530098.88   1086897.52 
1981-1989     45       562940.01    533420.14   1096360.15 
1981-1989     46       577847.55    546315.20   1124162.74 
1981-1989     47       594262.68    562071.56   1156334.24 
1981-1989     48       607621.01    577006.98   1184627.99 
1981-1989     49       609648.47    585181.61   1194830.09 
1981-1989     50       610382.76    589129.73   1199512.49 
1981-1989     51       614584.70    593081.51   1207666.21 
1981-1989     52       614707.12    594059.30   1208766.42 
1981-1989     53       614055.01    593140.17   1207195.18 
1981-1989     54       608056.66    587691.29   1195747.95 
1981-1989     55       600717.87    577377.30   1178095.17 
1981-1989     56       588866.03    560779.41   1149645.44 
1981-1989     57       571617.42    540837.39   1112454.81 
1981-1989     58       554421.80    516927.50   1071349.29 
1981-1989     59       533027.12    491503.07   1024530.19 
1981-1989     60       512650.82    469156.58    981807.40 
1981-1989     61       488168.45    441690.87    929859.32 
1981-1989     62       461225.06    411153.88    872378.94 
1981-1989     63       438869.00    383691.09    822560.10 
1981-1989     64       415089.81    359057.80    774147.61 
1981-1989     65       400722.46    344425.82    745148.28 
1981-1989     66       395190.73    337312.97    732503.70 
1981-1989     67       387540.77    330762.35    718303.12 
1981-1989     68       384888.23    324498.71    709386.94 
1981-1989     69       383166.33    317249.27    700415.60 
1981-1989     70       382204.71    311168.94    693373.65 
1981-1989     71       376557.02    304835.10    681392.12 
1981-1989     72       362349.62    295342.95    657692.57 
1981-1989     73       350582.37    284675.24    635257.61 
1981-1989     74       335652.44    270650.20    606302.64 
1981-1989     75       320315.14    254025.50    574340.65 
1981-1989     76       304693.11    237790.77    542483.88 
1981-1989     77       279805.72    218776.07    498581.79 
1981-1989     78       252877.09    198384.38    451261.47 
1981-1989     79       231510.40    178871.71    410382.11 
1981-1989     80       216083.88    159155.51    375239.38 
1981-1989     81       196839.76    140196.56    337036.32 
1981-1989     82       175501.72    122266.01    297767.74 
1981-1989     83       153510.74    105199.93    258710.67 
1981-1989     84       132567.76     89203.58    221771.33 
1981-1989     85       113178.69     74335.03    187513.72 
1981-1989     86        95579.55     60785.96    156365.50 
1981-1989     87        79257.47     48959.05    128216.52 
1981-1989     88        64152.23     39132.18    103284.40 
1981-1989     89        50415.86     30910.92     81326.78 
1981-1989     90        39635.14     23977.31     63612.45 
1981-1989     91        31934.69     18443.47     50378.16 
1981-1989     92        25345.70     14073.26     39418.97 
1981-1989     93        19483.13     10595.92     30079.05 
1981-1989     94        14821.96      7939.74     22761.70 
1981-1989     95        11404.39      5931.62     17336.02 
1981-1989     96         8805.42      4410.80     13216.23 
1981-1989     97         6671.62      3233.82      9905.44 
1981-1989     98         4894.84      2309.84      7204.68 
1981-1989     99         3344.91      1535.33      4880.24 
1981-1989    100         2175.83       968.79      3144.62 
1981-1989    101         1473.82       641.96      2115.78 
1981-1989    102         1000.10       418.55      1418.65 
1981-1989    103          660.35       266.39       926.74 
1981-1989    104          420.04       165.76       585.80 
1981-1989    105          260.40       100.05       360.45 
1981-1989    106          160.99        58.14       219.13 
1981-1989    107           97.08        32.24       129.33 
1981-1989    108           55.76        16.25        72.01 
1981-1989    109           30.26         6.52        36.78 
1981-1989    110+          20.53         1.42        21.95 
1990-1999      0       496937.16    527293.96   1024231.11 
1990-1999      1       504005.47    533024.31   1037029.77 
1990-1999      2       511239.50    539230.52   1050470.02 
1990-1999      3       520351.55    548021.66   1068373.21 
1990-1999      4       532309.92    560082.02   1092391.94 
1990-1999      5       546720.49    574751.61   1121472.10 
1990-1999      6       563370.38    592879.87   1156250.25 
1990-1999      7       582751.63    614016.37   1196768.00 
1990-1999      8       603484.05    636520.43   1240004.48 
1990-1999      9       625972.66    662528.24   1288500.90 
1990-1999     10       647693.88    688040.91   1335734.78 
1990-1999     11       667604.56    711497.40   1379101.96 
1990-1999     12       686623.20    733687.90   1420311.10 
1990-1999     13       705197.93    754400.28   1459598.21 
1990-1999     14       722222.33    772803.10   1495025.43 
1990-1999     15       738037.96    788202.05   1526240.01 
1990-1999     16       749506.93    797808.63   1547315.56 
1990-1999     17       756506.49    802175.02   1558681.52 
1990-1999     18       761203.83    806400.17   1567604.00 
1990-1999     19       764649.53    810529.67   1575179.19 
1990-1999     20       769498.94    812753.33   1582252.26 
1990-1999     21       776117.27    814720.24   1590837.51 
1990-1999     22       785052.85    818299.24   1603352.10 
1990-1999     23       790929.80    818720.81   1609650.61 
1990-1999     24       793212.66    815834.95   1609047.61 
1990-1999     25       793163.32    810757.97   1603921.29 
1990-1999     26       790759.14    803147.60   1593906.74 
1990-1999     27       788159.08    795274.69   1583433.77 
1990-1999     28       785010.79    787073.30   1572084.09 
1990-1999     29       781455.23    779136.09   1560591.32 
1990-1999     30       777255.60    771454.72   1548710.33 
1990-1999     31       771034.92    762821.76   1533856.67 
1990-1999     32       762513.98    752998.59   1515512.57 
1990-1999     33       754757.80    743900.35   1498658.15 
1990-1999     34       750600.58    738239.87   1488840.45 
1990-1999     35       746585.40    734060.79   1480646.19 
1990-1999     36       739412.22    728370.02   1467782.23 
1990-1999     37       731956.20    722724.01   1454680.22 
1990-1999     38       725077.95    718617.24   1443695.19 
1990-1999     39       716311.05    712776.22   1429087.27 
1990-1999     40       704765.33    702629.49   1407394.82 
1990-1999     41       692974.71    691958.14   1384932.85 
1990-1999     42       687060.06    686541.11   1373601.17 
1990-1999     43       685021.84    685733.94   1370755.78 
1990-1999     44       683176.60    683855.21   1367031.81 
1990-1999     45       678148.30    677207.66   1355355.97 
1990-1999     46       664424.16    663252.80   1327676.97 
1990-1999     47       647050.28    645507.39   1292557.67 
1990-1999     48       631174.23    627566.80   1258741.03 
1990-1999     49       625664.18    617946.04   1243610.22 
1990-1999     50       628688.28    616856.14   1245544.42 
1990-1999     51       625645.18    611794.59   1237439.77 
1990-1999     52       622850.80    605979.15   1228829.95 
1990-1999     53       620261.07    600079.19   1220340.26 
1990-1999     54       624441.22    599382.53   1223823.75 
1990-1999     55       632243.70    604083.93   1236327.63 
1990-1999     56       642210.70    612288.63   1254499.32 
1990-1999     57       654874.35    620881.77   1275756.13 
1990-1999     58       666366.99    629850.34   1296217.33 
1990-1999     59       672952.56    634627.66   1307580.22 
1990-1999     60       675069.92    633773.68   1308843.59 
1990-1999     61       674627.20    630586.70   1305213.90 
1990-1999     62       671089.75    624155.19   1295244.94 
1990-1999     63       663475.51    614513.83   1277989.34 
1990-1999     64       656114.45    601988.04   1258102.49 
1990-1999     65       642647.73    580646.90   1223294.63 
1990-1999     66       618872.34    552352.66   1171224.99 
1990-1999     67       593760.87    522367.89   1116128.77 
1990-1999     68       568676.34    492031.48   1060707.82 
1990-1999     69       540182.26    459842.14   1000024.41 
1990-1999     70       510302.48    425608.51    935911.00 
1990-1999     71       479698.69    391624.01    871322.70 
1990-1999     72       450227.10    359219.79    809446.89 
1990-1999     73       417552.92    327365.40    744918.32 
1990-1999     74       389023.84    300387.68    689411.52 
1990-1999     75       368863.60    281032.78    649896.39 
1990-1999     76       348982.85    263329.65    612312.50 
1990-1999     77       333049.78    247688.73    580738.52 
1990-1999     78       319063.66    232074.98    551138.65 
1990-1999     79       300157.05    214908.37    515065.42 
1990-1999     80       290302.60    200376.73    490679.32 
1990-1999     81       269857.87    184804.39    454662.26 
1990-1999     82       247960.85    168647.52    416608.37 
1990-1999     83       224720.09    151447.84    376167.92 
1990-1999     84       200450.97    133369.75    333820.72 
1990-1999     85       175610.81    115061.50    290672.31 
1990-1999     86       150808.74     97665.77    248474.51 
1990-1999     87       126679.32     81134.78    207814.10 
1990-1999     88       104645.66     65915.24    170560.90 
1990-1999     89        85573.01     52536.83    138109.84 
1990-1999     90        68644.34     40973.65    109617.99 
1990-1999     91        53864.09     31417.82     85281.90 
1990-1999     92        41530.15     23622.16     65152.32 
1990-1999     93        31418.33     17304.33     48722.66 
1990-1999     94        23294.87     12368.87     35663.74 
1990-1999     95        16851.94      8619.50     25471.44 
1990-1999     96        11932.24      5881.59     17813.83 
1990-1999     97         8305.34      3956.30     12261.65 
1990-1999     98         5786.29      2660.62      8446.91 
1990-1999     99         4027.28      1735.79      5763.06 
1990-1999    100         2698.17      1065.27      3763.44 
1990-1999    101         1704.83       642.28      2347.12 
1990-1999    102         1033.70       375.93      1409.63 
1990-1999    103          610.87       213.75       824.62 
1990-1999    104          355.56       117.96       473.52 
1990-1999    105          201.38        62.71       264.09 
1990-1999    106          108.40        31.19       139.59 
1990-1999    107           56.41        13.66        70.06 
1990-1999    108           28.19         4.57        32.76 
1990-1999    109           11.78         1.46        13.25 
1990-1999    110+           5.75         0.21         5.96 
2000-2009      0       522677.02    545999.88   1068676.91 
2000-2009      1       519572.90    542754.10   1062327.00 
2000-2009      2       519338.72    542367.28   1061706.00 
2000-2009      3       519120.01    541364.51   1060484.52 
2000-2009      4       519344.92    541102.08   1060447.00 
2000-2009      5       521959.47    543208.40   1065167.87 
2000-2009      6       525083.20    545383.45   1070466.65 
2000-2009      7       528144.88    548125.04   1076269.93 
2000-2009      8       533044.52    553604.12   1086648.64 
2000-2009      9       540103.08    560820.31   1100923.39 
2000-2009     10       547797.15    568398.06   1116195.22 
2000-2009     11       555706.31    576831.48   1132537.79 
2000-2009     12       564288.12    585806.95   1150095.07 
2000-2009     13       572965.78    595674.10   1168639.89 
2000-2009     14       583315.95    609432.92   1192748.87 
2000-2009     15       595401.40    626735.72   1222137.12 
2000-2009     16       610969.52    649226.82   1260196.34 
2000-2009     17       630949.92    675118.12   1306068.04 
2000-2009     18       654740.67    701299.84   1356040.51 
2000-2009     19       676159.60    725180.80   1401340.41 
2000-2009     20       696874.77    749233.85   1446108.62 
2000-2009     21       716028.28    769608.46   1485636.74 
2000-2009     22       735785.19    790478.72   1526263.91 
2000-2009     23       757096.17    813060.90   1570157.07 
2000-2009     24       776887.72    832124.95   1609012.68 
2000-2009     25       795569.51    848235.05   1643804.56 
2000-2009     26       808986.61    857743.06   1666729.67 
2000-2009     27       817199.97    862044.17   1679244.14 
2000-2009     28       824784.16    866434.76   1691218.92 
2000-2009     29       829458.39    867368.75   1696827.14 
2000-2009     30       834067.94    867308.41   1701376.35 
2000-2009     31       840063.44    868063.26   1708126.70 
2000-2009     32       845937.86    868139.26   1714077.12 
2000-2009     33       849169.10    865803.85   1714972.95 
2000-2009     34       848176.84    861263.67   1709440.52 
2000-2009     35       845128.82    855548.72   1700677.53 
2000-2009     36       841090.49    847585.54   1688676.03 
2000-2009     37       837268.45    839008.45   1676276.90 
2000-2009     38       833028.17    830569.09   1663597.26 
2000-2009     39       826760.92    820370.40   1647131.31 
2000-2009     40       820453.95    810819.63   1631273.58 
2000-2009     41       811379.93    799546.48   1610926.41 
2000-2009     42       799699.27    787139.92   1586839.20 
2000-2009     43       789442.61    775657.17   1565099.78 
2000-2009     44       782210.81    766376.38   1548587.19 
2000-2009     45       773619.57    756840.70   1530460.26 
2000-2009     46       763354.93    747042.59   1510397.52 
2000-2009     47       752192.05    737242.76   1489434.81 
2000-2009     48       740958.02    727660.23   1468618.25 
2000-2009     49       728843.83    716882.13   1445725.96 
2000-2009     50       716221.54    705013.40   1421234.95 
2000-2009     51       705363.93    694107.63   1399471.56 
2000-2009     52       698017.88    686191.77   1384209.65 
2000-2009     53       691647.45    679425.51   1371072.96 
2000-2009     54       683849.93    670069.72   1353919.65 
2000-2009     55       674568.06    658880.45   1333448.51 
2000-2009     56       661560.35    644336.00   1305896.36 
2000-2009     57       647176.91    627778.40   1274955.32 
2000-2009     58       633314.71    611493.23   1244807.93 
2000-2009     59       624375.72    599199.30   1223575.01 
2000-2009     60       620276.04    591254.69   1211530.74 
2000-2009     61       616232.72    582792.53   1199025.25 
2000-2009     62       613901.81    575409.39   1189311.20 
2000-2009     63       611924.10    568239.67   1180163.77 
2000-2009     64       611910.13    562415.34   1174325.47 
2000-2009     65       613951.94    559406.28   1173358.23 
2000-2009     66       619368.76    558580.36   1177949.11 
2000-2009     67       627042.52    558483.13   1185525.64 
2000-2009     68       632947.21    557785.04   1190732.25 
2000-2009     69       634419.41    553436.72   1187856.12 
2000-2009     70       629803.91    543704.86   1173508.77 
2000-2009     71       620352.10    529777.13   1150129.23 
2000-2009     72       606551.47    511710.08   1118261.56 
2000-2009     73       590788.90    491333.22   1082122.12 
2000-2009     74       572630.49    466862.91   1039493.39 
2000-2009     75       546858.65    436374.42    983233.07 
2000-2009     76       514803.63    402512.76    917316.39 
2000-2009     77       481830.12    367925.99    849756.11 
2000-2009     78       446988.18    333700.91    780689.09 
2000-2009     79       411038.52    298922.20    709960.72 
2000-2009     80       377650.74    268327.42    645978.16 
2000-2009     81       339811.40    233859.72    573671.13 
2000-2009     82       303101.91    202608.44    505710.35 
2000-2009     83       267214.49    174636.79    441851.28 
2000-2009     84       234393.14    150218.09    384611.23 
2000-2009     85       206606.36    129806.20    336412.56 
2000-2009     86       181126.26    111457.05    292583.31 
2000-2009     87       156981.97     94528.48    251510.44 
2000-2009     88       134452.59     78969.75    213422.34 
2000-2009     89       113352.05     64808.43    178160.48 
2000-2009     90        93941.83     52605.75    146547.58 
2000-2009     91        76587.77     42244.35    118832.12 
2000-2009     92        60989.38     33240.41     94229.79 
2000-2009     93        47494.88     25428.72     72923.61 
2000-2009     94        36153.29     18761.29     54914.58 
2000-2009     95        26680.03     13397.63     40077.66 
2000-2009     96        19216.26      9352.82     28569.08 
2000-2009     97        13492.25      6291.64     19783.88 
2000-2009     98         9201.06      4113.41     13314.48 
2000-2009     99         6175.45      2633.37      8808.82 
2000-2009    100         4027.40      1634.45      5661.85 
2000-2009    101         2502.97      1000.77      3503.74 
2000-2009    102         1509.05       594.43      2103.48 
2000-2009    103          884.72       341.93      1226.66 
2000-2009    104          501.05       188.72       689.78 
2000-2009    105          272.26        99.32       371.58 
2000-2009    106          141.93        49.52       191.45 
2000-2009    107           70.75        22.19        92.94 
2000-2009    108           32.72         7.51        40.22 
2000-2009    109           12.68         1.50        14.18 
2000-2009    110+           3.02         0.05         3.08 
2010-2013      0       204940.90    216091.88    421032.78 
2010-2013      1       213626.13    224096.13    437722.26 
2010-2013      2       218035.54    227919.88    445955.42 
2010-2013      3       218360.09    227877.03    446237.11 
2010-2013      4       216161.89    225750.45    441912.34 
2010-2013      5       212218.81    222271.92    434490.73 
2010-2013      6       209790.24    220004.33    429794.57 
2010-2013      7       208494.27    218555.28    427049.55 
2010-2013      8       207676.19    217541.87    425218.05 
2010-2013      9       208292.70    217888.76    426181.47 
2010-2013     10       209272.62    218618.70    427891.32 
2010-2013     11       210006.19    219220.17    429226.36 
2010-2013     12       210513.12    219647.72    430160.84 
2010-2013     13       211128.20    220025.22    431153.41 
2010-2013     14       211855.18    220320.29    432175.47 
2010-2013     15       213255.27    221470.25    434725.52 
2010-2013     16       214765.79    222605.93    437371.71 
2010-2013     17       217097.74    225475.97    442573.70 
2010-2013     18       223027.81    232791.74    455819.55 
2010-2013     19       229745.34    240248.81    469994.15 
2010-2013     20       235796.04    247416.77    483212.81 
2010-2013     21       242736.57    254711.07    497447.64 
2010-2013     22       246412.98    257362.30    503775.28 
2010-2013     23       249396.12    259595.87    508991.99 
2010-2013     24       253184.48    264406.45    517590.92 
2010-2013     25       256767.93    269471.14    526239.07 
2010-2013     26       264821.94    279714.61    544536.55 
2010-2013     27       276553.51    294270.50    570824.01 
2010-2013     28       290379.50    308738.95    599118.45 
2010-2013     29       305285.76    322596.37    627882.13 
2010-2013     30       317099.99    332889.80    649989.79 
2010-2013     31       324629.66    338375.34    663004.99 
2010-2013     32       327700.85    340203.09    667903.94 
2010-2013     33       328831.43    340652.40    669483.83 
2010-2013     34       329616.32    339992.00    669608.32 
2010-2013     35       330717.92    338445.90    669163.83 
2010-2013     36       331879.02    337296.61    669175.63 
2010-2013     37       331739.53    335356.44    667095.97 
2010-2013     38       332376.73    334807.38    667184.11 
2010-2013     39       334178.57    335916.73    670095.30 
2010-2013     40       337675.34    337395.57    675070.91 
2010-2013     41       342341.34    338796.11    681137.45 
2010-2013     42       345810.49    338994.23    684804.72 
2010-2013     43       345853.95    336731.12    682585.07 
2010-2013     44       341086.03    331268.80    672354.83 
2010-2013     45       332873.20    322492.48    655365.68 
2010-2013     46       323457.38    312156.24    635613.61 
2010-2013     47       316057.60    302961.58    619019.18 
2010-2013     48       312887.01    296982.56    609869.57 
2010-2013     49       312403.45    294010.70    606414.15 
2010-2013     50       312847.02    293307.41    606154.42 
2010-2013     51       312073.17    292000.63    604073.80 
2010-2013     52       308503.75    288416.35    596920.09 
2010-2013     53       304025.25    283881.53    587906.77 
2010-2013     54       299286.65    279787.05    579073.70 
2010-2013     55       293316.21    275030.72    568346.93 
2010-2013     56       286432.45    269105.47    555537.92 
2010-2013     57       279036.47    262956.52    541992.99 
2010-2013     58       272350.04    256790.46    529140.50 
2010-2013     59       268161.35    252237.61    520398.96 
2010-2013     60       266502.63    249883.07    516385.71 
2010-2013     61       265964.36    247717.94    513682.31 
2010-2013     62       265422.86    245322.95    510745.81 
2010-2013     63       265088.57    243252.92    508341.50 
2010-2013     64       263584.39    240257.91    503842.30 
2010-2013     65       258030.98    234106.90    492137.89 
2010-2013     66       246748.92    223236.30    469985.21 
2010-2013     67       232053.36    209625.38    441678.74 
2010-2013     68       219115.28    197457.36    416572.64 
2010-2013     69       213141.97    190448.21    403590.18 
2010-2013     70       216167.90    189798.82    405966.72 
2010-2013     71       224470.99    192576.99    417047.98 
2010-2013     72       233106.02    195172.89    428278.91 
2010-2013     73       238431.12    195458.31    433889.43 
2010-2013     74       238942.66    192893.14    431835.80 
2010-2013     75       235523.16    187842.41    423365.57 
2010-2013     76       229421.29    180505.58    409926.87 
2010-2013     77       221342.00    172082.75    393424.75 
2010-2013     78       212425.13    163511.75    375936.89 
2010-2013     79       202655.59    154681.60    357337.18 
2010-2013     80       191665.04    144678.16    336343.20 
2010-2013     81       178788.28    133280.31    312068.59 
2010-2013     82       164514.38    120041.63    284556.01 
2010-2013     83       150761.87    106111.50    256873.36 
2010-2013     84       136369.58     91800.47    228170.05 
2010-2013     85       119174.57     77383.38    196557.95 
2010-2013     86       102070.65     64849.80    166920.45 
2010-2013     87        85197.40     53706.42    138903.82 
2010-2013     88        69566.78     43705.75    113272.52 
2010-2013     89        57205.93     35847.70     93053.63 
2010-2013     90        46344.99     28437.21     74782.20 
2010-2013     91        36336.73     21348.30     57685.03 
2010-2013     92        28045.74     15553.66     43599.40 
2010-2013     93        21402.31     11210.55     32612.86 
2010-2013     94        16455.77      8248.62     24704.39 
2010-2013     95        12836.76      6224.03     19060.78 
2010-2013     96         9789.52      4634.03     14423.55 
2010-2013     97         7272.62      3322.47     10595.09 
2010-2013     98         5272.48      2295.94      7568.43 
2010-2013     99         3692.55      1483.22      5175.77 
2010-2013    100         2485.70       920.90      3406.60 
2010-2013    101         1578.24       578.42      2156.66 
2010-2013    102          952.41       352.14      1304.55 
2010-2013    103          556.73       209.28       766.01 
2010-2013    104          320.24       121.14       441.38 
2010-2013    105          183.24        68.23       251.47 
2010-2013    106          101.16        36.58       137.74 
2010-2013    107           52.26        17.99        70.26 
2010-2013    108           25.00         7.67        32.68 
2010-2013    109           10.93         2.38        13.32 
2010-2013    110+           4.57         0.14         4.71 
