Poland, Exposure to risk (period 1x10)     Last modified: 26-Nov-2015, MPv5 (May07)

   Year      Age       Female          Male         Total
1958-1959      0       697368.46    732913.61   1430282.07 
1958-1959      1       700364.90    732055.81   1432420.71 
1958-1959      2       704387.14    737175.44   1441562.59 
1958-1959      3       704601.08    736792.32   1441393.41 
1958-1959      4       697727.04    726891.06   1424618.10 
1958-1959      5       690071.20    717986.59   1408057.79 
1958-1959      6       682833.29    710207.51   1393040.80 
1958-1959      7       673056.39    699194.43   1372250.82 
1958-1959      8       654214.97    679692.17   1333907.13 
1958-1959      9       628118.27    652392.95   1280511.22 
1958-1959     10       603745.58    626691.10   1230436.68 
1958-1959     11       570729.40    590382.04   1161111.44 
1958-1959     12       504298.86    518604.13   1022902.99 
1958-1959     13       423530.18    433692.96    857223.14 
1958-1959     14       384326.18    391926.00    776252.18 
1958-1959     15       377238.69    383832.93    761071.63 
1958-1959     16       378870.43    386395.28    765265.71 
1958-1959     17       396148.51    406666.51    802815.02 
1958-1959     18       417122.91    433097.62    850220.53 
1958-1959     19       427887.14    447627.65    875514.79 
1958-1959     20       433568.99    449905.70    883474.69 
1958-1959     21       443239.23    451646.38    894885.61 
1958-1959     22       453723.31    456170.56    909893.87 
1958-1959     23       456299.01    457186.28    913485.29 
1958-1959     24       452043.38    453575.98    905619.36 
1958-1959     25       455480.45    457550.04    913030.50 
1958-1959     26       468849.51    471589.95    940439.46 
1958-1959     27       484633.09    488058.71    972691.80 
1958-1959     28       493612.99    494859.60    988472.59 
1958-1959     29       487230.53    482467.18    969697.71 
1958-1959     30       473929.35    459372.50    933301.85 
1958-1959     31       463558.20    433796.60    897354.80 
1958-1959     32       469507.67    421592.16    891099.83 
1958-1959     33       478186.09    417975.73    896161.82 
1958-1959     34       467630.48    404410.38    872040.86 
1958-1959     35       453849.14    391782.51    845631.65 
1958-1959     36       428094.11    372372.59    800466.71 
1958-1959     37       391331.28    346897.25    738228.53 
1958-1959     38       366994.45    327276.14    694270.59 
1958-1959     39       325269.67    284368.09    609637.76 
1958-1959     40       267958.16    230603.48    498561.65 
1958-1959     41       245667.05    211762.55    457429.60 
1958-1959     42       260168.25    221148.63    481316.89 
1958-1959     43       300403.61    250667.16    551070.77 
1958-1959     44       346533.78    291658.51    638192.29 
1958-1959     45       371349.12    317932.82    689281.94 
1958-1959     46       377686.48    326803.51    704489.98 
1958-1959     47       375879.35    330222.56    706101.91 
1958-1959     48       375912.65    335032.61    710945.26 
1958-1959     49       370630.16    332714.09    703344.25 
1958-1959     50       362058.00    325683.14    687741.14 
1958-1959     51       356675.56    320548.61    677224.16 
1958-1959     52       345547.10    306839.38    652386.48 
1958-1959     53       332650.43    290377.97    623028.39 
1958-1959     54       321390.56    279575.45    600966.01 
1958-1959     55       312946.51    270830.41    583776.92 
1958-1959     56       304427.97    259252.53    563680.50 
1958-1959     57       299904.38    245380.34    545284.72 
1958-1959     58       292575.26    229299.66    521874.92 
1958-1959     59       267479.74    208097.23    475576.97 
1958-1959     60       248832.28    192032.09    440864.38 
1958-1959     61       241142.50    181297.64    422440.14 
1958-1959     62       231103.19    168710.42    399813.61 
1958-1959     63       217624.68    155397.32    373022.01 
1958-1959     64       199294.50    141690.85    340985.35 
1958-1959     65       181224.77    127049.16    308273.93 
1958-1959     66       164241.76    112823.12    277064.88 
1958-1959     67       155480.67    104304.37    259785.03 
1958-1959     68       152777.13     99454.79    252231.92 
1958-1959     69       147896.66     94519.07    242415.73 
1958-1959     70       141140.27     88594.51    229734.78 
1958-1959     71       128875.06     80070.06    208945.12 
1958-1959     72       117190.67     71569.02    188759.69 
1958-1959     73       107218.71     63671.80    170890.51 
1958-1959     74        94637.33     56035.63    150672.96 
1958-1959     75        85477.25     50189.14    135666.39 
1958-1959     76        76830.23     44208.73    121038.96 
1958-1959     77        65981.02     37845.80    103826.82 
1958-1959     78        59093.81     33263.14     92356.95 
1958-1959     79        52714.81     28908.34     81623.16 
1958-1959     80        45093.89     24640.43     69734.33 
1958-1959     81        39127.22     20920.47     60047.69 
1958-1959     82        34429.38     17834.03     52263.42 
1958-1959     83        29590.39     15031.22     44621.61 
1958-1959     84        24323.80     12226.48     36550.28 
1958-1959     85        19530.18      9441.31     28971.49 
1958-1959     86        15149.59      7039.86     22189.45 
1958-1959     87        11980.12      5388.11     17368.23 
1958-1959     88         9667.17      4146.98     13814.16 
1958-1959     89         6991.58      2946.21      9937.78 
1958-1959     90         5022.44      2085.09      7107.52 
1958-1959     91         3836.87      1479.80      5316.67 
1958-1959     92         2748.97       992.48      3741.45 
1958-1959     93         1996.82       660.39      2657.21 
1958-1959     94         1443.95       446.88      1890.83 
1958-1959     95          955.72       293.61      1249.33 
1958-1959     96          580.70       170.45       751.15 
1958-1959     97          375.65       109.57       485.22 
1958-1959     98          211.00        75.50       286.49 
1958-1959     99           75.48        28.80       104.28 
1958-1959    100           42.72        12.20        54.92 
1958-1959    101           25.95         5.11        31.06 
1958-1959    102           12.58         1.50        14.08 
1958-1959    103            5.27         0.44         5.71 
1958-1959    104            1.46         0.06         1.52 
1958-1959    105            0.05         0.00         0.05 
1958-1959    106            0.00         0.00         0.00 
1958-1959    107            0.00         0.00         0.00 
1958-1959    108            0.00         0.00         0.00 
1958-1959    109            0.00         0.00         0.00 
1958-1959    110+           0.00         0.00         0.00 
1960-1969      0      2719368.14   2879674.59   5599042.73 
1960-1969      1      2760992.99   2905515.58   5666508.58 
1960-1969      2      2856754.71   3001027.38   5857782.09 
1960-1969      3      2957049.56   3102754.57   6059804.13 
1960-1969      4      3055961.15   3203817.03   6259778.18 
1960-1969      5      3147004.95   3295334.08   6442339.03 
1960-1969      6      3225902.60   3373106.80   6599009.40 
1960-1969      7      3297259.00   3443367.02   6740626.02 
1960-1969      8      3356753.49   3500698.23   6857451.72 
1960-1969      9      3394799.34   3537739.14   6932538.48 
1960-1969     10      3399285.59   3540382.21   6939667.80 
1960-1969     11      3373527.74   3510205.60   6883733.35 
1960-1969     12      3322479.83   3454491.77   6776971.60 
1960-1969     13      3246775.52   3371565.23   6618340.75 
1960-1969     14      3123089.97   3236929.55   6360019.52 
1960-1969     15      2964719.22   3066856.15   6031575.37 
1960-1969     16      2808088.07   2899132.91   5707220.98 
1960-1969     17      2650878.66   2730162.92   5381041.58 
1960-1969     18      2502182.64   2571156.98   5073339.63 
1960-1969     19      2372760.14   2434133.28   4806893.42 
1960-1969     20      2267044.40   2325503.94   4592548.34 
1960-1969     21      2176003.97   2232799.25   4408803.22 
1960-1969     22      2100979.22   2151400.73   4252379.96 
1960-1969     23      2053154.74   2094248.92   4147403.66 
1960-1969     24      2053302.91   2085850.24   4139153.15 
1960-1969     25      2085714.37   2111944.64   4197659.01 
1960-1969     26      2120694.19   2141845.85   4262540.04 
1960-1969     27      2164929.57   2181110.62   4346040.18 
1960-1969     28      2211179.77   2222965.59   4434145.36 
1960-1969     29      2252369.87   2259967.07   4512336.94 
1960-1969     30      2285077.84   2287729.10   4572806.94 
1960-1969     31      2307475.61   2303519.52   4610995.12 
1960-1969     32      2320478.11   2304202.68   4624680.79 
1960-1969     33      2323755.90   2286709.72   4610465.62 
1960-1969     34      2332951.68   2266576.42   4599528.10 
1960-1969     35      2342183.65   2242656.67   4584840.31 
1960-1969     36      2344739.04   2212437.73   4557176.77 
1960-1969     37      2337995.74   2173790.66   4511786.40 
1960-1969     38      2302127.67   2111679.56   4413807.23 
1960-1969     39      2242121.21   2031791.35   4273912.56 
1960-1969     40      2173555.55   1944266.72   4117822.26 
1960-1969     41      2079249.30   1833965.36   3913214.67 
1960-1969     42      1967051.35   1715323.76   3682375.12 
1960-1969     43      1861272.13   1611527.27   3472799.40 
1960-1969     44      1759332.03   1515257.42   3274589.45 
1960-1969     45      1685959.74   1445107.98   3131067.72 
1960-1969     46      1639582.32   1402345.37   3041927.69 
1960-1969     47      1604330.19   1370739.60   2975069.79 
1960-1969     48      1587667.81   1354917.30   2942585.11 
1960-1969     49      1583784.63   1349721.21   2933505.84 
1960-1969     50      1591198.78   1356970.35   2948169.13 
1960-1969     51      1621655.09   1388104.78   3009759.87 
1960-1969     52      1673562.93   1435983.27   3109546.21 
1960-1969     53      1720151.42   1478298.60   3198450.03 
1960-1969     54      1748048.55   1502657.89   3250706.43 
1960-1969     55      1744590.71   1500469.62   3245060.33 
1960-1969     56      1717308.50   1475627.15   3192935.65 
1960-1969     57      1680261.56   1438480.93   3118742.48 
1960-1969     58      1636934.99   1392153.42   3029088.41 
1960-1969     59      1595968.12   1338133.20   2934101.32 
1960-1969     60      1545128.77   1272149.50   2817278.27 
1960-1969     61      1483036.46   1200101.91   2683138.36 
1960-1969     62      1421400.45   1126493.06   2547893.51 
1960-1969     63      1357414.52   1050795.57   2408210.09 
1960-1969     64      1295513.53    978542.56   2274056.08 
1960-1969     65      1230270.92    905383.97   2135654.89 
1960-1969     66      1160632.82    831481.18   1992114.00 
1960-1969     67      1085343.73    756109.69   1841453.42 
1960-1969     68      1007677.40    682963.33   1690640.73 
1960-1969     69       930738.47    615316.25   1546054.72 
1960-1969     70       860125.90    554699.98   1414825.88 
1960-1969     71       799828.76    502427.24   1302256.00 
1960-1969     72       739520.93    452704.86   1192225.79 
1960-1969     73       677139.05    404684.70   1081823.74 
1960-1969     74       616872.79    360227.90    977100.69 
1960-1969     75       559031.53    318680.94    877712.47 
1960-1969     76       503952.54    280435.83    784388.37 
1960-1969     77       454265.29    246697.64    700962.93 
1960-1969     78       406114.15    215712.42    621826.57 
1960-1969     79       356931.37    186053.14    542984.52 
1960-1969     80       304910.72    155834.59    460745.31 
1960-1969     81       261929.28    131111.37    393040.65 
1960-1969     82       221838.37    108890.00    330728.37 
1960-1969     83       185839.03     89357.20    275196.23 
1960-1969     84       154222.41     72536.00    226758.41 
1960-1969     85       126753.63     58297.27    185050.90 
1960-1969     86       102514.51     46131.13    148645.65 
1960-1969     87        81132.82     35684.86    116817.68 
1960-1969     88        63053.54     26960.53     90014.06 
1960-1969     89        48287.44     20112.41     68399.85 
1960-1969     90        36294.02     14645.89     50939.91 
1960-1969     91        26649.73     10489.60     37139.33 
1960-1969     92        19308.53      7316.71     26625.24 
1960-1969     93        13745.24      4993.21     18738.45 
1960-1969     94         9439.78      3312.38     12752.15 
1960-1969     95         6440.17      2127.69      8567.86 
1960-1969     96         4308.05      1352.09      5660.14 
1960-1969     97         2824.52       839.13      3663.64 
1960-1969     98         1862.15       549.27      2411.42 
1960-1969     99         1092.30       316.77      1409.08 
1960-1969    100          671.21       177.77       848.98 
1960-1969    101          393.00        98.36       491.36 
1960-1969    102          224.06        50.36       274.42 
1960-1969    103          120.79        22.95       143.74 
1960-1969    104           63.12         8.81        71.93 
1960-1969    105           29.46         2.42        31.88 
1960-1969    106           11.68         0.32        12.00 
1960-1969    107            3.17         0.00         3.17 
1960-1969    108            0.39         0.00         0.39 
1960-1969    109            0.00         0.00         0.00 
1960-1969    110+           0.00         0.00         0.00 
1970-1979      0      2914122.71   3079545.23   5993667.94 
1970-1979      1      2813056.51   2955869.63   5768926.14 
1970-1979      2      2752663.88   2886680.93   5639344.81 
1970-1979      3      2692429.04   2819798.15   5512227.19 
1970-1979      4      2632278.13   2755832.12   5388110.25 
1970-1979      5      2588410.10   2709644.32   5298054.42 
1970-1979      6      2564460.08   2684420.87   5248880.95 
1970-1979      7      2553301.48   2673513.12   5226814.60 
1970-1979      8      2560972.62   2682973.44   5243946.06 
1970-1979      9      2593630.29   2716721.18   5310351.46 
1970-1979     10      2653840.67   2779760.22   5433600.88 
1970-1979     11      2735047.41   2867234.07   5602281.48 
1970-1979     12      2830244.21   2969382.24   5799626.45 
1970-1979     13      2928426.72   3073978.09   6002404.81 
1970-1979     14      3023712.71   3176419.59   6200132.31 
1970-1979     15      3111283.08   3269453.18   6380736.26 
1970-1979     16      3183346.57   3342886.22   6526232.79 
1970-1979     17      3245237.63   3403348.42   6648586.05 
1970-1979     18      3297333.82   3450875.34   6748209.16 
1970-1979     19      3328137.06   3474406.39   6802543.45 
1970-1979     20      3329373.85   3462695.24   6792069.09 
1970-1979     21      3303042.26   3422425.54   6725467.80 
1970-1979     22      3252348.20   3361400.95   6613749.14 
1970-1979     23      3177699.32   3277253.16   6454952.48 
1970-1979     24      3056881.92   3145769.45   6202651.37 
1970-1979     25      2904637.07   2981534.17   5886171.24 
1970-1979     26      2751531.09   2817356.42   5568887.51 
1970-1979     27      2596843.93   2651769.76   5248613.69 
1970-1979     28      2451754.45   2497077.03   4948831.48 
1970-1979     29      2328480.99   2363957.02   4692438.02 
1970-1979     30      2227148.48   2252222.58   4479371.06 
1970-1979     31      2138614.62   2152862.38   4291477.00 
1970-1979     32      2065521.21   2070256.30   4135777.51 
1970-1979     33      2019797.66   2017489.03   4037286.69 
1970-1979     34      2021208.28   2013974.77   4035183.05 
1970-1979     35      2054964.74   2044988.02   4099952.76 
1970-1979     36      2088912.25   2076339.41   4165251.67 
1970-1979     37      2129026.74   2113183.37   4242210.11 
1970-1979     38      2171397.83   2151979.10   4323376.93 
1970-1979     39      2210107.11   2186375.60   4396482.71 
1970-1979     40      2238157.44   2209879.10   4448036.54 
1970-1979     41      2255121.97   2220038.15   4475160.12 
1970-1979     42      2264509.91   2215621.68   4480131.59 
1970-1979     43      2263995.39   2193092.51   4457087.90 
1970-1979     44      2267790.24   2166980.58   4434770.82 
1970-1979     45      2273760.29   2138825.29   4412585.58 
1970-1979     46      2273221.32   2104254.03   4377475.35 
1970-1979     47      2261613.44   2059801.02   4321414.45 
1970-1979     48      2224499.00   1994576.38   4219075.38 
1970-1979     49      2166026.98   1914138.95   4080165.92 
1970-1979     50      2096610.68   1825120.25   3921730.93 
1970-1979     51      2001515.05   1714414.27   3715929.32 
1970-1979     52      1888832.84   1595463.68   3484296.52 
1970-1979     53      1781352.30   1489952.18   3271304.49 
1970-1979     54      1675616.68   1390650.23   3066266.92 
1970-1979     55      1597260.55   1315846.37   2913106.92 
1970-1979     56      1545457.78   1266792.93   2812250.71 
1970-1979     57      1504951.98   1227913.36   2732865.34 
1970-1979     58      1484160.51   1203338.82   2687499.33 
1970-1979     59      1476814.45   1188300.51   2665114.96 
1970-1979     60      1477181.22   1181926.66   2659107.88 
1970-1979     61      1498843.39   1194967.39   2693810.78 
1970-1979     62      1538603.48   1220198.85   2758802.33 
1970-1979     63      1571473.86   1237302.50   2808776.36 
1970-1979     64      1583980.83   1236605.25   2820586.09 
1970-1979     65      1564353.59   1210690.66   2775044.24 
1970-1979     66      1520399.69   1163337.98   2683737.67 
1970-1979     67      1466896.14   1105708.41   2572604.55 
1970-1979     68      1407778.53   1042044.59   2449823.12 
1970-1979     69      1349243.72    972855.02   2322098.74 
1970-1979     70      1281070.12    895992.10   2177062.22 
1970-1979     71      1204501.78    816594.01   2021095.78 
1970-1979     72      1126653.49    737592.91   1864246.40 
1970-1979     73      1047423.13    660798.39   1708221.52 
1970-1979     74       967365.10    588258.73   1555623.83 
1970-1979     75       885818.65    518557.64   1404376.29 
1970-1979     76       802709.07    451888.51   1254597.58 
1970-1979     77       716760.90    388208.33   1104969.24 
1970-1979     78       632527.49    329566.68    962094.18 
1970-1979     79       551026.86    277271.61    828298.47 
1970-1979     80       486601.29    236614.35    723215.64 
1970-1979     81       420463.83    197882.14    618345.97 
1970-1979     82       359392.71    164075.97    523468.68 
1970-1979     83       303341.49    134453.48    437794.97 
1970-1979     84       252338.65    108731.82    361070.47 
1970-1979     85       206644.07     86456.03    293100.10 
1970-1979     86       167054.66     67853.14    234907.80 
1970-1979     87       133219.50     52661.07    185880.57 
1970-1979     88       104482.74     40168.63    144651.37 
1970-1979     89        80288.56     30002.24    110290.79 
1970-1979     90        60180.28     21917.64     82097.92 
1970-1979     91        44125.32     15689.87     59815.19 
1970-1979     92        31662.16     11075.12     42737.28 
1970-1979     93        22186.00      7683.96     29869.96 
1970-1979     94        15225.19      5202.92     20428.11 
1970-1979     95        10274.24      3460.81     13735.06 
1970-1979     96         6830.60      2261.38      9091.99 
1970-1979     97         4436.67      1467.87      5904.54 
1970-1979     98         2858.01       968.55      3826.56 
1970-1979     99         1890.33       641.32      2531.65 
1970-1979    100         1183.41       402.97      1586.38 
1970-1979    101          692.97       239.01       931.97 
1970-1979    102          401.95       138.25       540.21 
1970-1979    103          225.75        76.19       301.94 
1970-1979    104          121.16        39.59       160.75 
1970-1979    105           62.22        18.53        80.75 
1970-1979    106           30.10         7.14        37.24 
1970-1979    107           12.20         1.85        14.05 
1970-1979    108            3.38         0.26         3.65 
1970-1979    109            0.16         0.00         0.16 
1970-1979    110+           0.00         0.00         0.00 
1980-1989      0      3160481.69   3326928.69   6487410.38 
1980-1989      1      3194373.44   3356682.08   6551055.52 
1980-1989      2      3228021.48   3390670.18   6618691.66 
1980-1989      3      3242896.83   3402094.09   6644990.92 
1980-1989      4      3240761.74   3397183.40   6637945.13 
1980-1989      5      3211412.12   3363809.09   6575221.21 
1980-1989      6      3161890.16   3309777.06   6471667.22 
1980-1989      7      3099264.56   3243091.09   6342355.65 
1980-1989      8      3037052.63   3175683.20   6212735.83 
1980-1989      9      2966637.36   3101199.55   6067836.91 
1980-1989     10      2896203.76   3029008.19   5925211.95 
1980-1989     11      2828287.51   2957941.14   5786228.64 
1980-1989     12      2757695.94   2884413.62   5642109.56 
1980-1989     13      2686280.96   2808982.00   5495262.96 
1980-1989     14      2622557.88   2743666.42   5366224.30 
1980-1989     15      2582024.79   2701609.90   5283634.68 
1980-1989     16      2553974.63   2674182.07   5228156.70 
1980-1989     17      2542418.62   2665763.73   5208182.35 
1980-1989     18      2544669.27   2670117.19   5214786.45 
1980-1989     19      2565403.65   2697941.55   5263345.20 
1980-1989     20      2613013.40   2753166.58   5366179.98 
1980-1989     21      2685153.97   2831909.16   5517063.12 
1980-1989     22      2772993.63   2919301.57   5692295.20 
1980-1989     23      2865795.77   3009490.48   5875286.25 
1980-1989     24      2957503.61   3099506.18   6057009.79 
1980-1989     25      3036636.51   3173637.17   6210273.68 
1980-1989     26      3106486.46   3235704.53   6342190.98 
1980-1989     27      3168950.95   3290275.54   6459226.50 
1980-1989     28      3225010.80   3335965.40   6560976.20 
1980-1989     29      3260732.28   3358001.03   6618733.32 
1980-1989     30      3263445.31   3351873.92   6615319.23 
1980-1989     31      3240411.63   3319869.39   6560281.02 
1980-1989     32      3191635.52   3262281.97   6453917.49 
1980-1989     33      3117117.74   3177670.58   6294788.31 
1980-1989     34      2996296.11   3044816.75   6041112.86 
1980-1989     35      2845251.26   2880398.91   5725650.17 
1980-1989     36      2694058.75   2716863.91   5410922.66 
1980-1989     37      2543337.08   2554430.31   5097767.40 
1980-1989     38      2403325.80   2404108.69   4807434.49 
1980-1989     39      2280697.97   2272840.73   4553538.69 
1980-1989     40      2179291.52   2159505.55   4338797.06 
1980-1989     41      2094026.43   2063258.60   4157285.02 
1980-1989     42      2021519.91   1981134.45   4002654.35 
1980-1989     43      1979384.20   1928152.69   3907536.90 
1980-1989     44      1975085.60   1916183.90   3891269.50 
1980-1989     45      2000636.46   1934760.69   3935397.15 
1980-1989     46      2029127.47   1954955.40   3984082.87 
1980-1989     47      2064007.28   1981001.05   4045008.33 
1980-1989     48      2101434.77   2008705.43   4110140.20 
1980-1989     49      2133574.53   2031022.08   4164596.61 
1980-1989     50      2153994.18   2039156.22   4193150.40 
1980-1989     51      2166423.10   2037862.39   4204285.48 
1980-1989     52      2168848.53   2021257.40   4190105.92 
1980-1989     53      2163694.28   1987903.28   4151597.56 
1980-1989     54      2162179.63   1951081.54   4113261.17 
1980-1989     55      2161215.71   1911472.12   4072687.82 
1980-1989     56      2152478.35   1863922.17   4016400.52 
1980-1989     57      2134050.45   1809401.97   3943452.42 
1980-1989     58      2089611.78   1734751.49   3824363.27 
1980-1989     59      2021682.14   1646727.41   3668409.55 
1980-1989     60      1945020.76   1552081.79   3497102.56 
1980-1989     61      1844680.66   1439627.20   3284307.86 
1980-1989     62      1728345.48   1321416.89   3049762.37 
1980-1989     63      1616489.50   1216018.65   2832508.15 
1980-1989     64      1509697.45   1118815.83   2628513.28 
1980-1989     65      1428903.71   1043517.11   2472420.81 
1980-1989     66      1371059.45    989104.99   2360164.44 
1980-1989     67      1325639.52    942670.87   2268310.39 
1980-1989     68      1290934.94    904069.79   2195004.73 
1980-1989     69      1264098.70    870634.33   2134733.04 
1980-1989     70      1244326.80    842074.22   2086401.02 
1980-1989     71      1237966.43    823279.33   2061245.77 
1980-1989     72      1241251.86    809519.74   2050771.60 
1980-1989     73      1234617.93    788260.77   2022878.71 
1980-1989     74      1207939.49    752400.26   1960339.76 
1980-1989     75      1157690.98    702498.70   1860189.68 
1980-1989     76      1085204.65    640105.45   1725310.10 
1980-1989     77      1008886.33    575468.84   1584355.17 
1980-1989     78       924317.60    508950.38   1433267.98 
1980-1989     79       842251.79    444679.89   1286931.68 
1980-1989     80       747883.51    377383.37   1125266.88 
1980-1989     81       659991.77    318092.32    978084.09 
1980-1989     82       574435.24    263924.83    838360.07 
1980-1989     83       492432.03    215779.65    708211.68 
1980-1989     84       416667.84    174368.60    591036.43 
1980-1989     85       346426.15    138592.77    485018.92 
1980-1989     86       282233.91    108141.05    390374.96 
1980-1989     87       224840.30     82701.72    307542.02 
1980-1989     88       175075.35     62206.37    237281.73 
1980-1989     89       133835.08     45782.69    179617.77 
1980-1989     90       100468.65     33299.68    133768.34 
1980-1989     91        74287.05     24125.09     98412.14 
1980-1989     92        53818.87     17121.57     70940.44 
1980-1989     93        38250.66     11946.73     50197.39 
1980-1989     94        26719.56      8254.92     34974.49 
1980-1989     95        18122.43      5607.73     23730.16 
1980-1989     96        12082.94      3733.67     15816.61 
1980-1989     97         8060.02      2462.90     10522.93 
1980-1989     98         5270.76      1625.43      6896.19 
1980-1989     99         3495.49      1078.99      4574.48 
1980-1989    100         2216.69       681.25      2897.93 
1980-1989    101         1308.67       406.18      1714.86 
1980-1989    102          756.90       237.62       994.51 
1980-1989    103          427.05       136.18       563.24 
1980-1989    104          234.79        75.19       309.98 
1980-1989    105          124.93        38.26       163.19 
1980-1989    106           62.17        16.37        78.55 
1980-1989    107           28.17         4.99        33.15 
1980-1989    108           10.51         0.55        11.06 
1980-1989    109            2.13         0.00         2.13 
1980-1989    110+           0.04         0.00         0.04 
1990-1999      0      2275922.70   2400755.47   4676678.17 
1990-1999      1      2349225.07   2472021.16   4821246.24 
1990-1999      2      2430134.79   2551934.94   4982069.72 
1990-1999      3      2523614.99   2646640.17   5170255.17 
1990-1999      4      2629857.35   2754790.88   5384648.24 
1990-1999      5      2738902.70   2868607.17   5607509.87 
1990-1999      6      2846230.81   2980683.72   5826914.53 
1990-1999      7      2945320.56   3083611.93   6028932.49 
1990-1999      8      3020761.83   3161926.42   6182688.24 
1990-1999      9      3081249.58   3222620.84   6303870.42 
1990-1999     10      3135674.54   3277121.58   6412796.12 
1990-1999     11      3178090.03   3320576.46   6498666.49 
1990-1999     12      3204466.07   3347079.49   6551545.56 
1990-1999     13      3218018.95   3360051.14   6578070.09 
1990-1999     14      3211317.49   3351311.48   6562628.97 
1990-1999     15      3178422.17   3314649.35   6493071.52 
1990-1999     16      3125431.53   3257401.79   6382833.33 
1990-1999     17      3063413.11   3190843.21   6254256.32 
1990-1999     18      3000840.20   3123967.10   6124807.30 
1990-1999     19      2932839.37   3052754.67   5985594.04 
1990-1999     20      2853982.12   2971606.84   5825588.96 
1990-1999     21      2773288.14   2888626.09   5661914.23 
1990-1999     22      2696693.58   2809097.02   5505790.59 
1990-1999     23      2621514.67   2729330.46   5350845.13 
1990-1999     24      2555429.15   2658161.33   5213590.49 
1990-1999     25      2506847.11   2604478.05   5111325.16 
1990-1999     26      2476412.41   2569176.96   5045589.37 
1990-1999     27      2462422.92   2550794.15   5013217.07 
1990-1999     28      2465246.49   2550316.03   5015562.52 
1990-1999     29      2492770.00   2573826.50   5066596.50 
1990-1999     30      2546603.01   2622992.65   5169595.66 
1990-1999     31      2622241.90   2695096.40   5317338.30 
1990-1999     32      2711866.43   2781259.59   5493126.01 
1990-1999     33      2803839.19   2868356.50   5672195.69 
1990-1999     34      2893658.44   2952768.47   5846426.91 
1990-1999     35      2975057.88   3027488.51   6002546.39 
1990-1999     36      3044936.62   3088464.33   6133400.95 
1990-1999     37      3107706.94   3141187.93   6248894.87 
1990-1999     38      3159058.75   3180697.97   6339756.72 
1990-1999     39      3188612.60   3198983.02   6387595.62 
1990-1999     40      3186587.97   3185780.68   6372368.65 
1990-1999     41      3157622.12   3144543.36   6302165.48 
1990-1999     42      3106698.72   3081763.08   6188461.80 
1990-1999     43      3032679.43   2994650.81   6027330.24 
1990-1999     44      2916411.24   2863141.58   5779552.82 
1990-1999     45      2768114.40   2700759.17   5468873.57 
1990-1999     46      2618866.40   2540028.47   5158894.87 
1990-1999     47      2468971.65   2379267.58   4848239.23 
1990-1999     48      2326135.82   2227799.20   4553935.02 
1990-1999     49      2202504.78   2095265.97   4297770.75 
1990-1999     50      2100814.52   1981420.89   4082235.40 
1990-1999     51      2011067.48   1878656.90   3889724.38 
1990-1999     52      1934866.50   1789682.17   3724548.66 
1990-1999     53      1882779.18   1725389.09   3608168.27 
1990-1999     54      1876436.68   1703897.42   3580334.10 
1990-1999     55      1898793.30   1708344.48   3607137.79 
1990-1999     56      1919974.24   1711499.20   3631473.43 
1990-1999     57      1947622.33   1718819.66   3666441.98 
1990-1999     58      1974446.68   1723710.70   3698157.38 
1990-1999     59      1994444.16   1721134.14   3715578.30 
1990-1999     60      2004996.14   1708250.12   3713246.26 
1990-1999     61      2006253.99   1684773.49   3691027.48 
1990-1999     62      1996497.75   1647600.75   3644098.50 
1990-1999     63      1976116.04   1595895.20   3572011.23 
1990-1999     64      1959480.22   1541388.33   3500868.55 
1990-1999     65      1940582.19   1482396.14   3422978.33 
1990-1999     66      1913320.49   1417881.03   3331201.51 
1990-1999     67      1874719.98   1347575.77   3222295.75 
1990-1999     68      1810759.00   1263352.91   3074111.90 
1990-1999     69      1727368.64   1169791.58   2897160.21 
1990-1999     70      1634425.88   1073082.01   2707507.89 
1990-1999     71      1522605.36    967560.25   2490165.61 
1990-1999     72      1398475.19    861512.14   2259987.33 
1990-1999     73      1277227.04    765429.50   2042656.54 
1990-1999     74      1160241.55    677228.92   1837470.47 
1990-1999     75      1063298.98    604630.74   1667929.72 
1990-1999     76       983385.33    545435.37   1528820.70 
1990-1999     77       911298.43    492424.07   1403722.50 
1990-1999     78       849804.26    445488.65   1295292.91 
1990-1999     79       792642.80    402008.24   1194651.04 
1990-1999     80       745565.85    363289.09   1108854.94 
1990-1999     81       700400.00    330199.84   1030599.84 
1990-1999     82       659167.07    300022.32    959189.39 
1990-1999     83       609506.52    267007.94    876514.46 
1990-1999     84       549068.02    231367.39    780435.41 
1990-1999     85       479088.98    194157.90    673246.88 
1990-1999     86       405827.31    157909.86    563737.16 
1990-1999     87       335818.02    125186.62    461004.65 
1990-1999     88       272029.22     97273.03    369302.26 
1990-1999     89       215878.32     73752.93    289631.24 
1990-1999     90       166327.80     54301.47    220629.27 
1990-1999     91       124862.81     38799.86    163662.66 
1990-1999     92        91120.50     27111.30    118231.81 
1990-1999     93        64614.29     18443.18     83057.47 
1990-1999     94        44649.28     12236.13     56885.41 
1990-1999     95        30215.81      7987.60     38203.41 
1990-1999     96        19896.14      5159.80     25055.94 
1990-1999     97        12627.19      3258.79     15885.98 
1990-1999     98         7953.63      2079.12     10032.75 
1990-1999     99         5065.92      1362.16      6428.08 
1990-1999    100         2918.30       789.44      3707.74 
1990-1999    101         1732.11       504.87      2236.99 
1990-1999    102         1004.67       328.51      1333.18 
1990-1999    103          596.55       205.94       802.49 
1990-1999    104          370.28       134.74       505.02 
1990-1999    105          226.38        89.04       315.42 
1990-1999    106          140.56        53.05       193.61 
1990-1999    107           88.18        34.99       123.17 
1990-1999    108           53.30        25.17        78.46 
1990-1999    109           29.00        14.84        43.84 
1990-1999    110+          21.20         7.25        28.45 
2000-2009      0      1861131.63   1959724.27   3820855.90 
2000-2009      1      1839916.90   1937576.31   3777493.21 
2000-2009      2      1831679.44   1929225.02   3760904.46 
2000-2009      3      1843320.35   1941038.46   3784358.81 
2000-2009      4      1870257.64   1968661.72   3838919.36 
2000-2009      5      1915155.86   2013396.23   3928552.09 
2000-2009      6      1974585.08   2073704.53   4048289.61 
2000-2009      7      2043979.68   2145233.08   4189212.76 
2000-2009      8      2121538.30   2225587.22   4347125.53 
2000-2009      9      2204049.84   2311811.65   4515861.49 
2000-2009     10      2288640.32   2400479.85   4689120.17 
2000-2009     11      2375034.30   2489682.27   4864716.57 
2000-2009     12      2463210.60   2581226.48   5044437.08 
2000-2009     13      2552156.44   2673266.18   5225422.63 
2000-2009     14      2650334.79   2774459.26   5424794.04 
2000-2009     15      2751849.29   2880789.06   5632638.36 
2000-2009     16      2851109.73   2982804.37   5833914.10 
2000-2009     17      2941217.06   3072300.50   6013517.56 
2000-2009     18      3006968.79   3129753.77   6136722.56 
2000-2009     19      3055664.85   3170800.15   6226464.99 
2000-2009     20      3100525.74   3209903.30   6310429.03 
2000-2009     21      3136653.70   3243101.95   6379755.65 
2000-2009     22      3159612.07   3262999.12   6422611.18 
2000-2009     23      3172820.26   3273525.36   6446345.62 
2000-2009     24      3166350.57   3265076.41   6431426.98 
2000-2009     25      3135153.27   3232525.16   6367678.43 
2000-2009     26      3082400.02   3179445.33   6261845.35 
2000-2009     27      3019407.20   3115286.86   6134694.05 
2000-2009     28      2958888.64   3053317.67   6012206.31 
2000-2009     29      2893355.96   2986869.40   5880225.36 
2000-2009     30      2818237.65   2909791.22   5728028.87 
2000-2009     31      2743475.69   2831735.77   5575211.46 
2000-2009     32      2671303.23   2756310.49   5427613.71 
2000-2009     33      2600198.89   2681774.75   5281973.64 
2000-2009     34      2536621.16   2614730.99   5151352.16 
2000-2009     35      2488487.90   2562764.47   5051252.36 
2000-2009     36      2457111.80   2528040.37   4985152.17 
2000-2009     37      2440985.88   2508590.11   4949576.00 
2000-2009     38      2441412.53   2505907.38   4947319.92 
2000-2009     39      2465023.64   2524147.12   4989170.76 
2000-2009     40      2514623.18   2567455.30   5082078.48 
2000-2009     41      2586017.65   2633090.91   5219108.56 
2000-2009     42      2669405.52   2708269.18   5377674.71 
2000-2009     43      2754544.31   2783673.93   5538218.24 
2000-2009     44      2838115.83   2856059.54   5694175.37 
2000-2009     45      2913869.98   2917391.95   5831261.93 
2000-2009     46      2976732.62   2963319.23   5940051.85 
2000-2009     47      3032314.13   3000169.47   6032483.60 
2000-2009     48      3077480.25   3023981.02   6101461.27 
2000-2009     49      3100337.35   3025763.07   6126100.42 
2000-2009     50      3091506.77   2995916.51   6087423.28 
2000-2009     51      3056965.57   2939094.66   5996060.23 
2000-2009     52      3000745.35   2861593.69   5862339.03 
2000-2009     53      2922029.61   2759913.18   5681942.79 
2000-2009     54      2799104.00   2615415.17   5414519.17 
2000-2009     55      2646322.66   2445495.30   5091817.96 
2000-2009     56      2496460.83   2281045.97   4777506.80 
2000-2009     57      2345815.08   2117693.93   4463509.01 
2000-2009     58      2203641.23   1965199.65   4168840.88 
2000-2009     59      2080730.16   1830424.42   3911154.58 
2000-2009     60      1976335.85   1711189.99   3687525.84 
2000-2009     61      1882642.58   1601916.33   3484558.91 
2000-2009     62      1803357.28   1505571.88   3308929.16 
2000-2009     63      1745691.66   1429091.19   3174782.85 
2000-2009     64      1728036.21   1387452.89   3115489.10 
2000-2009     65      1737023.09   1367825.71   3104848.81 
2000-2009     66      1744281.29   1346350.93   3090632.22 
2000-2009     67      1755416.56   1326218.72   3081635.29 
2000-2009     68      1765146.02   1303424.65   3068570.66 
2000-2009     69      1765007.34   1273664.66   3038672.00 
2000-2009     70      1752773.24   1233649.03   2986422.27 
2000-2009     71      1728674.68   1183474.34   2912149.02 
2000-2009     72      1691826.46   1122012.18   2813838.64 
2000-2009     73      1645951.19   1053000.08   2698951.27 
2000-2009     74      1598668.91    982960.98   2581629.90 
2000-2009     75      1544986.56    910193.78   2455180.34 
2000-2009     76      1482178.20    836437.26   2318615.46 
2000-2009     77      1406685.81    760219.06   2166904.87 
2000-2009     78      1310031.43    677964.28   1987995.71 
2000-2009     79      1199102.63    594640.99   1793743.61 
2000-2009     80      1087583.61    519464.07   1607047.69 
2000-2009     81       963715.47    440862.04   1404577.52 
2000-2009     82       836511.44    367533.21   1204044.66 
2000-2009     83       719128.50    304937.35   1024065.84 
2000-2009     84       609968.91    249825.89    859794.80 
2000-2009     85       516858.97    204919.54    721778.51 
2000-2009     86       437345.41    168074.01    605419.42 
2000-2009     87       365184.28    135663.62    500847.91 
2000-2009     88       303067.27    108488.37    411555.64 
2000-2009     89       249632.05     85781.65    335413.71 
2000-2009     90       202894.35     67072.92    269967.28 
2000-2009     91       164109.67     52517.00    216626.67 
2000-2009     92       131796.74     40749.15    172545.89 
2000-2009     93       102588.02     30605.44    133193.46 
2000-2009     94        76762.52     22147.89     98910.41 
2000-2009     95        54636.98     15356.74     69993.72 
2000-2009     96        37312.47     10197.53     47510.00 
2000-2009     97        24681.52      6538.96     31220.48 
2000-2009     98        15703.89      4101.70     19805.59 
2000-2009     99         9762.65      2521.93     12284.58 
2000-2009    100         6002.97      1531.80      7534.77 
2000-2009    101         3595.47       929.36      4524.83 
2000-2009    102         2096.67       529.80      2626.47 
2000-2009    103         1172.79       316.51      1489.30 
2000-2009    104          608.28       187.13       795.41 
2000-2009    105          313.69       116.26       429.95 
2000-2009    106          178.10        75.46       253.56 
2000-2009    107          110.97        44.13       155.11 
2000-2009    108           70.58        32.95       103.53 
2000-2009    109           43.73        23.33        67.06 
2000-2009    110+          34.57        22.48        57.06 
2010-2014      0       943088.33    997311.17   1940399.50 
2010-2014      1       989011.00   1044118.67   2033129.67 
2010-2014      2      1009501.50   1064293.00   2073794.50 
2010-2014      3      1011076.83   1064643.33   2075720.17 
2010-2014      4       997630.83   1049388.00   2047018.83 
2010-2014      5       968005.33   1018305.50   1986310.83 
2010-2014      6       929408.17    978556.67   1907964.83 
2010-2014      7       897582.33    945477.00   1843059.33 
2010-2014      8       881524.17    928629.00   1810153.17 
2010-2014      9       879449.83    926508.50   1805958.33 
2010-2014     10       887158.83    934232.50   1821391.33 
2010-2014     11       902555.50    950375.17   1852930.67 
2010-2014     12       925344.00    974381.83   1899725.83 
2010-2014     13       952520.83   1002582.33   1955103.17 
2010-2014     14       981376.50   1032121.67   2013498.17 
2010-2014     15      1017471.67   1067881.17   2085352.83 
2010-2014     16      1061663.33   1111886.67   2173550.00 
2010-2014     17      1108090.17   1158697.17   2266787.33 
2010-2014     18      1158298.33   1209659.17   2367957.50 
2010-2014     19      1211753.17   1263325.33   2475078.50 
2010-2014     20      1259323.17   1312611.33   2571934.50 
2010-2014     21      1301330.83   1354954.83   2656285.67 
2010-2014     22      1341335.00   1394487.83   2735822.83 
2010-2014     23      1378674.33   1430354.67   2809029.00 
2010-2014     24      1420937.17   1470267.67   2891204.83 
2010-2014     25      1472076.00   1520313.50   2992389.50 
2010-2014     26      1527615.33   1575034.33   3102649.67 
2010-2014     27      1575534.50   1622565.67   3198100.17 
2010-2014     28      1601732.33   1648866.17   3250598.50 
2010-2014     29      1609169.50   1655338.17   3264507.67 
2010-2014     30      1604505.33   1649672.17   3254177.50 
2010-2014     31      1583875.33   1628891.00   3212766.33 
2010-2014     32      1557981.50   1602618.67   3160600.17 
2010-2014     33      1543727.67   1587760.33   3131488.00 
2010-2014     34      1528603.00   1572270.67   3100873.67 
2010-2014     35      1501432.83   1543935.50   3045368.33 
2010-2014     36      1469304.50   1509896.17   2979200.67 
2010-2014     37      1432355.83   1470660.33   2903016.17 
2010-2014     38      1386287.67   1421535.50   2807823.17 
2010-2014     39      1336044.00   1368425.50   2704469.50 
2010-2014     40      1288273.50   1317341.33   2605614.83 
2010-2014     41      1245335.50   1270309.67   2515645.17 
2010-2014     42      1209671.50   1231241.50   2440913.00 
2010-2014     43      1183521.83   1202297.17   2385819.00 
2010-2014     44      1168612.83   1184543.33   2353156.17 
2010-2014     45      1166417.33   1179186.50   2345603.83 
2010-2014     46      1176177.83   1185304.67   2361482.50 
2010-2014     47      1193261.17   1197589.50   2390850.67 
2010-2014     48      1216901.50   1215697.33   2432598.83 
2010-2014     49      1251492.50   1242206.33   2493698.83 
2010-2014     50      1299143.33   1279709.17   2578852.50 
2010-2014     51      1355568.17   1324899.83   2680468.00 
2010-2014     52      1416084.50   1372118.00   2788202.50 
2010-2014     53      1471510.17   1413140.33   2884650.50 
2010-2014     54      1513577.17   1441583.83   2955161.00 
2010-2014     55      1534501.17   1448106.83   2982608.00 
2010-2014     56      1534205.83   1432360.33   2966566.17 
2010-2014     57      1522547.67   1405639.83   2928187.50 
2010-2014     58      1505368.50   1371775.00   2877143.50 
2010-2014     59      1478412.33   1328385.67   2806798.00 
2010-2014     60      1442038.50   1277517.50   2719556.00 
2010-2014     61      1401489.00   1224207.83   2625696.83 
2010-2014     62      1350872.33   1163485.33   2514357.67 
2010-2014     63      1284905.50   1090392.17   2375297.67 
2010-2014     64      1186303.00    990031.17   2176334.17 
2010-2014     65      1069390.00    875177.33   1944567.33 
2010-2014     66       959859.50    768525.00   1728384.50 
2010-2014     67       859991.67    672058.67   1532050.33 
2010-2014     68       783134.33    596970.33   1380104.67 
2010-2014     69       755312.00    561177.00   1316489.00 
2010-2014     70       761053.17    550513.83   1311567.00 
2010-2014     71       768962.17    540716.67   1309678.83 
2010-2014     72       779265.17    532479.83   1311745.00 
2010-2014     73       785698.33    521124.50   1306822.83 
2010-2014     74       781145.33    502908.83   1284054.17 
2010-2014     75       767016.50    479404.67   1246421.17 
2010-2014     76       745841.50    452862.67   1198704.17 
2010-2014     77       723227.67    425478.67   1148706.33 
2010-2014     78       699562.67    398078.17   1097640.83 
2010-2014     79       674703.00    370968.00   1045671.00 
2010-2014     80       646638.83    342568.67    989207.50 
2010-2014     81       612019.33    311767.17    923786.50 
2010-2014     82       568029.33    276811.33    844840.67 
2010-2014     83       516505.83    238860.33    755366.17 
2010-2014     84       464614.83    202239.00    666853.83 
2010-2014     85       411595.62    168454.71    580050.34 
2010-2014     86       359706.72    138168.97    497875.69 
2010-2014     87       310329.72    112782.21    423111.93 
2010-2014     88       260085.70     90269.79    350355.48 
2010-2014     89       208618.10     70389.81    279007.91 
2010-2014     90       162006.49     53315.69    215322.18 
2010-2014     91       119980.58     38347.91    158328.49 
2010-2014     92        83702.73     26125.83    109828.56 
2010-2014     93        57843.46     17507.40     75350.86 
2010-2014     94        40259.81     11637.08     51896.89 
2010-2014     95        28505.14      7825.68     36330.82 
2010-2014     96        21070.66      5632.93     26703.59 
2010-2014     97        15710.22      4096.12     19806.35 
2010-2014     98        11322.30      2824.64     14146.95 
2010-2014     99         7823.74      1923.07      9746.82 
2010-2014    100         5146.54      1243.58      6390.12 
2010-2014    101         3145.68       779.40      3925.08 
2010-2014    102         1875.69       475.36      2351.05 
2010-2014    103         1037.89       289.13      1327.02 
2010-2014    104          573.78       178.15       751.92 
2010-2014    105          306.77        98.99       405.76 
2010-2014    106          169.63        55.95       225.58 
2010-2014    107           89.17        29.93       119.10 
2010-2014    108           48.67        19.40        68.07 
2010-2014    109           30.54        10.12        40.65 
2010-2014    110+          22.56         5.99        28.54 
