Russia, Exposure to risk (period 1x10)     Last modified: 11-Nov-2015, MPv5 (May07)

   Year      Age       Female          Male         Total
1960-1969      0     10694661.47  11182660.19  21877321.66 
1960-1969      1     11046002.15  11521141.26  22567143.41 
1960-1969      2     11452308.62  11932416.78  23384725.40 
1960-1969      3     11832132.40  12317179.19  24149311.59 
1960-1969      4     12190139.75  12678509.07  24868648.82 
1960-1969      5     12525576.38  13013657.38  25539233.76 
1960-1969      6     12732555.41  13213291.90  25945847.31 
1960-1969      7     12811140.55  13284223.37  26095363.92 
1960-1969      8     12810983.53  13275148.04  26086131.57 
1960-1969      9     12717209.74  13173880.34  25891090.08 
1960-1969     10     12582314.78  13043177.50  25625492.29 
1960-1969     11     12409782.78  12887727.91  25297510.69 
1960-1969     12     12131407.34  12617192.71  24748600.05 
1960-1969     13     11811250.60  12302223.23  24113473.83 
1960-1969     14     11286140.89  11782434.72  23068575.61 
1960-1969     15     10473572.29  10968149.74  21441722.03 
1960-1969     16      9633999.17  10123700.93  19757700.10 
1960-1969     17      8941849.83   9416163.45  18358013.28 
1960-1969     18      8570430.33   8995974.07  17566404.39 
1960-1969     19      8489803.00   8818997.62  17308800.63 
1960-1969     20      8483328.88   8708397.44  17191726.32 
1960-1969     21      8642488.15   8793417.22  17435905.37 
1960-1969     22      8932045.22   9058361.48  17990406.70 
1960-1969     23      9165161.60   9259530.73  18424692.33 
1960-1969     24      9483611.98   9537702.34  19021314.32 
1960-1969     25      9897614.05   9919113.23  19816727.28 
1960-1969     26     10312965.85  10292024.03  20604989.88 
1960-1969     27     10723915.61  10660984.94  21384900.56 
1960-1969     28     10884733.80  10790261.86  21674995.66 
1960-1969     29     10906986.74  10783142.49  21690129.24 
1960-1969     30     10884086.68  10722701.73  21606788.41 
1960-1969     31     10836519.98  10609264.34  21445784.33 
1960-1969     32     10773771.65  10462601.66  21236373.31 
1960-1969     33     10744183.93  10294253.64  21038437.57 
1960-1969     34     10853691.78  10146760.03  21000451.81 
1960-1969     35     11009326.06   9964894.28  20974220.34 
1960-1969     36     11199895.81   9774978.74  20974874.55 
1960-1969     37     11185059.73   9407206.29  20592266.02 
1960-1969     38     10928999.90   8859469.38  19788469.27 
1960-1969     39     10538958.68   8212562.69  18751521.36 
1960-1969     40     10013629.56   7474833.99  17488463.55 
1960-1969     41      9497964.77   6761133.05  16259097.83 
1960-1969     42      8929058.08   6038867.83  14967925.91 
1960-1969     43      8308716.32   5350738.57  13659454.88 
1960-1969     44      7868243.79   4895360.13  12763603.92 
1960-1969     45      7621934.94   4648782.33  12270717.27 
1960-1969     46      7515736.83   4544766.66  12060503.49 
1960-1969     47      7541339.36   4549400.59  12090739.94 
1960-1969     48      7662824.81   4597347.67  12260172.48 
1960-1969     49      7884428.89   4677224.39  12561653.28 
1960-1969     50      8072863.71   4737230.68  12810094.39 
1960-1969     51      8133880.20   4718799.46  12852679.66 
1960-1969     52      8245235.00   4721584.07  12966819.07 
1960-1969     53      8396563.15   4756861.81  13153424.97 
1960-1969     54      8424474.84   4715320.65  13139795.49 
1960-1969     55      8241974.77   4554666.44  12796641.21 
1960-1969     56      8018091.63   4344823.68  12362915.30 
1960-1969     57      7786404.04   4110985.66  11897389.70 
1960-1969     58      7454582.14   3832092.59  11286674.73 
1960-1969     59      7214344.61   3574117.42  10788462.03 
1960-1969     60      6944019.79   3324887.00  10268906.79 
1960-1969     61      6620719.86   3086728.16   9707448.01 
1960-1969     62      6298629.21   2860546.37   9159175.58 
1960-1969     63      5950907.06   2634842.88   8585749.94 
1960-1969     64      5648277.12   2449700.69   8097977.80 
1960-1969     65      5318752.93   2270734.65   7589487.58 
1960-1969     66      5000069.37   2108290.91   7108360.28 
1960-1969     67      4689228.39   1963493.54   6652721.93 
1960-1969     68      4354686.03   1823614.36   6178300.39 
1960-1969     69      4037464.20   1699910.27   5737374.47 
1960-1969     70      3730332.71   1568240.26   5298572.96 
1960-1969     71      3521534.56   1458780.37   4980314.93 
1960-1969     72      3333294.88   1361866.18   4695161.06 
1960-1969     73      3067685.15   1242163.48   4309848.63 
1960-1969     74      2835147.31   1130933.39   3966080.70 
1960-1969     75      2597943.40   1018842.92   3616786.32 
1960-1969     76      2385994.66    914975.99   3300970.65 
1960-1969     77      2193203.98    822136.00   3015339.98 
1960-1969     78      1984778.44    726640.50   2711418.95 
1960-1969     79      1794822.27    641147.92   2435970.19 
1960-1969     80      1545879.43    551863.68   2097743.11 
1960-1969     81      1349528.17    475550.16   1825078.33 
1960-1969     82      1163628.26    404359.09   1567987.34 
1960-1969     83       986651.51    337291.01   1323942.52 
1960-1969     84       831521.31    279445.04   1110966.35 
1960-1969     85       690280.92    227800.03    918080.95 
1960-1969     86       565143.84    183050.60    748194.43 
1960-1969     87       458354.41    145301.59    603656.00 
1960-1969     88       368355.36    114091.28    482446.64 
1960-1969     89       296553.92     89691.55    386245.46 
1960-1969     90       233744.49     69566.17    303310.66 
1960-1969     91       183330.66     54055.65    237386.30 
1960-1969     92       146890.42     42671.20    189561.62 
1960-1969     93       115263.54     32794.95    148058.49 
1960-1969     94        90501.59     25252.79    115754.38 
1960-1969     95        70491.33     19551.67     90043.00 
1960-1969     96        53989.03     15028.90     69017.93 
1960-1969     97        40615.62     11295.59     51911.21 
1960-1969     98        29745.72      8223.21     37968.93 
1960-1969     99        21072.73      5793.98     26866.71 
1960-1969    100        15071.40      4108.62     19180.02 
1960-1969    101        10738.71      2911.05     13649.76 
1960-1969    102         7579.53      2057.21      9636.74 
1960-1969    103         5279.20      1434.48      6713.69 
1960-1969    104         3640.65       989.37      4630.02 
1960-1969    105         2469.84       671.29      3141.13 
1960-1969    106         1651.07       449.32      2100.40 
1960-1969    107         1093.46       298.18      1391.63 
1960-1969    108          714.98       194.58       909.55 
1960-1969    109          459.83       124.42       584.25 
1960-1969    110+         716.66       177.02       893.67 
1970-1979      0     10309071.98  10688621.00  20997692.98 
1970-1979      1      9967068.25  10276507.50  20243575.75 
1970-1979      2      9781427.56  10085879.11  19867306.67 
1970-1979      3      9645637.45   9944299.64  19589937.09 
1970-1979      4      9555971.38   9854424.01  19410395.39 
1970-1979      5      9512905.48   9812860.90  19325766.38 
1970-1979      6      9574533.30   9864062.86  19438596.16 
1970-1979      7      9724823.46  10010342.97  19735166.43 
1970-1979      8      9949945.01  10244362.20  20194307.20 
1970-1979      9     10236626.68  10567586.87  20804213.55 
1970-1979     10     10568708.29  10960215.50  21528923.79 
1970-1979     11     10916902.98  11366998.04  22283901.02 
1970-1979     12     11302950.32  11791357.85  23094308.17 
1970-1979     13     11637422.44  12119932.06  23757354.50 
1970-1979     14     11952078.22  12433892.24  24385970.46 
1970-1979     15     12235525.36  12696281.45  24931806.80 
1970-1979     16     12397973.37  12838157.35  25236130.72 
1970-1979     17     12480785.93  12894167.99  25374953.92 
1970-1979     18     12499534.43  12921971.23  25421505.66 
1970-1979     19     12407837.44  12870666.98  25278504.43 
1970-1979     20     12337678.61  12805382.21  25143060.82 
1970-1979     21     12143139.52  12581372.17  24724511.69 
1970-1979     22     11871572.41  12298051.81  24169624.22 
1970-1979     23     11586920.98  12001111.34  23588032.33 
1970-1979     24     11065392.20  11452511.45  22517903.65 
1970-1979     25     10289745.62  10626538.13  20916283.75 
1970-1979     26      9477340.85   9781197.85  19258538.70 
1970-1979     27      8807204.65   9048772.71  17855977.37 
1970-1979     28      8443394.82   8618051.18  17061446.00 
1970-1979     29      8330777.73   8432542.72  16763320.46 
1970-1979     30      8342910.04   8373984.29  16716894.33 
1970-1979     31      8490525.04   8432995.68  16923520.72 
1970-1979     32      8760450.23   8638658.51  17399108.74 
1970-1979     33      8960257.05   8761598.43  17721855.47 
1970-1979     34      9261179.91   8997007.53  18258187.44 
1970-1979     35      9634156.35   9314794.98  18948951.33 
1970-1979     36      9988883.59   9607496.72  19596380.31 
1970-1979     37     10393245.98   9944547.31  20337793.30 
1970-1979     38     10537721.19  10049694.33  20587415.52 
1970-1979     39     10543077.13  10019065.62  20562142.75 
1970-1979     40     10521057.48   9943600.46  20464657.95 
1970-1979     41     10449911.73   9820630.96  20270542.70 
1970-1979     42     10379952.84   9657647.57  20037600.41 
1970-1979     43     10348227.27   9467781.17  19816008.44 
1970-1979     44     10424134.32   9282588.75  19706723.08 
1970-1979     45     10601802.20   9101547.36  19703349.55 
1970-1979     46     10770959.25   8893952.36  19664911.61 
1970-1979     47     10799380.51   8523825.13  19323205.64 
1970-1979     48     10600197.04   8020812.93  18621009.97 
1970-1979     49     10233888.88   7419170.77  17653059.65 
1970-1979     50      9732218.09   6737509.64  16469727.73 
1970-1979     51      9226772.00   6057491.67  15284263.67 
1970-1979     52      8657697.27   5380910.80  14038608.06 
1970-1979     53      8056290.26   4739806.72  12796096.98 
1970-1979     54      7611397.63   4296337.26  11907734.89 
1970-1979     55      7396066.50   4062559.53  11458626.02 
1970-1979     56      7269687.46   3936605.81  11206293.27 
1970-1979     57      7245493.26   3895888.10  11141381.37 
1970-1979     58      7338120.86   3901299.56  11239420.42 
1970-1979     59      7480160.58   3927265.43  11407426.01 
1970-1979     60      7608553.97   3955886.98  11564440.96 
1970-1979     61      7601414.87   3871840.75  11473255.62 
1970-1979     62      7639495.49   3814439.76  11453935.24 
1970-1979     63      7717232.22   3764506.21  11481738.43 
1970-1979     64      7680003.40   3663633.51  11343636.91 
1970-1979     65      7462273.71   3465401.67  10927675.38 
1970-1979     66      7165108.55   3231211.65  10396320.20 
1970-1979     67      6835185.09   2970535.79   9805720.88 
1970-1979     68      6482044.17   2700220.43   9182264.59 
1970-1979     69      6132878.14   2431979.04   8564857.18 
1970-1979     70      5765290.58   2195167.35   7960457.92 
1970-1979     71      5354787.10   1962705.06   7317492.17 
1970-1979     72      4945785.45   1750353.06   6696138.51 
1970-1979     73      4546195.69   1546353.62   6092549.31 
1970-1979     74      4156056.42   1373234.66   5529291.08 
1970-1979     75      3778222.32   1219855.82   4998078.14 
1970-1979     76      3394318.74   1077923.40   4472242.14 
1970-1979     77      3009568.29    946760.21   3956328.50 
1970-1979     78      2618367.84    826519.80   3444887.64 
1970-1979     79      2263837.81    716683.58   2980521.39 
1970-1979     80      1999152.26    631280.10   2630432.36 
1970-1979     81      1763487.06    546473.43   2309960.49 
1970-1979     82      1557771.95    473075.88   2030847.82 
1970-1979     83      1356193.90    402703.07   1758896.97 
1970-1979     84      1166635.91    336955.37   1503591.28 
1970-1979     85       993910.06    277927.00   1271837.05 
1970-1979     86       838120.97    226976.80   1065097.77 
1970-1979     87       697982.01    183373.88    881355.90 
1970-1979     88       573876.44    146119.17    719995.62 
1970-1979     89       465120.45    115115.82    580236.27 
1970-1979     90       367558.39     89231.63    456790.02 
1970-1979     91       284759.66     68053.72    352813.38 
1970-1979     92       218482.43     51426.46    269908.89 
1970-1979     93       164890.51     38349.20    203239.70 
1970-1979     94       123760.17     28522.20    152282.37 
1970-1979     95        91829.17     21021.31    112850.48 
1970-1979     96        67298.75     15525.12     82823.87 
1970-1979     97        48882.47     11484.30     60366.77 
1970-1979     98        35220.43      8433.84     43654.26 
1970-1979     99        24532.88      5968.99     30501.88 
1970-1979    100        16679.78      4119.21     20798.99 
1970-1979    101        11105.35      2794.63     13899.97 
1970-1979    102         7246.63      1853.07      9099.70 
1970-1979    103         4631.44      1205.08      5836.52 
1970-1979    104         2895.06       771.24      3666.30 
1970-1979    105         1781.08       490.11      2271.20 
1970-1979    106         1075.70       306.34      1382.05 
1970-1979    107          633.30       185.58       818.87 
1970-1979    108          365.32       110.28       475.60 
1970-1979    109          204.94        63.37       268.32 
1970-1979    110+         213.38        58.96       272.35 
1980-1989      0     11442321.28  11913431.44  23355752.71 
1980-1989      1     11358520.98  11793383.95  23151904.93 
1980-1989      2     11252598.73  11663710.76  22916309.49 
1980-1989      3     11111042.50  11497503.66  22608546.16 
1980-1989      4     10977217.96  11347049.09  22324267.05 
1980-1989      5     10846241.89  11199807.24  22046049.13 
1980-1989      6     10665949.33  11006406.15  21672355.48 
1980-1989      7     10493082.02  10820104.42  21313186.44 
1980-1989      8     10372062.69  10688993.10  21061055.78 
1980-1989      9     10244562.14  10561619.67  20806181.81 
1980-1989     10     10090944.37  10410229.77  20501174.14 
1980-1989     11      9921408.68  10246810.94  20168219.61 
1980-1989     12      9755999.13  10090992.74  19846991.86 
1980-1989     13      9610088.47   9954089.59  19564178.07 
1980-1989     14      9499322.04   9850654.93  19349976.97 
1980-1989     15      9445635.40   9795802.93  19241438.33 
1980-1989     16      9490813.00   9846829.13  19337642.13 
1980-1989     17      9741739.35  10103728.36  19845467.71 
1980-1989     18     10010745.73  10412920.14  20423665.87 
1980-1989     19     10331862.41  10760953.49  21092815.90 
1980-1989     20     10682291.41  11109361.46  21791652.87 
1980-1989     21     11078661.59  11528885.81  22607547.40 
1980-1989     22     11484000.34  11972883.66  23456884.00 
1980-1989     23     11835705.77  12332444.92  24168150.69 
1980-1989     24     12142846.62  12621670.84  24764517.46 
1980-1989     25     12425078.56  12865862.30  25290940.87 
1980-1989     26     12586111.89  12987526.15  25573638.05 
1980-1989     27     12620294.32  12975837.69  25596132.01 
1980-1989     28     12571448.34  12869703.93  25441152.27 
1980-1989     29     12448217.36  12696151.42  25144368.78 
1980-1989     30     12308153.50  12511937.99  24820091.50 
1980-1989     31     12113651.42  12272347.87  24385999.29 
1980-1989     32     11834171.28  11947685.59  23781856.88 
1980-1989     33     11527645.56  11597365.29  23125010.86 
1980-1989     34     11008744.52  11030223.97  22038968.49 
1980-1989     35     10232228.12  10210901.77  20443129.89 
1980-1989     36      9423831.51   9367981.35  18791812.86 
1980-1989     37      8726379.96   8623038.14  17349418.10 
1980-1989     38      8336119.48   8165567.91  16501687.39 
1980-1989     39      8205005.00   7963662.83  16168667.83 
1980-1989     40      8174252.88   7841677.24  16015930.12 
1980-1989     41      8310098.04   7871512.17  16181610.20 
1980-1989     42      8561278.02   8029476.35  16590754.37 
1980-1989     43      8775320.16   8152738.43  16928058.59 
1980-1989     44      9047524.69   8337378.92  17384903.61 
1980-1989     45      9402080.43   8597698.99  17999779.42 
1980-1989     46      9747265.61   8839929.84  18587195.45 
1980-1989     47     10072628.35   9055013.10  19127641.45 
1980-1989     48     10180833.36   9082141.85  19262975.21 
1980-1989     49     10147558.48   8974721.44  19122279.91 
1980-1989     50     10103227.05   8852650.83  18955877.89 
1980-1989     51     10021229.71   8683191.28  18704420.99 
1980-1989     52      9924199.44   8469194.80  18393394.24 
1980-1989     53      9879639.06   8247573.40  18127212.45 
1980-1989     54      9941427.86   8020143.67  17961571.53 
1980-1989     55     10083016.21   7793450.97  17876467.19 
1980-1989     56     10254217.81   7553700.85  17807918.66 
1980-1989     57     10220737.25   7162337.21  17383074.45 
1980-1989     58      9952641.59   6634854.21  16587495.81 
1980-1989     59      9526102.24   6041901.28  15568003.51 
1980-1989     60      8990263.83   5400346.53  14390610.36 
1980-1989     61      8486555.81   4798827.19  13285383.00 
1980-1989     62      7910743.07   4200348.71  12111091.79 
1980-1989     63      7282885.29   3633144.21  10916029.50 
1980-1989     64      6795695.61   3231362.42  10027058.03 
1980-1989     65      6504044.82   2995009.19   9499054.00 
1980-1989     66      6324048.33   2853582.61   9177630.94 
1980-1989     67      6239062.60   2770743.59   9009806.19 
1980-1989     68      6245012.07   2713883.21   8958895.28 
1980-1989     69      6264498.11   2653468.87   8917966.98 
1980-1989     70      6241340.38   2562258.34   8803598.71 
1980-1989     71      6158848.63   2443856.84   8602705.47 
1980-1989     72      6073407.56   2327202.05   8400609.61 
1980-1989     73      5968845.26   2208479.82   8177325.08 
1980-1989     74      5753756.24   2050980.28   7804736.52 
1980-1989     75      5391969.46   1848108.52   7240077.97 
1980-1989     76      4974870.89   1632591.44   6607462.33 
1980-1989     77      4547000.72   1421153.27   5968154.00 
1980-1989     78      4112681.81   1215101.27   5327783.08 
1980-1989     79      3686000.68   1027009.74   4713010.42 
1980-1989     80      3135026.05    845669.26   3980695.32 
1980-1989     81      2728677.29    701807.78   3430485.07 
1980-1989     82      2341096.20    575504.47   2916600.68 
1980-1989     83      1983293.70    467087.81   2450381.51 
1980-1989     84      1661201.58    377671.80   2038873.38 
1980-1989     85      1370125.48    302807.05   1672932.53 
1980-1989     86      1110729.02    239964.85   1350693.87 
1980-1989     87       888211.79    188595.92   1076807.71 
1980-1989     88       703588.55    147607.66    851196.22 
1980-1989     89       551591.71    114083.47    665675.18 
1980-1989     90       427926.87     86249.99    514176.85 
1980-1989     91       334048.79     65037.00    399085.79 
1980-1989     92       261783.93     49372.92    311156.85 
1980-1989     93       202172.76     36901.31    239074.07 
1980-1989     94       154707.27     27119.85    181827.12 
1980-1989     95       117171.04     19849.71    137020.76 
1980-1989     96        87855.78     14658.54    102514.31 
1980-1989     97        65274.41     10870.81     76145.22 
1980-1989     98        47773.72      8063.97     55837.70 
1980-1989     99        33846.36      5811.04     39657.40 
1980-1989    100        23528.94      4055.36     27584.30 
1980-1989    101        16011.78      2770.57     18782.35 
1980-1989    102        10682.03      1859.23     12541.27 
1980-1989    103         7043.95      1243.23      8287.18 
1980-1989    104         4588.12       822.21      5410.33 
1980-1989    105         2936.90       534.49      3471.39 
1980-1989    106         1844.10       341.82      2185.92 
1980-1989    107         1137.27       215.40      1352.67 
1980-1989    108          688.53       132.19       820.72 
1980-1989    109          410.14        78.82       488.96 
1980-1989    110+         510.95        84.58       595.54 
1990-1999      0      7265121.02   7657219.62  14922340.64 
1990-1999      1      7734581.28   8128957.66  15863538.94 
1990-1999      2      8306416.16   8712594.59  17019010.75 
1990-1999      3      8916828.20   9336515.08  18253343.28 
1990-1999      4      9482783.58   9913601.00  19396384.58 
1990-1999      5     10004598.09  10445960.63  20450558.72 
1990-1999      6     10542898.78  10988410.52  21531309.30 
1990-1999      7     11010200.68  11458381.66  22468582.34 
1990-1999      8     11320079.72  11762421.70  23082501.42 
1990-1999      9     11507799.47  11937693.54  23445493.01 
1990-1999     10     11597921.65  12012500.97  23610422.62 
1990-1999     11     11590744.55  11992054.27  23582798.82 
1990-1999     12     11485611.99  11872859.91  23358471.90 
1990-1999     13     11329984.49  11704757.53  23034742.02 
1990-1999     14     11182478.85  11550839.08  22733317.93 
1990-1999     15     11030750.08  11388944.80  22419694.87 
1990-1999     16     10820242.69  11156896.45  21977139.14 
1990-1999     17     10631332.10  10942445.60  21573777.70 
1990-1999     18     10500558.34  10794134.36  21294692.70 
1990-1999     19     10343610.78  10616077.48  20959688.26 
1990-1999     20     10175139.20  10512201.53  20687340.72 
1990-1999     21     10011985.28  10416419.50  20428404.78 
1990-1999     22      9848897.90  10277858.52  20126756.42 
1990-1999     23      9730476.79  10148490.26  19878967.05 
1990-1999     24      9658507.11  10050645.87  19709152.98 
1990-1999     25      9647992.78  10010283.46  19658276.24 
1990-1999     26      9743996.07  10072610.26  19816606.33 
1990-1999     27      9914569.90  10209230.94  20123800.84 
1990-1999     28     10157987.69  10421206.41  20579194.10 
1990-1999     29     10482215.53  10698739.22  21180954.75 
1990-1999     30     10852786.54  11021749.29  21874535.83 
1990-1999     31     11249292.60  11380919.52  22630212.13 
1990-1999     32     11633515.15  11733602.64  23367117.80 
1990-1999     33     11966985.20  12029998.04  23996983.24 
1990-1999     34     12256212.31  12270149.20  24526361.50 
1990-1999     35     12515518.60  12471431.21  24986949.82 
1990-1999     36     12652985.24  12550741.01  25203726.24 
1990-1999     37     12661823.16  12499456.50  25161279.66 
1990-1999     38     12599061.19  12379383.80  24978444.99 
1990-1999     39     12439328.21  12159402.97  24598731.18 
1990-1999     40     12273295.45  11923544.57  24196840.02 
1990-1999     41     12057277.02  11649280.48  23706557.50 
1990-1999     42     11734923.22  11270945.00  23005868.22 
1990-1999     43     11384559.53  10863183.70  22247743.24 
1990-1999     44     10834419.81  10264353.80  21098773.61 
1990-1999     45     10041065.79   9440226.08  19481291.87 
1990-1999     46      9221318.80   8603347.40  17824666.20 
1990-1999     47      8533403.48   7883284.29  16416687.76 
1990-1999     48      8140696.52   7428983.42  15569679.94 
1990-1999     49      7993493.06   7196000.36  15189493.41 
1990-1999     50      7929629.55   7028531.07  14958160.62 
1990-1999     51      8030611.29   7011957.85  15042569.14 
1990-1999     52      8246112.23   7098653.69  15344765.92 
1990-1999     53      8411214.39   7142159.47  15553373.86 
1990-1999     54      8630805.78   7226083.89  15856889.67 
1990-1999     55      8935527.23   7359511.93  16295039.16 
1990-1999     56      9226894.32   7465951.13  16692845.45 
1990-1999     57      9509539.53   7554276.70  17063816.23 
1990-1999     58      9594177.95   7495828.38  17090006.33 
1990-1999     59      9531355.45   7319165.12  16850520.58 
1990-1999     60      9437782.91   7107585.33  16545368.24 
1990-1999     61      9292369.35   6859913.66  16152283.02 
1990-1999     62      9124291.52   6580580.33  15704871.85 
1990-1999     63      9008351.16   6295382.10  15303733.25 
1990-1999     64      8978936.55   5999839.81  14978776.35 
1990-1999     65      9010923.16   5701159.69  14712082.84 
1990-1999     66      9038093.90   5393196.39  14431290.29 
1990-1999     67      8863579.34   4981069.98  13844649.32 
1990-1999     68      8487741.16   4492758.16  12980499.31 
1990-1999     69      7973701.69   3972517.93  11946219.62 
1990-1999     70      7387963.20   3447526.01  10835489.20 
1990-1999     71      6796635.85   2962001.47   9758637.31 
1990-1999     72      6166272.69   2499423.19   8665695.89 
1990-1999     73      5540561.14   2092155.34   7632716.48 
1990-1999     74      5026715.69   1793233.46   6819949.15 
1990-1999     75      4669312.95   1595327.95   6264640.90 
1990-1999     76      4380718.82   1449859.27   5830578.09 
1990-1999     77      4162894.80   1339698.39   5502593.19 
1990-1999     78      3981409.45   1238929.78   5220339.22 
1990-1999     79      3794043.76   1136308.85   4930352.61 
1990-1999     80      3558186.03   1006552.25   4564738.28 
1990-1999     81      3272584.97    885951.70   4158536.67 
1990-1999     82      2988149.63    773040.44   3761190.07 
1990-1999     83      2718118.87    671892.85   3390011.72 
1990-1999     84      2393147.98    565306.45   2958454.43 
1990-1999     85      2030605.33    457632.78   2488238.12 
1990-1999     86      1677826.70    359662.62   2037489.32 
1990-1999     87      1357332.95    275909.88   1633242.83 
1990-1999     88      1075189.43    206278.91   1281468.34 
1990-1999     89       836622.18    151265.11    987887.28 
1990-1999     90       635440.29    108964.07    744404.36 
1990-1999     91       473275.36     77449.29    550724.65 
1990-1999     92       343199.57     53729.62    396929.19 
1990-1999     93       244583.21     36688.80    281272.00 
1990-1999     94       171807.96     24931.14    196739.10 
1990-1999     95       119099.12     16797.56    135896.68 
1990-1999     96        82295.66     11318.09     93613.76 
1990-1999     97        57066.03      7703.46     64769.49 
1990-1999     98        40200.95      5362.74     45563.69 
1990-1999     99        28855.88      3751.86     32607.74 
1990-1999    100        19457.86      2443.86     21901.72 
1990-1999    101        12245.25      1509.33     13754.57 
1990-1999    102         7625.01       933.70      8558.71 
1990-1999    103         4636.66       568.84      5205.50 
1990-1999    104         2757.42       340.55      3097.96 
1990-1999    105         1619.17       201.92      1821.09 
1990-1999    106          941.78       118.59      1060.37 
1990-1999    107          541.62        68.75       610.36 
1990-1999    108          305.28        38.71       343.99 
1990-1999    109          168.68        21.35       190.03 
1990-1999    110+         180.39        21.22       201.60 
2000-2009      0      7061209.41   7455325.81  14516535.22 
2000-2009      1      6824636.96   7185935.23  14010572.19 
2000-2009      2      6661359.82   7003400.92  13664760.75 
2000-2009      3      6572838.41   6903352.06  13476190.46 
2000-2009      4      6543502.08   6870520.35  13414022.43 
2000-2009      5      6540120.08   6865716.56  13405836.64 
2000-2009      6      6548620.03   6873074.02  13421694.05 
2000-2009      7      6622469.69   6948738.44  13571208.13 
2000-2009      8      6828609.34   7161622.09  13990231.43 
2000-2009      9      7149834.34   7494295.29  14644129.63 
2000-2009     10      7581459.02   7939853.01  15521312.03 
2000-2009     11      8105531.97   8475203.46  16580735.43 
2000-2009     12      8716054.31   9091095.17  17807149.47 
2000-2009     13      9375172.50   9757548.74  19132721.24 
2000-2009     14      9971390.14  10362590.80  20333980.95 
2000-2009     15     10522740.99  10920324.60  21443065.59 
2000-2009     16     11073971.83  11480099.72  22554071.55 
2000-2009     17     11586338.04  12009387.18  23595725.22 
2000-2009     18     11899211.18  12216611.17  24115822.35 
2000-2009     19     12027552.24  12204144.71  24231696.95 
2000-2009     20     12021210.15  12213055.83  24234265.99 
2000-2009     21     11931533.08  12163466.74  24094999.82 
2000-2009     22     11760541.62  12007634.24  23768175.86 
2000-2009     23     11578742.16  11769403.98  23348146.13 
2000-2009     24     11410108.23  11561497.01  22971605.23 
2000-2009     25     11246039.53  11365267.49  22611307.02 
2000-2009     26     11055889.05  11135444.89  22191333.94 
2000-2009     27     10886490.81  10932181.26  21818672.07 
2000-2009     28     10777826.66  10796657.74  21574484.40 
2000-2009     29     10636518.94  10630550.75  21267069.69 
2000-2009     30     10477883.59  10437206.36  20915089.95 
2000-2009     31     10323879.74  10236971.43  20560851.17 
2000-2009     32     10180598.44  10051030.03  20231628.47 
2000-2009     33     10070664.88   9903930.31  19974595.19 
2000-2009     34      9974935.98   9781996.98  19756932.95 
2000-2009     35      9931242.58   9706720.17  19637962.76 
2000-2009     36      9990502.57   9727796.65  19718299.23 
2000-2009     37     10139050.98   9832626.71  19971677.69 
2000-2009     38     10370712.46  10007517.09  20378229.55 
2000-2009     39     10658612.65  10227527.50  20886140.16 
2000-2009     40     10982816.15  10465310.37  21448126.52 
2000-2009     41     11325317.67  10714238.75  22039556.43 
2000-2009     42     11662688.82  10955939.45  22618628.27 
2000-2009     43     11961026.57  11152548.56  23113575.13 
2000-2009     44     12190199.16  11273534.00  23463733.15 
2000-2009     45     12382119.94  11343074.64  23725194.57 
2000-2009     46     12465261.87  11305304.90  23770566.77 
2000-2009     47     12440305.57  11165823.81  23606129.38 
2000-2009     48     12357772.05  10970308.73  23328080.79 
2000-2009     49     12159777.41  10666348.63  22826126.04 
2000-2009     50     11962123.82  10352949.74  22315073.55 
2000-2009     51     11715163.48  10007787.13  21722950.61 
2000-2009     52     11371570.17   9586516.99  20958087.17 
2000-2009     53     11009019.75   9149734.35  20158754.10 
2000-2009     54     10441778.44   8550321.80  18992100.25 
2000-2009     55      9641834.69   7770390.95  17412225.65 
2000-2009     56      8817484.21   6995702.86  15813187.07 
2000-2009     57      8131954.54   6343476.76  14475431.30 
2000-2009     58      7729181.91   5917570.72  13646752.63 
2000-2009     59      7542137.24   5659424.97  13201562.21 
2000-2009     60      7437062.54   5453720.23  12890782.77 
2000-2009     61      7477237.88   5343056.38  12820294.26 
2000-2009     62      7621150.12   5304799.53  12925949.65 
2000-2009     63      7711786.26   5230536.74  12942323.00 
2000-2009     64      7837113.21   5176494.66  13013607.88 
2000-2009     65      8024527.60   5156387.54  13180915.14 
2000-2009     66      8184137.75   5107934.32  13292072.08 
2000-2009     67      8323542.89   5046755.99  13370298.88 
2000-2009     68      8277606.83   4887066.21  13164673.04 
2000-2009     69      8081918.53   4645835.55  12727754.08 
2000-2009     70      7841566.46   4379263.42  12220829.88 
2000-2009     71      7543003.98   4085980.88  11628984.86 
2000-2009     72      7215990.16   3775482.54  10991472.70 
2000-2009     73      6915178.01   3461911.30  10377089.31 
2000-2009     74      6676141.54   3155931.63   9832073.17 
2000-2009     75      6465655.73   2858990.78   9324646.51 
2000-2009     76      6243595.50   2576164.28   8819759.78 
2000-2009     77      5875934.95   2261622.93   8137557.88 
2000-2009     78      5375630.81   1932529.57   7308160.37 
2000-2009     79      4792236.36   1608781.88   6401018.25 
2000-2009     80      4206559.06   1292907.19   5499466.25 
2000-2009     81      3631903.27   1033926.63   4665829.90 
2000-2009     82      3069017.61    806625.34   3875642.95 
2000-2009     83      2537382.98    617575.83   3154958.81 
2000-2009     84      2106948.80    481664.54   2588613.33 
2000-2009     85      1773810.40    387851.86   2161662.26 
2000-2009     86      1496414.68    317515.06   1813929.74 
2000-2009     87      1261080.65    261492.79   1522573.43 
2000-2009     88      1057320.09    213185.08   1270505.17 
2000-2009     89       875020.51    170137.93   1045158.44 
2000-2009     90       709295.42    132501.90    841797.33 
2000-2009     91       550743.32     98673.51    649416.84 
2000-2009     92       419307.18     72243.41    491550.59 
2000-2009     93       314175.12     52211.15    366386.26 
2000-2009     94       225623.60     36230.78    261854.37 
2000-2009     95       154108.31     23884.19    177992.49 
2000-2009     96       101441.65     15156.72    116598.37 
2000-2009     97        65581.45      9524.34     75105.80 
2000-2009     98        41900.26      5921.12     47821.38 
2000-2009     99        26956.86      3738.75     30695.61 
2000-2009    100        17226.28      2352.37     19578.65 
2000-2009    101        10305.84      1418.81     11724.65 
2000-2009    102         5968.37       828.61      6796.98 
2000-2009    103         3372.82       473.15      3845.97 
2000-2009    104         1861.95       265.20      2127.15 
2000-2009    105         1000.34       144.62      1144.96 
2000-2009    106          521.23        75.46       596.69 
2000-2009    107          263.53        36.68       300.21 
2000-2009    108          129.09        15.69       144.78 
2000-2009    109           59.61         5.17        64.78 
2000-2009    110+          34.09         1.27        35.36 
2010-2014      0      4397350.22   4645455.30   9042805.53 
2010-2014      1      4280158.40   4515048.21   8795206.61 
2010-2014      2      4155549.18   4377861.47   8533410.66 
2010-2014      3      4004126.50   4213295.43   8217421.93 
2010-2014      4      3879753.33   4075915.65   7955668.99 
2010-2014      5      3785658.17   3971165.84   7756824.00 
2010-2014      6      3683074.00   3862630.52   7545704.52 
2010-2014      7      3588541.17   3763295.30   7351836.46 
2010-2014      8      3512342.51   3682636.85   7194979.36 
2010-2014      9      3448197.33   3619151.78   7067349.12 
2010-2014     10      3370014.00   3542050.35   6912064.35 
2010-2014     11      3290443.33   3459215.19   6749658.53 
2010-2014     12      3231487.34   3396337.15   6627824.48 
2010-2014     13      3213285.66   3375489.60   6588775.27 
2010-2014     14      3247858.51   3406130.63   6653989.14 
2010-2014     15      3329086.01   3485914.94   6815000.95 
2010-2014     16      3435275.50   3594266.40   7029541.90 
2010-2014     17      3607589.17   3757406.77   7364995.94 
2010-2014     18      3885123.15   4031366.18   7916489.34 
2010-2014     19      4244404.83   4419093.25   8663498.07 
2010-2014     20      4662015.01   4851321.65   9513336.66 
2010-2014     21      5095870.15   5283412.26  10379282.42 
2010-2014     22      5513901.30   5708065.27  11221966.57 
2010-2014     23      5849202.00   6039429.33  11888631.33 
2010-2014     24      6055115.66   6220313.25  12275428.91 
2010-2014     25      6153771.64   6287162.41  12440934.05 
2010-2014     26      6206179.61   6317694.07  12523873.68 
2010-2014     27      6182473.98   6267187.76  12449661.74 
2010-2014     28      6070705.71   6123807.08  12194512.79 
2010-2014     29      5973191.32   6006682.07  11979873.39 
2010-2014     30      5890574.82   5904399.09  11794973.91 
2010-2014     31      5766245.37   5745460.93  11511706.30 
2010-2014     32      5649514.84   5587003.50  11236518.34 
2010-2014     33      5584387.59   5479451.12  11063838.71 
2010-2014     34      5520991.04   5369580.06  10890571.11 
2010-2014     35      5452719.87   5257016.12  10709735.99 
2010-2014     36      5391622.85   5165562.88  10557185.73 
2010-2014     37      5333894.78   5088333.50  10422228.28 
2010-2014     38      5266208.06   5010409.46  10276617.52 
2010-2014     39      5183797.86   4930766.62  10114564.48 
2010-2014     40      5087066.85   4834958.14   9922024.99 
2010-2014     41      4974097.87   4713659.62   9687757.49 
2010-2014     42      4863656.97   4590742.92   9454399.89 
2010-2014     43      4783145.10   4486155.90   9269301.00 
2010-2014     44      4749885.58   4411336.01   9161221.59 
2010-2014     45      4790135.78   4400688.96   9190824.74 
2010-2014     46      4935638.21   4490744.51   9426382.72 
2010-2014     47      5156361.99   4643445.33   9799807.31 
2010-2014     48      5417764.04   4829746.38  10247510.42 
2010-2014     49      5708081.28   5042642.18  10750723.46 
2010-2014     50      5965644.72   5212925.25  11178569.97 
2010-2014     51      6133114.94   5287642.98  11420757.92 
2010-2014     52      6223915.66   5290245.43  11514161.09 
2010-2014     53      6227860.44   5211680.33  11439540.77 
2010-2014     54      6148210.00   5043407.86  11191617.86 
2010-2014     55      6069425.04   4870705.04  10940130.08 
2010-2014     56      5963777.61   4690937.65  10654715.25 
2010-2014     57      5822571.56   4487587.63  10310159.19 
2010-2014     58      5697846.02   4305718.16  10003564.18 
2010-2014     59      5556197.30   4128005.75   9684203.05 
2010-2014     60      5413664.63   3954344.60   9368009.24 
2010-2014     61      5241674.03   3755679.11   8997353.13 
2010-2014     62      5013073.91   3521964.88   8535038.79 
2010-2014     63      4743342.02   3263178.75   8006520.77 
2010-2014     64      4301674.52   2887932.90   7189607.42 
2010-2014     65      3649269.46   2388640.16   6037909.61 
2010-2014     66      3013949.17   1923283.66   4937232.83 
2010-2014     67      2560976.28   1580795.32   4141771.60 
2010-2014     68      2394988.43   1414755.47   3809743.90 
2010-2014     69      2584259.76   1460521.94   4044781.70 
2010-2014     70      3030676.79   1643908.84   4674585.63 
2010-2014     71      3567567.38   1858519.40   5426086.79 
2010-2014     72      4009251.86   2018805.03   6028056.89 
2010-2014     73      4129649.64   2020382.12   6150031.76 
2010-2014     74      3947722.78   1872427.11   5820149.90 
2010-2014     75      3585111.04   1647344.09   5232455.13 
2010-2014     76      3116162.90   1389132.28   4505295.18 
2010-2014     77      2698381.33   1160916.48   3859297.81 
2010-2014     78      2404659.44    992835.31   3397494.75 
2010-2014     79      2253362.00    893994.55   3147356.55 
2010-2014     80      2203413.00    850746.23   3054159.23 
2010-2014     81      2192146.23    807387.73   2999533.97 
2010-2014     82      2111839.28    742090.03   2853929.31 
2010-2014     83      1953393.69    649472.55   2602866.24 
2010-2014     84      1744908.96    538128.73   2283037.69 
2010-2014     85      1496408.00    421142.87   1917550.88 
2010-2014     86      1235946.46    313965.17   1549911.63 
2010-2014     87       978616.90    221983.97   1200600.87 
2010-2014     88       745107.33    152453.24    897560.57 
2010-2014     89       546537.00    103979.02    650516.02 
2010-2014     90       390787.92     71650.78    462438.70 
2010-2014     91       280348.44     50877.89    331226.34 
2010-2014     92       199928.81     36288.12    236216.93 
2010-2014     93       140201.35     25209.55    165410.90 
2010-2014     94       101737.64     17883.09    119620.72 
2010-2014     95        75990.46     12988.84     88979.30 
2010-2014     96        55095.94      9203.44     64299.38 
2010-2014     97        39007.44      6464.20     45471.63 
2010-2014     98        27374.87      4509.72     31884.59 
2010-2014     99        18226.26      3000.15     21226.41 
2010-2014    100        11662.98      1945.47     13608.45 
2010-2014    101         7134.28      1216.52      8350.80 
2010-2014    102         4276.05       747.18      5023.23 
2010-2014    103         2517.06       460.12      2977.18 
2010-2014    104         1453.38       276.73      1730.12 
2010-2014    105          821.74       162.36       984.10 
2010-2014    106          464.70        94.86       559.56 
2010-2014    107          253.94        52.75       306.69 
2010-2014    108          132.87        26.97       159.84 
2010-2014    109           67.19        12.54        79.73 
2010-2014    110+          51.24         6.24        57.47 
