Taiwan, Exposure to risk (period 1x10)     Last modified: 13-Jul-2016, MPv5 (May07)

   Year      Age       Female          Male         Total
1970-1979      0      1754707.37   1874821.35   3629528.72 
1970-1979      1      1821968.58   1935022.46   3756991.03 
1970-1979      2      1822739.60   1931859.16   3754598.76 
1970-1979      3      1820698.42   1930421.90   3751120.31 
1970-1979      4      1830559.74   1941077.36   3771637.10 
1970-1979      5      1853919.64   1963275.33   3817194.97 
1970-1979      6      1882248.08   1988480.58   3870728.66 
1970-1979      7      1908927.93   2016547.51   3925475.44 
1970-1979      8      1930318.88   2037722.90   3968041.78 
1970-1979      9      1941719.76   2049192.62   3990912.38 
1970-1979     10      1946022.75   2057325.23   4003347.97 
1970-1979     11      1947856.01   2057146.20   4005002.22 
1970-1979     12      1948091.82   2053181.57   4001273.39 
1970-1979     13      1942520.00   2045521.68   3988041.68 
1970-1979     14      1930324.85   2035459.30   3965784.15 
1970-1979     15      1912910.07   2017446.89   3930356.96 
1970-1979     16      1882715.24   1984484.12   3867199.36 
1970-1979     17      1849049.05   1948038.47   3797087.51 
1970-1979     18      1819882.54   1913141.39   3733023.93 
1970-1979     19      1780658.50   1867097.57   3647756.06 
1970-1979     20      1726350.16   1805757.99   3532108.14 
1970-1979     21      1657352.74   1732205.00   3389557.74 
1970-1979     22      1579844.25   1653331.22   3233175.48 
1970-1979     23      1487842.04   1559113.14   3046955.18 
1970-1979     24      1381835.18   1448824.09   2830659.27 
1970-1979     25      1287787.76   1348754.20   2636541.97 
1970-1979     26      1209241.89   1264896.89   2474138.78 
1970-1979     27      1135017.69   1186062.46   2321080.14 
1970-1979     28      1060413.58   1107849.55   2168263.13 
1970-1979     29      1000112.98   1044172.71   2044285.69 
1970-1979     30       956471.63    997014.78   1953486.40 
1970-1979     31       921718.97    958530.06   1880249.03 
1970-1979     32       897300.50    931290.73   1828591.23 
1970-1979     33       888045.02    919816.12   1807861.14 
1970-1979     34       892770.65    922001.78   1814772.43 
1970-1979     35       890315.45    922268.92   1812584.36 
1970-1979     36       875464.08    914639.37   1790103.45 
1970-1979     37       857207.47    909167.45   1766374.92 
1970-1979     38       838651.20    906133.67   1744784.87 
1970-1979     39       817784.04    909263.78   1727047.83 
1970-1979     40       794402.22    913137.15   1707539.36 
1970-1979     41       773851.16    920544.52   1694395.68 
1970-1979     42       754019.53    929734.16   1683753.68 
1970-1979     43       732825.35    939720.72   1672546.08 
1970-1979     44       710356.20    947573.79   1657929.99 
1970-1979     45       686650.82    950854.15   1637504.97 
1970-1979     46       662869.26    945426.89   1608296.15 
1970-1979     47       642354.75    932785.74   1575140.50 
1970-1979     48       622554.48    915054.70   1537609.19 
1970-1979     49       599052.23    887289.98   1486342.21 
1970-1979     50       570284.77    850537.37   1420822.14 
1970-1979     51       542397.01    806279.56   1348676.58 
1970-1979     52       517561.37    760477.00   1278038.37 
1970-1979     53       493758.04    714056.00   1207814.04 
1970-1979     54       468670.56    667042.05   1135712.60 
1970-1979     55       446530.13    624702.05   1071232.19 
1970-1979     56       427302.35    590039.40   1017341.75 
1970-1979     57       409048.98    559290.25    968339.22 
1970-1979     58       390521.16    524564.98    915086.14 
1970-1979     59       374107.99    488731.40    862839.39 
1970-1979     60       359356.20    458871.09    818227.29 
1970-1979     61       344883.11    430187.99    775071.10 
1970-1979     62       329175.29    401846.26    731021.56 
1970-1979     63       314029.86    373846.00    687875.86 
1970-1979     64       299190.98    347468.33    646659.30 
1970-1979     65       282223.70    318074.52    600298.23 
1970-1979     66       263706.04    287510.79    551216.84 
1970-1979     67       245609.43    255081.58    500691.01 
1970-1979     68       227754.91    226999.10    454754.01 
1970-1979     69       210570.93    204449.92    415020.85 
1970-1979     70       193837.40    182428.72    376266.11 
1970-1979     71       179070.22    162582.40    341652.62 
1970-1979     72       164033.91    143968.79    308002.71 
1970-1979     73       147822.11    126023.43    273845.55 
1970-1979     74       131834.74    109196.59    241031.33 
1970-1979     75       118176.91     93774.99    211951.90 
1970-1979     76       105702.41     80036.52    185738.94 
1970-1979     77        94719.45     67765.85    162485.30 
1970-1979     78        84004.99     56838.12    140843.11 
1970-1979     79        72853.00     47175.55    120028.55 
1970-1979     80        60139.62     38683.26     98822.87 
1970-1979     81        51346.49     31665.97     83012.46 
1970-1979     82        43488.97     25794.29     69283.26 
1970-1979     83        36737.36     20992.63     57730.00 
1970-1979     84        30846.07     16883.82     47729.89 
1970-1979     85        25632.37     13398.81     39031.18 
1970-1979     86        21077.72     10632.37     31710.10 
1970-1979     87        17084.85      8342.13     25426.98 
1970-1979     88        13689.86      6441.20     20131.06 
1970-1979     89        10862.65      4915.83     15778.49 
1970-1979     90         8451.74      3711.56     12163.30 
1970-1979     91         6448.53      2762.26      9210.80 
1970-1979     92         4821.18      2026.06      6847.24 
1970-1979     93         3544.29      1494.63      5038.92 
1970-1979     94         2572.46      1080.11      3652.57 
1970-1979     95         1833.41       754.28      2587.69 
1970-1979     96         1288.13       520.89      1809.02 
1970-1979     97          891.60       353.26      1244.86 
1970-1979     98          605.16       236.19       841.35 
1970-1979     99          401.18       154.54       555.73 
1970-1979    100          260.09        98.02       358.11 
1970-1979    101          164.65        59.85       224.50 
1970-1979    102          101.33        34.42       135.75 
1970-1979    103           59.95        18.28        78.23 
1970-1979    104           33.71         8.15        41.86 
1970-1979    105           17.63         2.60        20.23 
1970-1979    106            8.35         0.47         8.82 
1970-1979    107            3.35         0.00         3.35 
1970-1979    108            0.47         0.00         0.47 
1970-1979    109            0.00         0.00         0.00 
1970-1979    110+           0.00         0.00         0.00 
1980-1989      0      1619752.50   1739936.00   3359688.50 
1980-1989      1      1786990.53   1909525.43   3696515.96 
1980-1989      2      1831223.92   1952978.75   3784202.67 
1980-1989      3      1880743.80   2003158.14   3883901.94 
1980-1989      4      1914166.69   2036223.03   3950389.72 
1980-1989      5      1919082.94   2039371.20   3958454.14 
1980-1989      6      1909695.35   2028391.63   3938086.98 
1980-1989      7      1894888.38   2012714.59   3907602.97 
1980-1989      8      1876695.79   1989055.64   3865751.43 
1980-1989      9      1862799.36   1973122.64   3835921.99 
1980-1989     10      1849178.06   1958864.95   3808043.01 
1980-1989     11      1837402.58   1945596.92   3782999.50 
1980-1989     12      1828958.40   1935271.14   3764229.54 
1980-1989     13      1819026.81   1923860.44   3742887.25 
1980-1989     14      1821026.52   1925560.88   3746587.40 
1980-1989     15      1837727.66   1938326.66   3776054.32 
1980-1989     16      1859196.43   1959166.45   3818362.88 
1980-1989     17      1881893.71   1980083.74   3861977.44 
1980-1989     18      1900788.23   1999667.11   3900455.34 
1980-1989     19      1912467.55   2010103.60   3922571.15 
1980-1989     20      1921387.10   2020215.32   3941602.42 
1980-1989     21      1923305.94   2021420.01   3944725.95 
1980-1989     22      1922804.67   2018369.14   3941173.81 
1980-1989     23      1915334.52   2007855.67   3923190.20 
1980-1989     24      1903168.17   1993299.17   3896467.34 
1980-1989     25      1883829.86   1972963.97   3856793.83 
1980-1989     26      1852277.65   1938792.72   3791070.37 
1980-1989     27      1816560.28   1899485.09   3716045.38 
1980-1989     28      1784635.86   1865236.17   3649872.03 
1980-1989     29      1742292.48   1819187.07   3561479.55 
1980-1989     30      1683879.31   1759996.48   3443875.79 
1980-1989     31      1617166.05   1689740.55   3306906.61 
1980-1989     32      1543241.00   1615988.21   3159229.21 
1980-1989     33      1454865.36   1524610.71   2979476.07 
1980-1989     34      1354409.23   1418645.24   2773054.47 
1980-1989     35      1256793.26   1319119.49   2575912.76 
1980-1989     36      1179803.27   1238322.28   2418125.56 
1980-1989     37      1106942.15   1163829.19   2270771.34 
1980-1989     38      1036453.53   1090136.36   2126589.89 
1980-1989     39       979680.79   1029532.37   2009213.16 
1980-1989     40       937549.10    982417.65   1919966.76 
1980-1989     41       903552.20    944045.65   1847597.85 
1980-1989     42       881864.64    918425.95   1800290.59 
1980-1989     43       872443.73    906034.66   1778478.38 
1980-1989     44       871979.34    904229.05   1776208.39 
1980-1989     45       865544.51    899003.10   1764547.61 
1980-1989     46       851049.38    887402.43   1738451.81 
1980-1989     47       832954.91    876778.39   1709733.30 
1980-1989     48       814472.95    870908.69   1685381.63 
1980-1989     49       792959.95    870269.30   1663229.25 
1980-1989     50       769533.21    874127.28   1643660.50 
1980-1989     51       748769.08    879613.49   1628382.57 
1980-1989     52       727289.09    886507.57   1613796.66 
1980-1989     53       705881.95    891553.03   1597434.98 
1980-1989     54       684215.76    895625.51   1579841.27 
1980-1989     55       657690.99    889626.19   1547317.18 
1980-1989     56       632875.73    877807.54   1510683.27 
1980-1989     57       609507.47    860230.94   1469738.41 
1980-1989     58       586818.40    836866.61   1423685.01 
1980-1989     59       561331.13    802484.41   1363815.53 
1980-1989     60       533004.10    758698.47   1291702.57 
1980-1989     61       504749.86    711811.65   1216561.51 
1980-1989     62       478411.88    664340.22   1142752.10 
1980-1989     63       451987.83    616328.83   1068316.66 
1980-1989     64       425530.26    567294.47    992824.73 
1980-1989     65       402132.16    523398.64    925530.80 
1980-1989     66       381555.62    486344.81    867900.43 
1980-1989     67       361530.28    454059.27    815589.55 
1980-1989     68       339479.35    417256.13    756735.48 
1980-1989     69       319125.39    379863.16    698988.54 
1980-1989     70       301548.33    346808.61    648356.93 
1980-1989     71       282546.60    315223.15    597769.75 
1980-1989     72       263392.87    285136.47    548529.34 
1980-1989     73       245136.56    255715.62    500852.18 
1980-1989     74       226791.14    228175.30    454966.44 
1980-1989     75       206642.53    199282.56    405925.09 
1980-1989     76       185587.36    171100.51    356687.87 
1980-1989     77       165328.99    144872.35    310201.34 
1980-1989     78       145812.38    121959.87    267772.25 
1980-1989     79       127912.51    103190.33    231102.84 
1980-1989     80       106501.34     80417.00    186918.34 
1980-1989     81        91737.23     66740.16    158477.39 
1980-1989     82        78287.53     54584.10    132871.63 
1980-1989     83        65743.80     43904.19    109647.99 
1980-1989     84        54407.82     34975.85     89383.67 
1980-1989     85        44622.81     27617.45     72240.26 
1980-1989     86        36219.68     21483.27     57702.95 
1980-1989     87        28895.00     16392.88     45287.88 
1980-1989     88        22688.10     12363.89     35051.99 
1980-1989     89        17497.84      9236.68     26734.53 
1980-1989     90        13283.33      6817.12     20100.46 
1980-1989     91         9970.84      4994.71     14965.55 
1980-1989     92         7380.18      3634.23     11014.41 
1980-1989     93         5402.74      2634.33      8037.07 
1980-1989     94         3892.74      1935.03      5827.77 
1980-1989     95         2724.85      1386.37      4111.22 
1980-1989     96         1859.96       950.35      2810.31 
1980-1989     97         1243.28       643.84      1887.12 
1980-1989     98          815.18       427.35      1242.53 
1980-1989     99          524.99       278.83       803.82 
1980-1989    100          329.95       179.93       509.88 
1980-1989    101          201.53       113.53       315.06 
1980-1989    102          119.20        69.20       188.39 
1980-1989    103           67.89        40.56       108.45 
1980-1989    104           36.56        22.31        58.88 
1980-1989    105           17.63        10.73        28.36 
1980-1989    106            6.45         3.40         9.85 
1980-1989    107            0.74         0.14         0.88 
1980-1989    108            0.00         0.00         0.00 
1980-1989    109            0.00         0.00         0.00 
1980-1989    110+           0.00         0.00         0.00 
1990-1999      0      1434192.67   1560406.05   2994598.71 
1990-1999      1      1539137.64   1669546.92   3208684.57 
1990-1999      2      1562133.30   1692590.89   3254724.19 
1990-1999      3      1560634.04   1690931.15   3251565.19 
1990-1999      4      1563199.86   1692806.28   3256006.14 
1990-1999      5      1574707.93   1704464.40   3279172.32 
1990-1999      6      1591446.42   1719862.36   3311308.78 
1990-1999      7      1622037.40   1747596.96   3369634.36 
1990-1999      8      1661613.53   1784412.76   3446026.29 
1990-1999      9      1700834.90   1820397.96   3521232.86 
1990-1999     10      1743512.11   1861466.35   3604978.47 
1990-1999     11      1783872.28   1899755.13   3683627.41 
1990-1999     12      1817019.74   1933341.13   3750360.87 
1990-1999     13      1862999.29   1981123.77   3844123.06 
1990-1999     14      1896903.15   2012609.99   3909513.14 
1990-1999     15      1899417.94   2012096.46   3911514.40 
1990-1999     16      1892765.10   1999170.07   3891935.16 
1990-1999     17      1877596.88   1980041.20   3857638.09 
1990-1999     18      1860273.28   1959120.06   3819393.34 
1990-1999     19      1845413.35   1936910.15   3782323.51 
1990-1999     20      1830904.41   1920306.97   3751211.38 
1990-1999     21      1817326.66   1905047.83   3722374.48 
1990-1999     22      1807752.43   1897055.86   3704808.29 
1990-1999     23      1797534.52   1887176.90   3684711.42 
1990-1999     24      1797880.23   1886614.04   3684494.27 
1990-1999     25      1816103.86   1904789.75   3720893.61 
1990-1999     26      1836138.93   1923685.84   3759824.77 
1990-1999     27      1856385.00   1942419.83   3798804.83 
1990-1999     28      1871515.94   1957903.68   3829419.62 
1990-1999     29      1880986.97   1966482.74   3847469.71 
1990-1999     30      1883826.22   1969791.95   3853618.17 
1990-1999     31      1885184.45   1967826.88   3853011.33 
1990-1999     32      1883746.31   1963381.54   3847127.84 
1990-1999     33      1878669.20   1955608.25   3834277.45 
1990-1999     34      1866196.60   1942467.04   3808663.63 
1990-1999     35      1845967.47   1920321.60   3766289.07 
1990-1999     36      1816602.09   1888004.48   3704606.57 
1990-1999     37      1783526.37   1851206.56   3634732.93 
1990-1999     38      1750923.83   1815627.99   3566551.82 
1990-1999     39      1708605.34   1770903.67   3479509.00 
1990-1999     40      1649615.58   1709068.34   3358683.91 
1990-1999     41      1583903.49   1641143.07   3225046.56 
1990-1999     42      1511580.77   1565290.42   3076871.20 
1990-1999     43      1427159.76   1477530.61   2904690.37 
1990-1999     44      1329265.83   1373640.78   2702906.60 
1990-1999     45      1237994.00   1277876.35   2515870.35 
1990-1999     46      1161652.01   1197518.02   2359170.03 
1990-1999     47      1091318.15   1122330.65   2213648.80 
1990-1999     48      1018898.47   1047900.70   2066799.17 
1990-1999     49       958958.64    982417.98   1941376.62 
1990-1999     50       913980.35    932799.70   1846780.05 
1990-1999     51       878418.99    890524.80   1768943.79 
1990-1999     52       853117.67    861964.72   1715082.39 
1990-1999     53       841953.25    846271.85   1688225.10 
1990-1999     54       841038.79    842184.08   1683222.88 
1990-1999     55       833592.53    832558.24   1666150.77 
1990-1999     56       817059.22    816178.01   1633237.23 
1990-1999     57       797278.33    801964.12   1599242.45 
1990-1999     58       775906.57    791303.49   1567210.06 
1990-1999     59       752546.68    785018.10   1537564.78 
1990-1999     60       726234.17    780700.76   1506934.92 
1990-1999     61       701708.41    778273.95   1479982.36 
1990-1999     62       677426.34    776394.68   1453821.02 
1990-1999     63       652178.02    773389.88   1425567.90 
1990-1999     64       626263.37    767927.89   1394191.26 
1990-1999     65       599476.27    756027.45   1355503.72 
1990-1999     66       570786.37    736589.91   1307376.28 
1990-1999     67       543589.02    712814.94   1256403.96 
1990-1999     68       516703.62    682845.02   1199548.64 
1990-1999     69       487017.09    643142.70   1130159.80 
1990-1999     70       454821.29    595463.22   1050284.51 
1990-1999     71       423331.01    546076.88    969407.89 
1990-1999     72       393108.87    497001.08    890109.94 
1990-1999     73       363305.84    447804.87    811110.71 
1990-1999     74       333351.79    399683.26    733035.05 
1990-1999     75       304955.59    354681.09    659636.68 
1990-1999     76       280392.36    316998.42    597390.78 
1990-1999     77       256348.45    282460.14    538808.59 
1990-1999     78       231597.35    246771.74    478369.09 
1990-1999     79       207091.47    212641.79    419733.25 
1990-1999     80       180442.09    169238.64    349680.72 
1990-1999     81       160038.64    143637.11    303675.76 
1990-1999     82       140236.24    120347.04    260583.28 
1990-1999     83       121678.63     99714.21    221392.84 
1990-1999     84       104381.68     81528.31    185909.99 
1990-1999     85        87583.28     65138.81    152722.09 
1990-1999     86        71837.88     50814.44    122652.33 
1990-1999     87        57861.96     38777.50     96639.46 
1990-1999     88        45835.77     29096.53     74932.30 
1990-1999     89        35771.14     21648.99     57420.13 
1990-1999     90        27460.69     15992.12     43452.81 
1990-1999     91        20786.80     11630.84     32417.64 
1990-1999     92        15510.19      8276.53     23786.72 
1990-1999     93        11317.91      5772.60     17090.52 
1990-1999     94         8038.15      3951.11     11989.26 
1990-1999     95         5577.83      2650.04      8227.87 
1990-1999     96         3808.78      1754.66      5563.44 
1990-1999     97         2528.65      1126.86      3655.51 
1990-1999     98         1630.19       702.40      2332.59 
1990-1999     99         1026.32       427.85      1454.17 
1990-1999    100          636.53       254.83       891.36 
1990-1999    101          381.92       146.46       528.38 
1990-1999    102          218.18        80.54       298.73 
1990-1999    103          119.70        41.50       161.20 
1990-1999    104           62.04        18.76        80.80 
1990-1999    105           29.35         6.14        35.49 
1990-1999    106           11.41         0.83        12.25 
1990-1999    107            2.49         0.00         2.49 
1990-1999    108            0.10         0.00         0.10 
1990-1999    109            0.00         0.00         0.00 
1990-1999    110+           0.00         0.00         0.00 
2000-2009      0      1047670.17   1147762.33   2195432.50 
2000-2009      1      1141607.63   1248844.53   2390452.17 
2000-2009      2      1187949.37   1298161.59   2486110.96 
2000-2009      3      1243803.50   1358162.91   2601966.41 
2000-2009      4      1300251.81   1418305.39   2718557.19 
2000-2009      5      1354813.23   1475745.11   2830558.34 
2000-2009      6      1404874.70   1527847.99   2932722.69 
2000-2009      7      1446513.64   1572074.22   3018587.86 
2000-2009      8      1478062.63   1607589.99   3085652.61 
2000-2009      9      1498574.93   1631838.03   3130412.96 
2000-2009     10      1512208.96   1646624.06   3158833.02 
2000-2009     11      1537277.38   1672506.22   3209783.60 
2000-2009     12      1551867.26   1686968.43   3238835.70 
2000-2009     13      1543502.45   1675782.95   3219285.40 
2000-2009     14      1542012.31   1671312.94   3213325.25 
2000-2009     15      1556080.20   1683223.88   3239304.08 
2000-2009     16      1578381.44   1703003.75   3281385.18 
2000-2009     17      1609301.99   1729302.74   3338604.73 
2000-2009     18      1651178.62   1766144.66   3417323.27 
2000-2009     19      1691713.72   1799732.87   3491446.60 
2000-2009     20      1734733.29   1835671.50   3570404.79 
2000-2009     21      1774939.00   1873190.38   3648129.37 
2000-2009     22      1809538.76   1904084.60   3713623.36 
2000-2009     23      1859111.62   1949722.24   3808833.85 
2000-2009     24      1898134.12   1982584.47   3880718.59 
2000-2009     25      1907676.75   1983297.60   3890974.35 
2000-2009     26      1905688.23   1973316.19   3879004.41 
2000-2009     27      1894638.94   1955382.67   3850021.61 
2000-2009     28      1878846.87   1931976.82   3810823.69 
2000-2009     29      1866053.12   1913468.28   3779521.41 
2000-2009     30      1854751.23   1897410.80   3752162.03 
2000-2009     31      1843255.35   1881907.09   3725162.44 
2000-2009     32      1833498.49   1870544.36   3704042.85 
2000-2009     33      1821894.21   1857840.70   3679734.91 
2000-2009     34      1821052.90   1856274.84   3677327.74 
2000-2009     35      1834486.92   1871497.40   3705984.32 
2000-2009     36      1852052.55   1890722.86   3742775.41 
2000-2009     37      1869143.86   1910286.23   3779430.09 
2000-2009     38      1880305.65   1924144.43   3804450.09 
2000-2009     39      1884286.90   1929413.96   3813700.86 
2000-2009     40      1884205.96   1929627.20   3813833.16 
2000-2009     41      1880920.02   1924653.74   3805573.76 
2000-2009     42      1874937.59   1915194.95   3790132.54 
2000-2009     43      1865421.54   1901696.77   3767118.30 
2000-2009     44      1850891.30   1884158.66   3735049.97 
2000-2009     45      1829639.58   1859006.44   3688646.02 
2000-2009     46      1797950.70   1822766.22   3620716.92 
2000-2009     47      1761332.33   1781911.26   3543243.59 
2000-2009     48      1727118.70   1742944.10   3470062.80 
2000-2009     49      1684475.55   1694334.16   3378809.70 
2000-2009     50      1625936.42   1631559.05   3257495.47 
2000-2009     51      1558658.82   1560278.30   3118937.13 
2000-2009     52      1484425.74   1482378.03   2966803.77 
2000-2009     53      1396576.25   1390566.20   2787142.45 
2000-2009     54      1295539.50   1284877.98   2580417.48 
2000-2009     55      1203365.33   1188703.11   2392068.43 
2000-2009     56      1125339.39   1107930.92   2233270.31 
2000-2009     57      1052404.76   1031769.60   2084174.36 
2000-2009     58       979976.51    956205.21   1936181.73 
2000-2009     59       919090.49    891934.30   1811024.79 
2000-2009     60       873856.62    841246.67   1715103.30 
2000-2009     61       835891.03    798039.60   1633930.63 
2000-2009     62       808132.47    765014.19   1573146.65 
2000-2009     63       792421.38    744287.91   1536709.29 
2000-2009     64       786088.84    733250.56   1519339.40 
2000-2009     65       775708.48    719227.68   1494936.16 
2000-2009     66       754161.23    697829.41   1451990.64 
2000-2009     67       728960.47    676810.86   1405771.33 
2000-2009     68       702076.27    658945.04   1361021.31 
2000-2009     69       672758.59    643864.18   1316622.77 
2000-2009     70       641675.70    631108.63   1272784.33 
2000-2009     71       611449.84    619028.56   1230478.40 
2000-2009     72       580828.52    606024.32   1186852.84 
2000-2009     73       549952.72    590857.13   1140809.85 
2000-2009     74       518527.69    573421.20   1091948.89 
2000-2009     75       484725.75    549499.07   1034224.82 
2000-2009     76       450852.80    518926.62    969779.41 
2000-2009     77       418174.08    484687.34    902861.42 
2000-2009     78       385749.16    446341.26    832090.42 
2000-2009     79       351867.55    402461.83    754329.38 
2000-2009     80       313982.29    344511.93    658494.23 
2000-2009     81       279546.21    298214.32    577760.52 
2000-2009     82       246679.44    254504.30    501183.75 
2000-2009     83       214972.31    213393.16    428365.47 
2000-2009     84       185481.78    176367.95    361849.73 
2000-2009     85       158899.33    144682.46    303581.79 
2000-2009     86       135000.96    118170.86    253171.82 
2000-2009     87       113168.17     95412.87    208581.04 
2000-2009     88        92644.39     75029.43    167673.82 
2000-2009     89        74730.73     57853.51    132584.24 
2000-2009     90        59685.09     44111.01    103796.10 
2000-2009     91        46765.98     33147.83     79913.81 
2000-2009     92        35756.87     24384.01     60140.88 
2000-2009     93        26864.20     17587.94     44452.15 
2000-2009     94        19811.12     12451.46     32262.58 
2000-2009     95        14128.23      8563.54     22691.77 
2000-2009     96         9780.99      5726.23     15507.22 
2000-2009     97         6606.18      3689.55     10295.73 
2000-2009     98         4368.59      2318.89      6687.47 
2000-2009     99         2859.69      1474.62      4334.31 
2000-2009    100         1802.85       913.31      2716.16 
2000-2009    101         1094.18       539.48      1633.66 
2000-2009    102          649.35       308.35       957.70 
2000-2009    103          371.81       169.19       541.01 
2000-2009    104          205.49        88.67       294.16 
2000-2009    105          109.31        43.20       152.51 
2000-2009    106           54.66        18.05        72.71 
2000-2009    107           24.34         5.63        29.97 
2000-2009    108            8.14         0.89         9.03 
2000-2009    109            1.16         0.00         1.16 
2000-2009    110+           0.00         0.00         0.00 
2010-2014      0       451722.83    487050.67    938773.50 
2010-2014      1       480485.07    519580.66   1000065.73 
2010-2014      2       473106.19    513651.76    986757.95 
2010-2014      3       465899.83    507745.97    973645.80 
2010-2014      4       476474.07    520078.51    996552.58 
2010-2014      5       491374.14    537288.80   1028662.94 
2010-2014      6       503174.76    551524.34   1054699.10 
2010-2014      7       518987.14    569220.85   1088207.99 
2010-2014      8       540609.63    592352.27   1132961.90 
2010-2014      9       576108.10    630673.52   1206781.62 
2010-2014     10       615036.24    672878.90   1287915.14 
2010-2014     11       640711.31    699369.11   1340080.42 
2010-2014     12       669278.25    729009.95   1398288.20 
2010-2014     13       703405.39    765524.11   1468929.49 
2010-2014     14       723762.52    786400.51   1510163.03 
2010-2014     15       738421.22    800240.70   1538661.92 
2010-2014     16       762220.68    824810.90   1587031.58 
2010-2014     17       775075.45    838379.00   1613454.45 
2010-2014     18       772752.46    836800.80   1609553.27 
2010-2014     19       773249.88    838994.30   1612244.18 
2010-2014     20       771936.03    837394.43   1609330.46 
2010-2014     21       771948.85    837020.78   1608969.63 
2010-2014     22       772810.02    836688.13   1609498.15 
2010-2014     23       767663.28    826695.84   1594359.13 
2010-2014     24       768276.62    819373.04   1587649.67 
2010-2014     25       787375.24    830622.96   1617998.20 
2010-2014     26       815057.66    850520.57   1665578.23 
2010-2014     27       853107.16    878995.12   1732102.28 
2010-2014     28       908904.57    926096.06   1835000.63 
2010-2014     29       958183.01    967691.72   1925874.73 
2010-2014     30       992033.44    994184.54   1986217.97 
2010-2014     31      1014203.44   1011140.25   2025343.69 
2010-2014     32      1019381.81   1012240.94   2031622.75 
2010-2014     33      1018855.03   1008762.73   2027617.76 
2010-2014     34      1010273.86    998173.22   2008447.08 
2010-2014     35       984871.45    970674.35   1955545.80 
2010-2014     36       958119.22    942059.71   1900178.92 
2010-2014     37       937986.92    922095.07   1860081.99 
2010-2014     38       916908.33    900456.06   1817364.39 
2010-2014     39       905886.71    890443.94   1796330.65 
2010-2014     40       912398.46    899362.62   1811761.08 
2010-2014     41       920548.93    909910.66   1830459.59 
2010-2014     42       923425.40    916681.98   1840107.38 
2010-2014     43       926046.34    922784.92   1848831.25 
2010-2014     44       929851.44    927892.07   1857743.52 
2010-2014     45       931542.83    930449.43   1861992.26 
2010-2014     46       936552.89    935163.90   1871716.78 
2010-2014     47       946950.62    943769.77   1890720.39 
2010-2014     48       952255.46    947323.98   1899579.44 
2010-2014     49       949564.86    943767.17   1893332.03 
2010-2014     50       945532.84    937437.99   1882970.82 
2010-2014     51       934845.62    923894.07   1858739.69 
2010-2014     52       916582.66    903020.48   1819603.14 
2010-2014     53       900277.93    882929.27   1783207.20 
2010-2014     54       886702.31    866223.90   1752926.21 
2010-2014     55       868197.09    844846.97   1713044.05 
2010-2014     56       845804.22    819550.20   1665354.42 
2010-2014     57       825366.42    797171.25   1622537.66 
2010-2014     58       805801.17    775543.75   1581344.92 
2010-2014     59       774566.88    742024.08   1516590.96 
2010-2014     60       732830.09    699113.60   1431943.69 
2010-2014     61       686319.68    652229.38   1338549.06 
2010-2014     62       631124.67    597260.45   1228385.12 
2010-2014     63       561662.69    528950.63   1090613.32 
2010-2014     64       491290.20    459610.05    950900.25 
2010-2014     65       439628.82    408117.10    847745.92 
2010-2014     66       405786.16    374018.10    779804.26 
2010-2014     67       385311.94    351906.57    737218.52 
2010-2014     68       379176.11    342903.44    722079.55 
2010-2014     69       384796.20    344630.87    729427.07 
2010-2014     70       386448.27    341289.01    727737.28 
2010-2014     71       377493.12    328239.85    705732.97 
2010-2014     72       364925.01    312466.88    677391.89 
2010-2014     73       349646.96    294555.09    644202.05 
2010-2014     74       331420.25    275240.75    606661.00 
2010-2014     75       312491.81    257717.33    570209.15 
2010-2014     76       294111.12    242554.56    536665.68 
2010-2014     77       275529.69    230187.15    505716.84 
2010-2014     78       257850.44    221314.36    479164.80 
2010-2014     79       240848.76    215220.27    456069.03 
2010-2014     80       221632.88    208598.44    430231.33 
2010-2014     81       204388.50    200021.97    404410.46 
2010-2014     82       187215.53    188384.21    375599.75 
2010-2014     83       169294.03    173037.61    342331.63 
2010-2014     84       150448.56    154105.07    304553.62 
2010-2014     85       131761.24    133031.33    264792.57 
2010-2014     86       113721.17    111661.10    225382.27 
2010-2014     87        96743.13     91726.59    188469.72 
2010-2014     88        81463.53     74094.97    155558.50 
2010-2014     89        67387.26     58709.31    126096.57 
2010-2014     90        54342.44     45593.78     99936.22 
2010-2014     91        42938.84     34870.60     77809.44 
2010-2014     92        33297.86     26194.51     59492.37 
2010-2014     93        24916.42     19011.35     43927.77 
2010-2014     94        18251.57     13547.29     31798.86 
2010-2014     95        13318.84      9683.79     23002.62 
2010-2014     96         9593.15      6949.81     16542.96 
2010-2014     97         6767.27      4950.67     11717.94 
2010-2014     98         4687.70      3470.41      8158.11 
2010-2014     99         3155.59      2381.67      5537.26 
2010-2014    100         2017.26      1555.35      3572.60 
2010-2014    101         1240.01       961.78      2201.79 
2010-2014    102          732.40       565.75      1298.15 
2010-2014    103          418.82       320.32       739.14 
2010-2014    104          232.59       179.54       412.13 
2010-2014    105          124.01        98.30       222.31 
2010-2014    106           63.32        50.85       114.17 
2010-2014    107           30.54        24.31        54.85 
2010-2014    108           13.13         9.94        23.07 
2010-2014    109            4.41         2.92         7.32 
2010-2014    110+           0.49         0.38         0.87 
