The United States of America, Exposure to risk (period 1x10), 	Last modified: 16 Feb 2017, MPv5 (May07)

  Year          Age             Female            Male           Total
1933-1939        0           6772538.81      7026468.21     13799007.01
1933-1939        1           6763669.32      6943088.95     13706758.27
1933-1939        2           7240226.25      7408887.97     14649114.22
1933-1939        3           7339998.37      7519196.77     14859195.14
1933-1939        4           7403416.13      7585430.29     14988846.42
1933-1939        5           7653526.56      7932173.57     15585700.13
1933-1939        6           7793264.58      8083159.61     15876424.19
1933-1939        7           7938304.94      8230316.58     16168621.52
1933-1939        8           8073514.17      8355805.22     16429319.39
1933-1939        9           8200065.35      8460174.94     16660240.29
1933-1939       10           8328541.49      8560095.72     16888637.20
1933-1939       11           8448014.65      8646350.14     17094364.79
1933-1939       12           8530597.03      8695894.14     17226491.17
1933-1939       13           8567404.61      8698559.10     17265963.71
1933-1939       14           8565247.13      8660218.38     17225465.51
1933-1939       15           8529111.73      8584993.08     17114104.81
1933-1939       16           8468977.27      8481277.50     16950254.77
1933-1939       17           8392707.07      8358001.95     16750709.02
1933-1939       18           8313082.64      8229129.60     16542212.23
1933-1939       19           8239938.25      8112050.41     16351988.66
1933-1939       20           8174305.60      8011016.26     16185321.86
1933-1939       21           8113712.90      7924022.78     16037735.67
1933-1939       22           8053029.98      7845564.87     15898594.85
1933-1939       23           7985810.40      7766642.36     15752452.76
1933-1939       24           7907088.69      7680234.97     15587323.65
1933-1939       25           7814024.38      7583953.42     15397977.80
1933-1939       26           7704179.42      7477353.06     15181532.48
1933-1939       27           7579819.23      7363010.71     14942829.94
1933-1939       28           7446811.77      7245950.35     14692762.12
1933-1939       29           7311496.59      7130721.23     14442217.82
1933-1939       30           7178189.32      7019248.81     14197438.13
1933-1939       31           7050705.31      6913280.73     13963986.04
1933-1939       32           6929347.25      6812478.62     13741825.86
1933-1939       33           6810727.80      6714577.36     13525305.16
1933-1939       34           6691363.82      6617922.35     13309286.17
1933-1939       35           6574012.12      6526401.05     13100413.17
1933-1939       36           6464162.72      6446081.63     12910244.35
1933-1939       37           6367533.18      6382324.91     12749858.09
1933-1939       38           6286395.47      6336278.51     12622673.98
1933-1939       39           6219757.65      6304989.31     12524746.97
1933-1939       40           6159860.53      6281909.09     12441769.62
1933-1939       41           6094363.95      6252525.57     12346889.52
1933-1939       42           6011645.34      6206050.72     12217696.06
1933-1939       43           5906208.69      6136668.42     12042877.11
1933-1939       44           5777483.73      6043555.48     11821039.22
1933-1939       45           5629728.40      5929463.81     11559192.21
1933-1939       46           5470705.07      5800595.15     11271300.22
1933-1939       47           5307480.39      5661712.49     10969192.88
1933-1939       48           5144179.75      5515461.71     10659641.46
1933-1939       49           4981823.94      5362102.19     10343926.13
1933-1939       50           4819107.28      5200023.89     10019131.17
1933-1939       51           4655291.53      5029498.98      9684790.50
1933-1939       52           4490542.12      4851803.13      9342345.25
1933-1939       53           4327252.01      4671358.04      8998610.05
1933-1939       54           4168307.05      4492601.83      8660908.88
1933-1939       55           4015278.85      4317502.48      8332781.33
1933-1939       56           3867614.85      4145789.58      8013404.43
1933-1939       57           3723957.31      3976360.40      7700317.71
1933-1939       58           3581587.15      3807156.57      7388743.72
1933-1939       59           3438557.75      3636968.88      7075526.62
1933-1939       60           3296087.47      3468256.16      6764343.62
1933-1939       61           3155763.99      3303417.05      6459181.04
1933-1939       62           3018769.89      3144385.16      6163155.04
1933-1939       63           2884182.85      2990136.24      5874319.08
1933-1939       64           2750264.02      2838530.07      5588794.09
1933-1939       65           2614132.39      2686595.91      5300728.30
1933-1939       66           2473084.09      2531289.67      5004373.76
1933-1939       67           2326375.84      2371378.00      4697753.84
1933-1939       68           2176577.49      2208504.01      4385081.50
1933-1939       69           2026089.42      2045292.74      4071382.16
1933-1939       70           1877414.92      1883781.41      3761196.34
1933-1939       71           1733745.78      1727449.21      3461194.99
1933-1939       72           1596150.56      1577941.11      3174091.67
1933-1939       73           1465058.91      1436305.44      2901364.35
1933-1939       74           1340957.16      1303300.62      2644257.78
1933-1939       75           1246918.10      1199321.58      2446239.68
1933-1939       76           1131114.78      1076699.36      2207814.14
1933-1939       77           1015529.47       955729.48      1971258.94
1933-1939       78            900428.06       837024.20      1737452.26
1933-1939       79            788266.10       722904.21      1511170.31
1933-1939       80            710942.18       625685.39      1336627.56
1933-1939       81            609164.41       527048.02      1136212.43
1933-1939       82            516657.68       438576.90       955234.58
1933-1939       83            433573.20       360463.20       794036.40
1933-1939       84            360054.87       292643.30       652698.17
1933-1939       85            295830.21       234604.35       530434.56
1933-1939       86            240567.48       185961.91       426529.39
1933-1939       87            193221.48       145485.18       338706.66
1933-1939       88            153041.38       112159.56       265200.94
1933-1939       89            119370.58        85066.02       204436.60
1933-1939       90             91584.60        63398.94       154983.54
1933-1939       91             69424.93        46679.56       116104.49
1933-1939       92             52038.08        34035.78        86073.87
1933-1939       93             38648.20        24702.52        63350.71
1933-1939       94             28506.60        17899.51        46406.10
1933-1939       95             20859.82        12877.64        33737.46
1933-1939       96             15235.09         9212.56        24447.65
1933-1939       97             11166.59         6578.70        17745.29
1933-1939       98              8263.74         4752.84        13016.58
1933-1939       99              6162.08         3480.82         9642.90
1933-1939      100              4406.20         2437.08         6843.27
1933-1939      101              3009.42         1621.17         4630.59
1933-1939      102              2025.73         1066.13         3091.85
1933-1939      103              1348.12          694.52         2042.64
1933-1939      104               888.75          448.04         1336.79
1933-1939      105               577.06          284.23          861.30
1933-1939      106               366.63          176.42          543.05
1933-1939      107               228.08          107.58          335.66
1933-1939      108               139.75           63.61          203.36
1933-1939      109                84.38           35.28          119.66
1933-1939      110+              103.06           31.63          134.68
1940-1949        0          12934436.74     13554603.76     26489040.50
1940-1949        1          12668151.96     13168747.18     25836899.14
1940-1949        2          12964048.55     13372462.99     26336511.54
1940-1949        3          12528776.55     12905855.37     25434631.92
1940-1949        4          12085138.58     12501036.73     24586175.31
1940-1949        5          11607877.60     11990482.79     23598360.39
1940-1949        6          11246983.82     11599123.94     22846107.76
1940-1949        7          10893618.87     11217536.71     22111155.58
1940-1949        8          10626489.88     10921140.35     21547630.23
1940-1949        9          10483061.04     10778271.13     21261332.17
1940-1949       10          10677912.13     11071209.77     21749121.89
1940-1949       11          10738066.21     11141722.99     21879789.20
1940-1949       12          10857692.09     11257218.91     22114911.00
1940-1949       13          11029140.68     11414960.24     22444100.92
1940-1949       14          11234046.32     11584193.44     22818239.77
1940-1949       15          11413795.99     11636199.06     23049995.05
1940-1949       16          11553334.26     11692822.55     23246156.81
1940-1949       17          11693543.22     11754041.56     23447584.78
1940-1949       18          11789357.73     10376669.94     22166027.67
1940-1949       19          11833099.59     10126440.32     21959539.91
1940-1949       20          11814583.39     10115944.62     21930528.01
1940-1949       21          11885581.07     10219930.42     22105511.49
1940-1949       22          11932097.37     10320111.95     22252209.32
1940-1949       23          11967629.90     10428620.39     22396250.29
1940-1949       24          11990836.18     10541380.15     22532216.33
1940-1949       25          12067922.86     10674910.92     22742833.78
1940-1949       26          11999898.22     10689459.62     22689357.83
1940-1949       27          11888471.19     10658236.23     22546707.42
1940-1949       28          11740039.31     10587408.28     22327447.60
1940-1949       29          11580015.79     10504122.00     22084137.79
1940-1949       30          11326949.73     10358177.86     21685127.60
1940-1949       31          11156674.69     10278401.66     21435076.35
1940-1949       32          11006096.08     10206179.92     21212276.00
1940-1949       33          10871515.74     10139735.13     21011250.87
1940-1949       34          10738614.78     10062146.76     20800761.54
1940-1949       35          10677807.53     10021668.52     20699476.05
1940-1949       36          10559861.73      9968633.39     20528495.13
1940-1949       37          10417955.96      9898156.83     20316112.79
1940-1949       38          10261186.22      9818434.11     20079620.33
1940-1949       39          10094812.06      9732857.57     19827669.63
1940-1949       40           9866343.90      9619262.05     19485605.95
1940-1949       41           9637964.80      9487517.16     19125481.96
1940-1949       42           9427968.04      9353281.31     18781249.34
1940-1949       43           9236895.74      9220407.76     18457303.50
1940-1949       44           9065419.06      9092222.41     18157641.47
1940-1949       45           8939552.49      8985849.63     17925402.12
1940-1949       46           8796875.23      8866236.62     17663111.85
1940-1949       47           8655798.56      8753963.58     17409762.14
1940-1949       48           8505706.68      8639197.79     17144904.47
1940-1949       49           8337730.63      8512493.55     16850224.18
1940-1949       50           8107509.70      8331303.27     16438812.97
1940-1949       51           7873703.26      8121218.36     15994921.62
1940-1949       52           7632697.57      7897708.95     15530406.51
1940-1949       53           7386258.36      7658116.78     15044375.14
1940-1949       54           7135766.83      7402939.66     14538706.49
1940-1949       55           6890843.67      7123744.22     14014587.89
1940-1949       56           6646489.85      6868170.84     13514660.69
1940-1949       57           6395114.12      6602891.82     12998005.93
1940-1949       58           6142384.66      6333587.32     12475971.97
1940-1949       59           5890247.40      6061724.75     11951972.15
1940-1949       60           5678399.31      5837750.37     11516149.68
1940-1949       61           5511601.58      5633967.35     11145568.93
1940-1949       62           5346866.75      5423742.32     10770609.07
1940-1949       63           5180284.96      5207871.82     10388156.78
1940-1949       64           5010154.94      4988247.37      9998402.30
1940-1949       65           4832770.10      4758751.76      9591521.85
1940-1949       66           4606575.28      4499699.11      9106274.39
1940-1949       67           4372002.47      4241187.78      8613190.25
1940-1949       68           4130110.40      3982378.40      8112488.80
1940-1949       69           3885555.41      3726737.40      7612292.81
1940-1949       70           3599126.55      3445750.44      7044876.99
1940-1949       71           3304863.71      3152082.90      6456946.61
1940-1949       72           3024093.97      2870216.38      5894310.36
1940-1949       73           2755626.84      2599207.54      5354834.38
1940-1949       74           2495800.50      2336411.50      4832212.00
1940-1949       75           2260427.48      2084869.25      4345296.73
1940-1949       76           2056716.04      1869485.61      3926201.65
1940-1949       77           1857525.13      1663193.78      3520718.90
1940-1949       78           1664171.17      1467411.02      3131582.19
1940-1949       79           1477059.94      1282683.16      2759743.10
1940-1949       80           1363433.48      1128309.01      2491742.48
1940-1949       81           1184969.59       964852.62      2149822.21
1940-1949       82           1019210.79       815877.00      1835087.78
1940-1949       83            865750.37       680324.80      1546075.17
1940-1949       84            726451.91       559423.10      1285875.00
1940-1949       85            602472.56       454018.53      1056491.09
1940-1949       86            493527.75       363641.52       857169.26
1940-1949       87            397451.00       285774.90       683225.90
1940-1949       88            313154.30       219337.88       532492.18
1940-1949       89            241040.02       164222.86       405262.88
1940-1949       90            182040.15       120411.14       302451.29
1940-1949       91            136148.39        87416.14       223564.54
1940-1949       92            100776.22        62980.82       163757.05
1940-1949       93             73709.49        45148.38       118857.87
1940-1949       94             53359.81        32290.43        85650.24
1940-1949       95             38291.97        22945.76        61237.73
1940-1949       96             27435.55        16266.56        43702.11
1940-1949       97             19704.89        11559.62        31264.51
1940-1949       98             14278.77         8299.75        22578.52
1940-1949       99             10366.19         5966.55        16332.74
1940-1949      100              7170.39         4096.20        11266.59
1940-1949      101              4768.27         2706.87         7475.14
1940-1949      102              3156.19         1778.83         4935.02
1940-1949      103              2070.89         1160.38         3231.27
1940-1949      104              1343.69          748.86         2092.54
1940-1949      105               863.36          479.52         1342.88
1940-1949      106               552.02          305.24          857.25
1940-1949      107               355.63          192.90          548.53
1940-1949      108               232.55          121.98          354.53
1940-1949      109               153.28           77.14          230.42
1940-1949      110+              338.98          142.66          481.64
1950-1959        0          18123487.75     18785978.52     36909466.27
1950-1959        1          18042314.59     18766393.88     36808708.47
1950-1959        2          18200280.49     18817973.48     37018253.97
1950-1959        3          17992722.35     18591936.55     36584658.90
1950-1959        4          17477924.92     18185613.69     35663538.61
1950-1959        5          16807884.81     17417275.31     34225160.12
1950-1959        6          16279659.52     16848704.11     33128363.62
1950-1959        7          15889865.22     16518941.30     32408806.52
1950-1959        8          15276411.45     15827984.42     31104395.86
1950-1959        9          14719961.84     15268615.07     29988576.90
1950-1959       10          14338368.77     14904666.74     29243035.51
1950-1959       11          13786026.98     14314163.83     28100190.81
1950-1959       12          13174017.53     13666118.62     26840136.15
1950-1959       13          12515748.90     12941983.44     25457732.35
1950-1959       14          12237096.02     12627899.85     24864995.86
1950-1959       15          11790002.90     12019641.16     23809644.06
1950-1959       16          11409800.10     11608218.56     23018018.67
1950-1959       17          11115116.25     11287925.69     22403041.94
1950-1959       18          10901226.03     10491472.78     21392698.81
1950-1959       19          10704534.03     10151691.68     20856225.71
1950-1959       20          10735431.05      9855686.41     20591117.46
1950-1959       21          10871459.35      9794298.30     20665757.65
1950-1959       22          10881600.54      9713597.21     20595197.75
1950-1959       23          11176148.36     10150451.58     21326599.94
1950-1959       24          11322815.86     10440931.55     21763747.41
1950-1959       25          11401112.32     10726597.69     22127710.02
1950-1959       26          11837564.61     11320805.06     23158369.67
1950-1959       27          12199627.22     11770059.51     23969686.73
1950-1959       28          12007084.56     11475950.15     23483034.70
1950-1959       29          12136155.22     11529632.98     23665788.20
1950-1959       30          12329702.12     11719617.88     24049320.00
1950-1959       31          12380112.91     11834432.43     24214545.34
1950-1959       32          12194890.19     11571383.42     23766273.61
1950-1959       33          12352687.91     11733849.06     24086536.97
1950-1959       34          12400303.07     11815556.06     24215859.13
1950-1959       35          12228194.54     11650633.07     23878827.60
1950-1959       36          12219824.89     11657911.58     23877736.47
1950-1959       37          12199120.49     11682680.54     23881801.02
1950-1959       38          11876013.28     11368289.69     23244302.98
1950-1959       39          11633926.71     11197101.98     22831028.69
1950-1959       40          11443280.70     11037454.47     22480735.17
1950-1959       41          11261328.44     10939468.73     22200797.17
1950-1959       42          11010952.28     10704387.75     21715340.03
1950-1959       43          10858400.30     10572173.93     21430574.23
1950-1959       44          10709347.22     10448730.60     21158077.81
1950-1959       45          10541274.32     10285540.66     20826814.98
1950-1959       46          10277873.88     10043676.23     20321550.11
1950-1959       47          10071793.14      9860017.28     19931810.42
1950-1959       48           9936142.14      9762209.70     19698351.84
1950-1959       49           9549487.61      9396770.58     18946258.19
1950-1959       50           9264842.85      9115019.13     18379861.98
1950-1959       51           9060328.14      8911733.41     17972061.56
1950-1959       52           8838749.93      8704586.64     17543336.57
1950-1959       53           8548461.85      8424201.57     16972663.41
1950-1959       54           8307130.67      8184349.67     16491480.34
1950-1959       55           8163692.47      8021744.39     16185436.87
1950-1959       56           7962656.43      7804053.07     15766709.51
1950-1959       57           7798066.75      7619230.63     15417297.38
1950-1959       58           7743463.08      7552411.42     15295874.49
1950-1959       59           7531614.11      7309509.47     14841123.59
1950-1959       60           7218951.29      6972387.80     14191339.08
1950-1959       61           7013038.52      6745099.05     13758137.56
1950-1959       62           6856104.94      6557526.73     13413631.67
1950-1959       63           6652802.44      6312263.04     12965065.48
1950-1959       64           6436324.68      6058410.38     12494735.06
1950-1959       65           6263958.19      5843660.71     12107618.90
1950-1959       66           6095341.65      5620661.44     11716003.09
1950-1959       67           5894001.25      5385199.93     11279201.18
1950-1959       68           5619221.48      5093103.07     10712324.55
1950-1959       69           5367950.63      4843967.92     10211918.55
1950-1959       70           4997888.97      4472193.77      9470082.74
1950-1959       71           4622327.78      4103989.67      8726317.45
1950-1959       72           4257881.75      3755858.22      8013739.97
1950-1959       73           3958241.87      3460459.16      7418701.04
1950-1959       74           3613001.17      3125750.02      6738751.19
1950-1959       75           3310741.56      2838119.25      6148860.81
1950-1959       76           3015173.09      2557536.07      5572709.16
1950-1959       77           2745186.22      2307235.21      5052421.43
1950-1959       78           2483251.38      2053011.78      4536263.16
1950-1959       79           2238274.63      1815733.25      4054007.89
1950-1959       80           2055772.44      1565822.77      3621595.21
1950-1959       81           1815801.46      1358634.67      3174436.13
1950-1959       82           1587295.30      1164709.11      2752004.41
1950-1959       83           1367488.74       983147.08      2350635.82
1950-1959       84           1157366.78       815672.35      1973039.12
1950-1959       85            963097.33       665003.67      1628101.00
1950-1959       86            791343.06       534468.07      1325811.13
1950-1959       87            641088.59       421967.59      1063056.19
1950-1959       88            514156.34       329297.76       843454.10
1950-1959       89            407040.68       253726.92       660767.61
1950-1959       90            314354.16       190949.94       505304.10
1950-1959       91            239143.44       141603.97       380747.41
1950-1959       92            179626.55       103312.67       282939.21
1950-1959       93            131584.18        73449.29       205033.47
1950-1959       94             94461.29        51244.37       145705.67
1950-1959       95             66515.16        35238.33       101753.48
1950-1959       96             46116.66        23876.27        69992.93
1950-1959       97             31392.03        15837.19        47229.22
1950-1959       98             20989.64        10407.78        31397.42
1950-1959       99             14063.73         6947.91        21011.64
1950-1959      100              9380.14         4632.76        14012.90
1950-1959      101              6282.52         3133.32         9415.84
1950-1959      102              4337.54         2223.35         6560.89
1950-1959      103              3042.53         1577.22         4619.75
1950-1959      104              2177.82         1148.18         3325.99
1950-1959      105              1552.28          849.91         2402.19
1950-1959      106              1136.30          627.02         1763.32
1950-1959      107               868.25          474.51         1342.76
1950-1959      108               675.52          368.69         1044.21
1950-1959      109               518.98          296.29          815.27
1950-1959      110+             1595.71         1005.49         2601.20
1960-1969        0          18648796.70     19359364.57     38008161.27
1960-1969        1          18878437.14     19548016.61     38426453.75
1960-1969        2          18956010.74     19647080.61     38603091.35
1960-1969        3          19357700.60     20026063.43     39383764.03
1960-1969        4          19796919.89     20524859.89     40321779.78
1960-1969        5          19895249.23     20632871.43     40528120.66
1960-1969        6          19866835.77     20518114.88     40384950.65
1960-1969        7          19862240.52     20551737.05     40413977.57
1960-1969        8          19329974.97     20037458.44     39367433.41
1960-1969        9          19200822.51     19929311.45     39130133.96
1960-1969       10          19354610.15     20086752.50     39441362.65
1960-1969       11          18740202.49     19428097.64     38168300.13
1960-1969       12          18516173.85     19206008.42     37722182.27
1960-1969       13          18059915.45     18657213.72     36717129.17
1960-1969       14          17976144.77     18574988.38     36551133.15
1960-1969       15          17204139.73     17825599.61     35029739.34
1960-1969       16          16493449.09     17043578.71     33537027.80
1960-1969       17          16155062.31     16558808.89     32713871.20
1960-1969       18          15816752.94     15843737.19     31660490.13
1960-1969       19          15131319.78     14681879.58     29813199.36
1960-1969       20          14835866.24     14010598.14     28846464.38
1960-1969       21          14075033.65     13218103.58     27293137.23
1960-1969       22          13418337.04     12648714.56     26067051.60
1960-1969       23          12800443.09     12054190.95     24854634.03
1960-1969       24          12635647.98     11957611.12     24593259.10
1960-1969       25          12272227.06     11730663.49     24002890.54
1960-1969       26          11876728.36     11406843.56     23283571.92
1960-1969       27          11651681.57     11186010.27     22837691.84
1960-1969       28          11447124.18     11007597.37     22454721.55
1960-1969       29          11319310.45     10910053.27     22229363.72
1960-1969       30          11590586.77     11195634.13     22786220.90
1960-1969       31          11319899.04     10934323.38     22254222.42
1960-1969       32          11421926.84     11005493.63     22427420.47
1960-1969       33          11495348.81     11057216.61     22552565.42
1960-1969       34          11778078.02     11293183.42     23071261.44
1960-1969       35          11923219.60     11401124.38     23324343.99
1960-1969       36          12110837.65     11533958.18     23644795.83
1960-1969       37          12306130.60     11684230.48     23990361.08
1960-1969       38          12430817.19     11783962.24     24214779.43
1960-1969       39          12523300.54     11867254.52     24390555.06
1960-1969       40          12583369.49     11924193.97     24507563.45
1960-1969       41          12569802.58     11912847.29     24482649.87
1960-1969       42          12501944.06     11846694.52     24348638.58
1960-1969       43          12389688.95     11742207.86     24131896.80
1960-1969       44          12253921.71     11619610.46     23873532.17
1960-1969       45          12091589.59     11483670.50     23575260.09
1960-1969       46          11899972.08     11308047.75     23208019.83
1960-1969       47          11682337.55     11111791.34     22794128.89
1960-1969       48          11455592.62     10910455.78     22366048.39
1960-1969       49          11219665.42     10698674.10     21918339.52
1960-1969       50          11006342.73     10498800.45     21505143.17
1960-1969       51          10771615.76     10270350.13     21041965.88
1960-1969       52          10578967.00     10077163.92     20656130.92
1960-1969       53          10431545.97      9916662.67     20348208.63
1960-1969       54          10291297.19      9754674.81     20045972.00
1960-1969       55          10129230.45      9562723.09     19691953.55
1960-1969       56           9940727.96      9345008.88     19285736.84
1960-1969       57           9690741.01      9059568.02     18750309.04
1960-1969       58           9364083.75      8704097.45     18068181.20
1960-1969       59           8992922.90      8299917.12     17292840.02
1960-1969       60           8646080.89      7918985.44     16565066.33
1960-1969       61           8279863.72      7520239.34     15800103.06
1960-1969       62           7980612.06      7174108.15     15154720.21
1960-1969       63           7762460.71      6887734.35     14650195.06
1960-1969       64           7610332.14      6652449.87     14262782.00
1960-1969       65           7464434.28      6430000.97     13894435.24
1960-1969       66           7326810.81      6207808.53     13534619.33
1960-1969       67           7168378.98      5985674.10     13154053.08
1960-1969       68           6953837.78      5739074.08     12692911.86
1960-1969       69           6721373.93      5488960.26     12210334.19
1960-1969       70           6453603.48      5214929.06     11668532.53
1960-1969       71           6158136.31      4926718.43     11084854.74
1960-1969       72           5835294.40      4624552.81     10459847.20
1960-1969       73           5485262.15      4304803.34      9790065.49
1960-1969       74           5113682.74      3967284.09      9080966.83
1960-1969       75           4735486.81      3628472.08      8363958.89
1960-1969       76           4346107.07      3289727.96      7635835.03
1960-1969       77           3964887.03      2959358.33      6924245.36
1960-1969       78           3586843.88      2634579.09      6221422.96
1960-1969       79           3229277.28      2327977.98      5557255.26
1960-1969       80           2979516.74      2039085.71      5018602.45
1960-1969       81           2635968.94      1765698.50      4401667.44
1960-1969       82           2318401.89      1518537.67      3836939.55
1960-1969       83           2021384.95      1293620.41      3315005.36
1960-1969       84           1740178.67      1086534.86      2826713.53
1960-1969       85           1475796.67       897710.51      2373507.17
1960-1969       86           1232395.22       729870.08      1962265.30
1960-1969       87           1015258.40       585570.02      1600828.42
1960-1969       88            824295.54       463218.99      1287514.53
1960-1969       89            658817.63       360353.90      1019171.53
1960-1969       90            517231.43       275479.03       792710.45
1960-1969       91            399802.33       207386.73       607189.06
1960-1969       92            303835.88       153269.20       457105.08
1960-1969       93            224854.92       110241.28       335096.20
1960-1969       94            162176.29        77520.25       239696.54
1960-1969       95            114055.21        53471.67       167526.87
1960-1969       96             78898.15        36209.90       115108.05
1960-1969       97             53441.55        23988.70        77430.24
1960-1969       98             35556.58        15613.14        51169.72
1960-1969       99             23577.40        10142.33        33719.73
1960-1969      100             15329.12         6508.75        21837.86
1960-1969      101              9871.22         4178.77        14049.99
1960-1969      102              6368.24         2750.77         9119.00
1960-1969      103              4105.12         1856.05         5961.17
1960-1969      104              2698.38         1302.46         4000.83
1960-1969      105              1770.29          898.32         2668.61
1960-1969      106              1190.06          623.26         1813.32
1960-1969      107               844.24          456.73         1300.97
1960-1969      108               607.55          336.32          943.87
1960-1969      109               450.77          253.43          704.20
1960-1969      110+             1517.34          902.69         2420.03
1970-1979        0          16111856.05     16876276.75     32988132.81
1970-1979        1          15808991.51     16504787.25     32313778.76
1970-1979        2          15727069.26     16430905.07     32157974.33
1970-1979        3          16088072.45     16772642.61     32860715.06
1970-1979        4          16575138.59     17272144.61     33847283.19
1970-1979        5          16869583.71     17586883.50     34456467.21
1970-1979        6          17364359.41     18038369.41     35402728.83
1970-1979        7          17983939.62     18735024.67     36718964.29
1970-1979        8          17937355.65     18689120.11     36626475.76
1970-1979        9          18661224.17     19416693.72     38077917.89
1970-1979       10          19483173.41     20326509.24     39809682.65
1970-1979       11          19381653.65     20182887.10     39564540.74
1970-1979       12          19707651.44     20519309.41     40226960.85
1970-1979       13          20089511.13     20892893.72     40982404.85
1970-1979       14          20548619.98     21349105.75     41897725.73
1970-1979       15          20634603.89     21493308.42     42127912.31
1970-1979       16          20528995.92     21291450.24     41820446.16
1970-1979       17          20428848.90     21137140.61     41565989.50
1970-1979       18          20257061.26     20634457.90     40891519.15
1970-1979       19          20521767.72     20620559.60     41142327.31
1970-1979       20          20235013.22     20159991.16     40395004.38
1970-1979       21          19409567.66     19206990.04     38616557.69
1970-1979       22          19019565.79     18709818.04     37729383.83
1970-1979       23          18630576.80     18265909.22     36896486.02
1970-1979       24          18503873.25     18182410.29     36686283.54
1970-1979       25          17798818.63     17553636.98     35352455.61
1970-1979       26          17090906.27     16846848.95     33937755.21
1970-1979       27          16831795.40     16511702.72     33343498.12
1970-1979       28          16021941.18     15669368.70     31691309.89
1970-1979       29          16034499.45     15674661.54     31709160.99
1970-1979       30          15794804.81     15487839.17     31282643.98
1970-1979       31          14600428.47     14259221.87     28859650.34
1970-1979       32          14049251.40     13621803.67     27671055.07
1970-1979       33          13324118.49     12819140.24     26143258.73
1970-1979       34          13265479.35     12736053.56     26001532.90
1970-1979       35          12786997.16     12305655.76     25092652.91
1970-1979       36          12320646.85     11795312.76     24115959.62
1970-1979       37          12015124.58     11447269.00     23462393.57
1970-1979       38          11661271.10     11111346.73     22772617.84
1970-1979       39          11758934.12     11221865.18     22980799.30
1970-1979       40          11835997.11     11331015.89     23167013.00
1970-1979       41          11645078.94     11149509.88     22794588.83
1970-1979       42          11692758.01     11190310.87     22883068.88
1970-1979       43          11677259.43     11163965.19     22841224.62
1970-1979       44          11822623.98     11268013.56     23090637.54
1970-1979       45          11907547.20     11262138.62     23169685.82
1970-1979       46          11988377.09     11320195.69     23308572.79
1970-1979       47          12110632.81     11396889.45     23507522.27
1970-1979       48          12158232.59     11342760.79     23500993.38
1970-1979       49          12455868.08     11567162.60     24023030.67
1970-1979       50          12212923.09     11343194.95     23556118.03
1970-1979       51          12403302.62     11470109.18     23873411.79
1970-1979       52          12301474.31     11323402.69     23624876.99
1970-1979       53          12166409.30     11189692.63     23356101.93
1970-1979       54          11923890.41     10943120.52     22867010.94
1970-1979       55          11654003.95     10657136.64     22311140.59
1970-1979       56          11437665.54     10416582.62     21854248.16
1970-1979       57          11192709.61     10148005.85     21340715.45
1970-1979       58          10928763.82      9796114.97     20724878.79
1970-1979       59          10763058.63      9584595.02     20347653.65
1970-1979       60          10146249.15      8987876.79     19134125.94
1970-1979       61          10159397.22      8987081.28     19146478.50
1970-1979       62          10025304.43      8720607.55     18745911.98
1970-1979       63           9857306.49      8469311.80     18326618.29
1970-1979       64           9683576.32      8146630.40     17830206.71
1970-1979       65           9476338.25      7814472.38     17290810.63
1970-1979       66           9228164.01      7445215.68     16673379.69
1970-1979       67           8868089.27      7068953.79     15937043.06
1970-1979       68           8511286.82      6661971.08     15173257.91
1970-1979       69           8075866.93      6240718.19     14316585.11
1970-1979       70           7393632.47      5574843.02     12968475.49
1970-1979       71           7214161.42      5397420.54     12611581.95
1970-1979       72           6761417.63      4924068.35     11685485.98
1970-1979       73           6460210.47      4622780.60     11082991.07
1970-1979       74           6095493.01      4236997.68     10332490.69
1970-1979       75           5735100.62      3880210.71      9615311.32
1970-1979       76           5473643.12      3601414.37      9075057.49
1970-1979       77           5162979.83      3304388.78      8467368.61
1970-1979       78           4922807.07      3113610.62      8036417.68
1970-1979       79           4464846.68      2756895.56      7221742.24
1970-1979       80           4053907.55      2394737.25      6448644.80
1970-1979       81           3711519.24      2136821.79      5848341.03
1970-1979       82           3353007.51      1881489.08      5234496.59
1970-1979       83           2985529.08      1629954.47      4615483.55
1970-1979       84           2619646.90      1391729.51      4011376.40
1970-1979       85           2270800.47      1173787.06      3444587.53
1970-1979       86           1941791.13       975760.32      2917551.45
1970-1979       87           1632094.27       796555.58      2428649.85
1970-1979       88           1350946.79       640625.55      1991572.34
1970-1979       89           1101341.06       507644.51      1608985.56
1970-1979       90            877461.07       393150.65      1270611.72
1970-1979       91            683867.37       297309.04       981176.41
1970-1979       92            525320.40       221286.86       746607.26
1970-1979       93            396616.03       161665.60       558281.63
1970-1979       94            292682.97       115300.66       407983.63
1970-1979       95            210661.06        80346.06       291007.12
1970-1979       96            147873.30        54585.42       202458.72
1970-1979       97            101506.10        36440.48       137946.58
1970-1979       98             68281.09        23983.37        92264.46
1970-1979       99             45177.60        15590.19        60767.79
1970-1979      100             29557.74        10036.84        39594.58
1970-1979      101             19155.90         6473.19        25629.09
1970-1979      102             12348.54         4205.15        16553.69
1970-1979      103              7915.72         2794.97        10710.68
1970-1979      104              4999.16         1877.51         6876.67
1970-1979      105              3163.33         1282.99         4446.32
1970-1979      106              2052.18          872.91         2925.09
1970-1979      107              1355.16          615.27         1970.43
1970-1979      108               914.67          432.40         1347.07
1970-1979      109               632.10          303.01          935.10
1970-1979      110+             1746.28          903.24         2649.53
1980-1989        0          17949372.02     18809391.53     36758763.56
1980-1989        1          17237704.92     18068155.86     35305860.78
1980-1989        2          17046962.15     17846400.53     34893362.68
1980-1989        3          16992559.55     17778504.47     34771064.02
1980-1989        4          16926872.60     17725569.93     34652442.54
1980-1989        5          16677446.00     17469283.19     34146729.19
1980-1989        6          16469612.53     17251928.22     33721540.75
1980-1989        7          16456234.07     17242704.89     33698938.96
1980-1989        8          15786995.82     16559184.57     32346180.39
1980-1989        9          16581476.27     17388838.49     33970314.76
1980-1989       10          16821079.58     17694448.72     34515528.30
1980-1989       11          16680000.75     17486320.47     34166321.21
1980-1989       12          16737771.91     17520815.65     34258587.55
1980-1989       13          17008926.17     17778308.08     34787234.25
1980-1989       14          17326432.61     18146374.94     35472807.55
1980-1989       15          17806293.86     18636779.11     36443072.97
1980-1989       16          18269411.17     19149924.49     37419335.66
1980-1989       17          18813378.48     19815946.36     38629324.84
1980-1989       18          19091410.29     19782121.57     38873531.86
1980-1989       19          20406638.56     20860577.60     41267216.15
1980-1989       20          20532122.11     20962877.67     41494999.77
1980-1989       21          20464775.62     20879858.46     41344634.08
1980-1989       22          20485683.57     20850250.82     41335934.39
1980-1989       23          20790501.32     21024350.79     41814852.11
1980-1989       24          21336565.51     21557576.49     42894142.00
1980-1989       25          21415034.51     21562058.74     42977093.25
1980-1989       26          21305193.97     21341648.86     42646842.82
1980-1989       27          21337556.83     21336645.29     42674202.12
1980-1989       28          20219442.70     20136548.58     40355991.27
1980-1989       29          21578828.34     21544793.45     43123621.79
1980-1989       30          20966876.85     20799962.39     41766839.25
1980-1989       31          20159305.03     19889343.09     40048648.12
1980-1989       32          19922335.41     19614970.41     39537305.82
1980-1989       33          19445561.78     19006779.36     38452341.14
1980-1989       34          19394982.83     19125985.02     38520967.85
1980-1989       35          18571122.61     18187265.15     36758387.76
1980-1989       36          17717373.49     17236419.89     34953793.38
1980-1989       37          17337026.07     16813522.20     34150548.27
1980-1989       38          16114761.33     15591493.60     31706254.93
1980-1989       39          16645256.74     16216541.05     32861797.79
1980-1989       40          15866695.88     15348987.76     31215683.65
1980-1989       41          14764596.09     14250736.49     29015332.57
1980-1989       42          14115473.35     13653317.85     27768791.19
1980-1989       43          13496257.69     12954563.55     26450821.24
1980-1989       44          13264162.55     12803938.29     26068100.83
1980-1989       45          12751059.57     12248769.46     24999829.03
1980-1989       46          12378029.28     11832248.30     24210277.58
1980-1989       47          12143226.13     11566336.13     23709562.26
1980-1989       48          11259325.05     10720932.45     21980257.49
1980-1989       49          11869406.64     11326717.36     23196124.00
1980-1989       50          11740993.17     11024933.83     22765926.99
1980-1989       51          11342870.09     10670071.80     22012941.89
1980-1989       52          11343367.35     10607704.45     21951071.80
1980-1989       53          11512447.38     10750027.71     22262475.09
1980-1989       54          11782472.42     10880615.00     22663087.42
1980-1989       55          11607530.41     10581743.76     22189274.17
1980-1989       56          11756161.34     10664640.70     22420802.03
1980-1989       57          12033900.03     10856982.95     22890882.98
1980-1989       58          11539872.21     10316589.01     21856461.22
1980-1989       59          11997309.52     10649897.97     22647207.49
1980-1989       60          11889294.76     10382867.40     22272162.16
1980-1989       61          11571896.72     10104699.77     21676596.49
1980-1989       62          11245109.20      9713842.20     20958951.39
1980-1989       63          11155379.31      9650695.33     20806074.63
1980-1989       64          11261295.84      9547529.33     20808825.17
1980-1989       65          10969166.42      9158061.30     20127227.72
1980-1989       66          10572562.96      8711278.63     19283841.58
1980-1989       67          10418061.35      8452932.87     18870994.22
1980-1989       68           9903732.92      7859482.96     17763215.88
1980-1989       69           9849518.04      7589119.46     17438637.50
1980-1989       70           9319361.41      7076192.11     16395553.52
1980-1989       71           9005032.02      6700831.07     15705863.09
1980-1989       72           8523497.84      6195427.52     14718925.36
1980-1989       73           8128590.58      5775641.76     13904232.34
1980-1989       74           7972358.79      5487952.86     13460311.65
1980-1989       75           7541372.77      5080632.82     12622005.59
1980-1989       76           7067218.73      4601522.00     11668740.73
1980-1989       77           6681944.56      4185662.81     10867607.37
1980-1989       78           6226186.69      3782280.27     10008466.96
1980-1989       79           5827659.39      3411089.48      9238748.87
1980-1989       80           5221635.97      2924019.68      8145655.65
1980-1989       81           4784676.26      2572805.99      7357482.24
1980-1989       82           4354437.15      2245099.10      6599536.25
1980-1989       83           3936379.13      1947242.00      5883621.13
1980-1989       84           3536318.65      1677778.41      5214097.06
1980-1989       85           3146293.90      1431345.66      4577639.56
1980-1989       86           2768530.70      1207674.79      3976205.49
1980-1989       87           2404246.27      1005848.34      3410094.61
1980-1989       88           2068107.17       829193.79      2897300.95
1980-1989       89           1746705.79       670783.93      2417489.72
1980-1989       90           1454978.96       535909.17      1990888.12
1980-1989       91           1196487.83       423417.48      1619905.32
1980-1989       92            959856.66       326907.12      1286763.78
1980-1989       93            750860.62       245900.20       996760.82
1980-1989       94            572482.46       180185.87       752668.33
1980-1989       95            426479.84       129264.38       555744.21
1980-1989       96            310407.14        90366.28       400773.42
1980-1989       97            219412.04        61500.80       280912.84
1980-1989       98            151356.71        41048.42       192405.13
1980-1989       99            102299.05        26861.51       129160.56
1980-1989      100             67144.08        17086.68        84230.76
1980-1989      101             42792.41        10669.55        53461.96
1980-1989      102             26626.45         6600.04        33226.49
1980-1989      103             16401.29         4028.92        20430.21
1980-1989      104              9880.95         2448.08        12329.03
1980-1989      105              5886.15         1516.65         7402.81
1980-1989      106              3526.51          930.28         4456.79
1980-1989      107              2143.31          597.89         2741.20
1980-1989      108              1288.12          390.48         1678.60
1980-1989      109               806.63          260.30         1066.93
1980-1989      110+             1547.18          659.12         2206.30
1990-1999        0          18848974.20     19770296.03     38619270.23
1990-1999        1          18797390.35     19679401.43     38476791.78
1990-1999        2          18825344.14     19730679.11     38556023.25
1990-1999        3          18917521.82     19820800.12     38738321.95
1990-1999        4          19170351.65     20097294.47     39267646.12
1990-1999        5          19098528.25     20047234.32     39145762.57
1990-1999        6          18951396.66     19868608.62     38820005.28
1990-1999        7          18910810.46     19814056.34     38724866.80
1990-1999        8          18375775.42     19272949.20     37648724.62
1990-1999        9          18850757.04     19810168.04     38660925.08
1990-1999       10          18908052.15     19894779.05     38802831.20
1990-1999       11          18556166.54     19481035.72     38037202.26
1990-1999       12          18410771.91     19318538.25     37729310.17
1990-1999       13          18286874.48     19189035.48     37475909.95
1990-1999       14          18100579.80     19061387.68     37161967.48
1990-1999       15          17978893.06     19003743.62     36982636.68
1990-1999       16          17766725.30     18879482.99     36646208.29
1990-1999       17          17686585.53     18895902.94     36582488.47
1990-1999       18          17703077.45     18655441.74     36358519.19
1990-1999       19          18436470.64     19228030.60     37664501.23
1990-1999       20          18448038.45     19249413.58     37697452.03
1990-1999       21          18206919.24     18984020.61     37190939.86
1990-1999       22          17951008.83     18659744.88     36610753.70
1990-1999       23          18069420.49     18677165.76     36746586.25
1990-1999       24          18653004.36     19153652.88     37806657.24
1990-1999       25          19155086.32     19592830.13     38747916.45
1990-1999       26          19499166.54     19738186.35     39237352.89
1990-1999       27          20151144.84     20387557.89     40538702.73
1990-1999       28          19944379.71     20123060.30     40067440.01
1990-1999       29          21178378.29     21354256.71     42532635.00
1990-1999       30          21629645.55     21839853.32     43469498.87
1990-1999       31          21353414.63     21421545.96     42774960.59
1990-1999       32          21819942.58     21836291.64     43656234.23
1990-1999       33          21996850.32     21914381.10     43911231.42
1990-1999       34          22597546.47     22653689.10     45251235.57
1990-1999       35          22789746.30     22804274.39     45594020.69
1990-1999       36          22297732.43     22072476.29     44370208.72
1990-1999       37          22095067.01     21830897.42     43925964.43
1990-1999       38          21206894.80     20889237.41     42096132.21
1990-1999       39          21914495.08     21626241.43     43540736.51
1990-1999       40          21546391.09     21237937.74     42784328.83
1990-1999       41          20539602.28     20058240.26     40597842.54
1990-1999       42          20250009.02     19771129.13     40021138.15
1990-1999       43          19752363.77     19145463.95     38897827.71
1990-1999       44          19374315.62     18943125.51     38317441.13
1990-1999       45          18753645.78     18266657.99     37020303.77
1990-1999       46          17741670.15     17132642.17     34874312.31
1990-1999       47          17302921.76     16654542.86     33957464.63
1990-1999       48          16313342.56     15669078.61     31982421.17
1990-1999       49          16455514.60     15844413.77     32299928.36
1990-1999       50          15814413.13     15187815.00     31002228.13
1990-1999       51          14681379.82     14013313.01     28694692.83
1990-1999       52          13979386.50     13300221.49     27279607.98
1990-1999       53          13342918.23     12611216.75     25954134.97
1990-1999       54          13104166.69     12376562.55     25480729.24
1990-1999       55          12575863.88     11788053.79     24363917.67
1990-1999       56          12173518.76     11329107.90     23502626.66
1990-1999       57          11792818.42     10894722.10     22687540.52
1990-1999       58          11140683.03     10250560.53     21391243.56
1990-1999       59          11301573.58     10355486.06     21657059.63
1990-1999       60          11231006.32     10121219.01     21352225.33
1990-1999       61          10835403.15      9773261.54     20608664.68
1990-1999       62          10845071.54      9674317.60     20519389.13
1990-1999       63          10895446.75      9672609.43     20568056.18
1990-1999       64          11069388.34      9625126.70     20694515.04
1990-1999       65          10979350.15      9382400.03     20361750.18
1990-1999       66          10936798.35      9212987.78     20149786.13
1990-1999       67          10975104.19      9145568.91     20120673.09
1990-1999       68          10630153.90      8725649.56     19355803.46
1990-1999       69          10637421.38      8547152.93     19184574.30
1990-1999       70          10495237.10      8256146.80     18751383.90
1990-1999       71          10083280.97      7861815.21     17945096.18
1990-1999       72           9799217.87      7526321.96     17325539.83
1990-1999       73           9463252.95      7107455.86     16570708.81
1990-1999       74           9232943.69      6747400.79     15980344.48
1990-1999       75           8899722.38      6337346.04     15237068.41
1990-1999       76           8438695.98      5873134.18     14311830.16
1990-1999       77           8006780.22      5402624.27     13409404.49
1990-1999       78           7649267.52      4961760.72     12611028.24
1990-1999       79           7184554.77      4485704.02     11670258.79
1990-1999       80           6455571.49      3847358.49     10302929.99
1990-1999       81           6010174.95      3431716.46      9441891.41
1990-1999       82           5557539.32      3030302.26      8587841.58
1990-1999       83           5101140.52      2648356.20      7749496.72
1990-1999       84           4639949.78      2286811.58      6926761.37
1990-1999       85           4170115.26      1946937.77      6117053.02
1990-1999       86           3703684.37      1635360.20      5339044.57
1990-1999       87           3252704.06      1356168.03      4608872.08
1990-1999       88           2815998.66      1106821.83      3922820.49
1990-1999       89           2409969.46       892151.98      3302121.44
1990-1999       90           2025450.36       705765.46      2731215.82
1990-1999       91           1669848.21       547872.63      2217720.84
1990-1999       92           1353449.56       417127.48      1770577.04
1990-1999       93           1076161.10       312109.43      1388270.53
1990-1999       94            840593.80       229323.06      1069916.86
1990-1999       95            641973.40       164904.79       806878.19
1990-1999       96            478257.26       115816.55       594073.81
1990-1999       97            347996.89        79202.50       427199.39
1990-1999       98            247393.03        52952.05       300345.08
1990-1999       99            171278.06        34648.81       205926.87
1990-1999      100            115547.03        22224.27       137771.30
1990-1999      101             75871.25        13918.28        89789.53
1990-1999      102             47931.19         8482.62        56413.81
1990-1999      103             29509.62         5014.35        34523.97
1990-1999      104             17805.12         2935.48        20740.59
1990-1999      105             10402.24         1733.24        12135.48
1990-1999      106              6022.96         1042.93         7065.89
1990-1999      107              3438.78          635.86         4074.64
1990-1999      108              1960.95          391.03         2351.98
1990-1999      109              1145.02          251.82         1396.84
1990-1999      110+             1593.54          337.59         1931.13
2000-2009        0          19644903.86     20540305.20     40185209.06
2000-2009        1          19396424.85     20260743.48     39657168.33
2000-2009        2          19265324.63     20138481.07     39403805.70
2000-2009        3          19194571.00     20057361.67     39251932.67
2000-2009        4          19212979.35     20101494.47     39314473.83
2000-2009        5          19261705.79     20141871.84     39403577.62
2000-2009        6          19236543.35     20114722.19     39351265.54
2000-2009        7          19339474.21     20227431.93     39566906.14
2000-2009        8          19438812.43     20362917.82     39801730.26
2000-2009        9          19667909.70     20630056.88     40297966.58
2000-2009       10          20364758.90     21355674.02     41720432.92
2000-2009       11          20382152.85     21384209.01     41766361.86
2000-2009       12          20574496.24     21586969.50     42161465.74
2000-2009       13          20601513.23     21628983.46     42230496.69
2000-2009       14          20552760.25     21611227.50     42163987.75
2000-2009       15          20666396.66     21781420.62     42447817.27
2000-2009       16          20703068.16     21902986.33     42606054.49
2000-2009       17          20611673.34     21923346.79     42535020.13
2000-2009       18          20691362.57     21986702.64     42678065.20
2000-2009       19          20724343.69     21929269.47     42653613.16
2000-2009       20          20495048.10     21625313.05     42120361.15
2000-2009       21          20364410.50     21411919.18     41776329.68
2000-2009       22          20118174.95     21087695.80     41205870.75
2000-2009       23          19949728.55     20785046.56     40734775.11
2000-2009       24          19820127.27     20498809.01     40318936.28
2000-2009       25          19820155.77     20325363.65     40145519.42
2000-2009       26          19586678.78     19893820.23     39480499.01
2000-2009       27          19584254.44     19752584.16     39336838.60
2000-2009       28          19428069.85     19649253.99     39077323.84
2000-2009       29          19312669.09     19572809.99     38885479.08
2000-2009       30          19650195.68     19991370.82     39641566.50
2000-2009       31          19586119.91     19772528.33     39358648.25
2000-2009       32          19899343.07     20031910.59     39931253.66
2000-2009       33          20049032.09     20125292.45     40174324.54
2000-2009       34          20266999.82     20314923.90     40581923.72
2000-2009       35          20659612.41     20710332.47     41369944.89
2000-2009       36          21051938.44     21007281.81     42059220.25
2000-2009       37          21377403.02     21246013.58     42623416.60
2000-2009       38          21646495.17     21470216.63     43116711.80
2000-2009       39          21898377.98     21703077.07     43601455.04
2000-2009       40          22066859.41     21796254.81     43863114.23
2000-2009       41          22340532.94     22051234.15     44391767.09
2000-2009       42          22534034.41     22205627.70     44739662.11
2000-2009       43          22760755.16     22360284.87     45121040.04
2000-2009       44          22741390.68     22271757.05     45013147.72
2000-2009       45          22661136.99     22121426.96     44782563.95
2000-2009       46          22555767.15     22018913.13     44574680.28
2000-2009       47          22360731.44     21770634.86     44131366.29
2000-2009       48          21975528.19     21312169.40     43287697.59
2000-2009       49          21646140.99     20952760.01     42598901.00
2000-2009       50          21150810.40     20362978.01     41513788.41
2000-2009       51          20846929.50     20054407.17     40901336.67
2000-2009       52          20374471.74     19510142.98     39884614.72
2000-2009       53          19956601.84     19085736.40     39042338.24
2000-2009       54          19371214.57     18450368.49     37821583.06
2000-2009       55          18557414.41     17548269.14     36105683.55
2000-2009       56          17967259.37     16978697.90     34945957.27
2000-2009       57          17302413.39     16286780.39     33589193.78
2000-2009       58          16641131.34     15589700.29     32230831.63
2000-2009       59          15901001.72     14817467.85     30718469.57
2000-2009       60          15060608.35     13937059.66     28997668.01
2000-2009       61          14475604.47     13355067.56     27830672.03
2000-2009       62          13698612.04     12545274.57     26243886.61
2000-2009       63          12982951.92     11806703.29     24789655.21
2000-2009       64          12389946.27     11181573.11     23571519.38
2000-2009       65          11999210.52     10711252.51     22710463.02
2000-2009       66          11500234.91     10180647.79     21680882.70
2000-2009       67          11046719.62      9683102.02     20729821.64
2000-2009       68          10666557.97      9239125.05     19905683.01
2000-2009       69          10360997.83      8854340.96     19215338.79
2000-2009       70          10060969.37      8473386.36     18534355.72
2000-2009       71           9895302.93      8222032.19     18117335.12
2000-2009       72           9657104.43      7879440.53     17536544.95
2000-2009       73           9470508.33      7590263.01     17060771.33
2000-2009       74           9251208.58      7270632.55     16521841.13
2000-2009       75           9010171.18      6906580.18     15916751.35
2000-2009       76           8867379.62      6650195.44     15517575.06
2000-2009       77           8619871.30      6296076.34     14915947.65
2000-2009       78           8368844.32      5948410.92     14317255.24
2000-2009       79           8046586.91      5550255.66     13596842.58
2000-2009       80           7597084.91      5047973.09     12645057.99
2000-2009       81           7171524.26      4600914.94     11772439.20
2000-2009       82           6690304.57      4132483.37     10822787.95
2000-2009       83           6179985.77      3672225.01      9852210.78
2000-2009       84           5646912.20      3215053.67      8861965.87
2000-2009       85           5102227.22      2772666.00      7874893.22
2000-2009       86           4559231.42      2354376.64      6913608.06
2000-2009       87           4026385.30      1967038.74      5993424.04
2000-2009       88           3496741.56      1609579.04      5106320.60
2000-2009       89           2988828.86      1288796.95      4277625.81
2000-2009       90           2529553.80      1017409.32      3546963.12
2000-2009       91           2108400.60       789221.90      2897622.49
2000-2009       92           1722027.94       597956.53      2319984.47
2000-2009       93           1378055.24       442265.92      1820321.17
2000-2009       94           1077773.53       318185.64      1395959.18
2000-2009       95            819795.76       222712.77      1042508.52
2000-2009       96            607313.69       151999.39       759313.08
2000-2009       97            438829.43       101183.99       540013.42
2000-2009       98            307621.37        65449.26       373070.62
2000-2009       99            210444.37        41534.24       251978.61
2000-2009      100            139868.51        25348.81       165217.32
2000-2009      101             89565.19        15033.28       104598.47
2000-2009      102             55699.42         8685.88        64385.30
2000-2009      103             33856.48         4941.00        38797.47
2000-2009      104             19834.58         2746.20        22580.78
2000-2009      105             11238.11         1495.84        12733.96
2000-2009      106              6245.07          782.84         7027.91
2000-2009      107              3409.49          434.61         3844.10
2000-2009      108              1799.30          251.76         2051.06
2000-2009      109               919.83          146.03         1065.86
2000-2009      110+             1038.42          138.57         1176.99
2010-2015        0          11591350.23     12131969.12     23723319.35
2010-2015        1          11634836.20     12160686.57     23795522.76
2010-2015        2          11721202.28     12243360.55     23964562.84
2010-2015        3          11813593.12     12334060.10     24147653.22
2010-2015        4          11893561.47     12416572.16     24310133.63
2010-2015        5          11955961.45     12478982.26     24434943.71
2010-2015        6          12002319.35     12527205.53     24529524.88
2010-2015        7          12031002.29     12553374.87     24584377.16
2010-2015        8          12024804.95     12542899.59     24567704.53
2010-2015        9          12014125.89     12530131.44     24544257.33
2010-2015       10          12075592.52     12594628.20     24670220.72
2010-2015       11          12097321.35     12621988.38     24719309.73
2010-2015       12          12125846.44     12657256.45     24783102.89
2010-2015       13          12164030.79     12706574.87     24870605.66
2010-2015       14          12202606.64     12762642.53     24965249.17
2010-2015       15          12253874.30     12834542.39     25088416.68
2010-2015       16          12334371.86     12943275.78     25277647.64
2010-2015       17          12458282.42     13106695.34     25564977.75
2010-2015       18          12658815.84     13339712.38     25998528.22
2010-2015       19          12903551.48     13596950.11     26500501.59
2010-2015       20          13100178.00     13789730.90     26889908.90
2010-2015       21          13214156.54     13887812.03     27101968.57
2010-2015       22          13232906.11     13872863.04     27105769.15
2010-2015       23          13189657.25     13776387.54     26966044.79
2010-2015       24          13098870.61     13623903.03     26722773.64
2010-2015       25          12983332.94     13447041.56     26430374.50
2010-2015       26          12842805.43     13240879.10     26083684.52
2010-2015       27          12781561.13     13108032.35     25889593.48
2010-2015       28          12778688.67     13037758.42     25816447.09
2010-2015       29          12774976.83     12972950.06     25747926.90
2010-2015       30          12786238.74     12946072.36     25732311.10
2010-2015       31          12698719.79     12810290.36     25509010.15
2010-2015       32          12592080.14     12666618.22     25258698.36
2010-2015       33          12440760.22     12481504.49     24922264.71
2010-2015       34          12260644.43     12274566.38     24535210.80
2010-2015       35          12085385.73     12079076.67     24164462.40
2010-2015       36          11925333.40     11881184.80     23806518.20
2010-2015       37          11851730.21     11767695.92     23619426.13
2010-2015       38          11915626.88     11800336.77     23715963.64
2010-2015       39          12100166.77     11970362.26     24070529.02
2010-2015       40          12309802.33     12166940.16     24476742.49
2010-2015       41          12462051.59     12308958.92     24771010.51
2010-2015       42          12566988.95     12407322.15     24974311.09
2010-2015       43          12657085.67     12490076.14     25147161.81
2010-2015       44          12712003.70     12537065.15     25249068.85
2010-2015       45          12765685.44     12571017.11     25336702.55
2010-2015       46          12869754.69     12641119.79     25510874.48
2010-2015       47          13051663.25     12778844.71     25830507.96
2010-2015       48          13280562.21     12956533.12     26237095.33
2010-2015       49          13534832.01     13167654.92     26702486.93
2010-2015       50          13720895.33     13304324.66     27025219.99
2010-2015       51          13802477.10     13341958.24     27144435.34
2010-2015       52          13787341.56     13279456.45     27066798.01
2010-2015       53          13733056.25     13182352.76     26915409.02
2010-2015       54          13632280.00     13038426.75     26670706.75
2010-2015       55          13451097.36     12803555.32     26254652.68
2010-2015       56          13222337.14     12519542.56     25741879.69
2010-2015       57          12943740.33     12186640.16     25130380.48
2010-2015       58          12625572.09     11821553.38     24447125.46
2010-2015       59          12286975.60     11441844.53     23728820.13
2010-2015       60          11929130.04     11048671.10     22977801.14
2010-2015       61          11595391.42     10690771.63     22286163.06
2010-2015       62          11315206.43     10392582.11     21707788.54
2010-2015       63          11025691.78     10092187.29     21117879.07
2010-2015       64          10570084.35      9637855.60     20207939.95
2010-2015       65          10043373.28      9111010.73     19154384.02
2010-2015       66           9555772.75      8618896.43     18174669.17
2010-2015       67           9081137.69      8133536.15     17214673.84
2010-2015       68           8508401.54      7553730.42     16062131.96
2010-2015       69           7921769.54      6958009.96     14879779.50
2010-2015       70           7478492.39      6497246.27     13975738.66
2010-2015       71           7122158.63      6125934.58     13248093.21
2010-2015       72           6722893.06      5716848.47     12439741.53
2010-2015       73           6310877.45      5297998.45     11608875.90
2010-2015       74           5957948.70      4932976.46     10890925.16
2010-2015       75           5659059.69      4614821.80     10273881.49
2010-2015       76           5382523.63      4316892.36      9699415.99
2010-2015       77           5120148.38      4027692.69      9147841.07
2010-2015       78           4888263.08      3763687.96      8651951.03
2010-2015       79           4684867.55      3523077.20      8207944.75
2010-2015       80           4486422.29      3288639.27      7775061.56
2010-2015       81           4293622.66      3059525.87      7353148.53
2010-2015       82           4105320.35      2833894.96      6939215.31
2010-2015       83           3908648.85      2607017.65      6515666.50
2010-2015       84           3689571.11      2371051.83      6060622.94
2010-2015       85           3452792.41      2132064.92      5584857.33
2010-2015       86           3189349.00      1888835.86      5078184.86
2010-2015       87           2904901.86      1646822.73      4551724.59
2010-2015       88           2613330.02      1414406.84      4027736.87
2010-2015       89           2313726.82      1192933.25      3506660.07
2010-2015       90           1986951.83       972146.73      2959098.56
2010-2015       91           1658301.58       763410.48      2421712.06
2010-2015       92           1357181.82       585018.96      1942200.78
2010-2015       93           1085034.30       434838.38      1519872.68
2010-2015       94            843205.96       312308.09      1155514.05
2010-2015       95            640318.87       217739.78       858058.65
2010-2015       96            478408.23       148237.37       626645.60
2010-2015       97            349190.22        98072.38       447262.60
2010-2015       98            246317.33        62962.61       309279.94
2010-2015       99            169453.12        39099.93       208553.05
2010-2015      100            113467.65        23522.79       136990.44
2010-2015      101             73012.86        13498.49        86511.35
2010-2015      102             45134.57         7527.49        52662.06
2010-2015      103             27055.23         4051.55        31106.77
2010-2015      104             15872.97         2119.45        17992.41
2010-2015      105              8969.19         1055.62        10024.80
2010-2015      106              4827.73          531.44         5359.17
2010-2015      107              2544.55          267.90         2812.46
2010-2015      108              1355.21          135.52         1490.73
2010-2015      109               680.78           74.60          755.37
2010-2015      110+              729.62           91.89          821.50
