Austria, Death rates (period 1x10)     Last modified: 02-Sep-2015, MPv5 (May07)

   Year      Age       Female       Male         Total
1947-1949      0     0.074790     0.094958     0.085141 
1947-1949      1     0.006198     0.007127     0.006673 
1947-1949      2     0.003523     0.003929     0.003730 
1947-1949      3     0.002623     0.002889     0.002758 
1947-1949      4     0.001954     0.002297     0.002128 
1947-1949      5     0.001501     0.001791     0.001648 
1947-1949      6     0.001308     0.001469     0.001390 
1947-1949      7     0.001038     0.001359     0.001201 
1947-1949      8     0.000918     0.001255     0.001090 
1947-1949      9     0.000715     0.000878     0.000798 
1947-1949     10     0.000814     0.001035     0.000926 
1947-1949     11     0.000773     0.001256     0.001019 
1947-1949     12     0.000767     0.001073     0.000923 
1947-1949     13     0.000896     0.000991     0.000945 
1947-1949     14     0.000921     0.001106     0.001016 
1947-1949     15     0.001139     0.001495     0.001323 
1947-1949     16     0.001315     0.001520     0.001421 
1947-1949     17     0.001424     0.002033     0.001739 
1947-1949     18     0.001467     0.002252     0.001872 
1947-1949     19     0.001823     0.002673     0.002256 
1947-1949     20     0.001992     0.002729     0.002360 
1947-1949     21     0.002136     0.002686     0.002402 
1947-1949     22     0.002073     0.003148     0.002573 
1947-1949     23     0.001827     0.003170     0.002430 
1947-1949     24     0.002155     0.003230     0.002626 
1947-1949     25     0.002135     0.003240     0.002614 
1947-1949     26     0.002185     0.003105     0.002583 
1947-1949     27     0.002237     0.002939     0.002540 
1947-1949     28     0.002144     0.002828     0.002441 
1947-1949     29     0.002218     0.002769     0.002459 
1947-1949     30     0.002484     0.003371     0.002875 
1947-1949     31     0.002455     0.003320     0.002837 
1947-1949     32     0.002468     0.003403     0.002881 
1947-1949     33     0.002500     0.003258     0.002835 
1947-1949     34     0.002748     0.003756     0.003195 
1947-1949     35     0.002835     0.003571     0.003163 
1947-1949     36     0.002857     0.003837     0.003296 
1947-1949     37     0.002934     0.004041     0.003432 
1947-1949     38     0.003297     0.004360     0.003777 
1947-1949     39     0.003214     0.004395     0.003749 
1947-1949     40     0.003496     0.004626     0.004010 
1947-1949     41     0.003637     0.004759     0.004153 
1947-1949     42     0.003787     0.005367     0.004521 
1947-1949     43     0.003730     0.005706     0.004657 
1947-1949     44     0.004318     0.006066     0.005142 
1947-1949     45     0.004452     0.006464     0.005404 
1947-1949     46     0.004906     0.007587     0.006176 
1947-1949     47     0.005326     0.008177     0.006672 
1947-1949     48     0.005879     0.009099     0.007388 
1947-1949     49     0.006241     0.009719     0.007852 
1947-1949     50     0.006436     0.010383     0.008240 
1947-1949     51     0.006782     0.010875     0.008626 
1947-1949     52     0.007579     0.012584     0.009802 
1947-1949     53     0.007692     0.013385     0.010190 
1947-1949     54     0.008322     0.013844     0.010728 
1947-1949     55     0.009119     0.015920     0.012078 
1947-1949     56     0.009947     0.017656     0.013306 
1947-1949     57     0.011254     0.017610     0.014025 
1947-1949     58     0.011751     0.018932     0.014872 
1947-1949     59     0.012954     0.021421     0.016619 
1947-1949     60     0.013790     0.023465     0.017962 
1947-1949     61     0.015868     0.025444     0.019992 
1947-1949     62     0.017702     0.027109     0.021757 
1947-1949     63     0.019687     0.029161     0.023782 
1947-1949     64     0.021206     0.033203     0.026397 
1947-1949     65     0.024389     0.034789     0.028887 
1947-1949     66     0.026428     0.037949     0.031402 
1947-1949     67     0.028817     0.040207     0.033724 
1947-1949     68     0.031349     0.045056     0.037231 
1947-1949     69     0.036680     0.050217     0.042463 
1947-1949     70     0.041474     0.053059     0.046414 
1947-1949     71     0.046183     0.056963     0.050786 
1947-1949     72     0.051226     0.064348     0.056824 
1947-1949     73     0.057728     0.071015     0.063372 
1947-1949     74     0.061040     0.077080     0.067817 
1947-1949     75     0.070661     0.085382     0.076878 
1947-1949     76     0.077732     0.092700     0.084092 
1947-1949     77     0.084313     0.102201     0.091944 
1947-1949     78     0.096379     0.112343     0.103161 
1947-1949     79     0.108105     0.127195     0.116126 
1947-1949     80     0.123026     0.139810     0.129980 
1947-1949     81     0.136801     0.146207     0.140663 
1947-1949     82     0.148064     0.167765     0.156093 
1947-1949     83     0.163533     0.177992     0.169367 
1947-1949     84     0.180988     0.192638     0.185654 
1947-1949     85     0.190437     0.221487     0.202748 
1947-1949     86     0.213696     0.229874     0.220014 
1947-1949     87     0.217253     0.259279     0.233334 
1947-1949     88     0.248289     0.302477     0.268390 
1947-1949     89     0.268265     0.302580     0.280680 
1947-1949     90     0.298241     0.356745     0.319019 
1947-1949     91     0.318490     0.365999     0.334585 
1947-1949     92     0.322106     0.326917     0.323633 
1947-1949     93     0.401505     0.388699     0.397512 
1947-1949     94     0.325080     0.430412     0.357767 
1947-1949     95     0.392986     0.396256     0.393944 
1947-1949     96     0.449933     0.416822     0.440422 
1947-1949     97     0.487328     0.372917     0.450473 
1947-1949     98     0.380054     0.469766     0.413141 
1947-1949     99     0.700628     0.454447     0.601464 
1947-1949    100     0.585938     0.225522     0.382287 
1947-1949    101     0.684151     0.176419     0.280505 
1947-1949    102     0.000000     0.000000     0.000000 
1947-1949    103     2.054795     0.000000     0.691244 
1947-1949    104            .     0.000000     0.000000 
1947-1949    105            .            .            . 
1947-1949    106            .            .            . 
1947-1949    107            .            .            . 
1947-1949    108            .            .            . 
1947-1949    109            .            .            . 
1947-1949    110+           .            .            . 
1950-1959      0     0.044054     0.057340     0.050848 
1950-1959      1     0.003295     0.003604     0.003453 
1950-1959      2     0.001786     0.002143     0.001968 
1950-1959      3     0.001205     0.001457     0.001334 
1950-1959      4     0.000958     0.001298     0.001132 
1950-1959      5     0.000756     0.000951     0.000856 
1950-1959      6     0.000657     0.000899     0.000781 
1950-1959      7     0.000535     0.000810     0.000676 
1950-1959      8     0.000525     0.000714     0.000621 
1950-1959      9     0.000409     0.000628     0.000520 
1950-1959     10     0.000434     0.000625     0.000532 
1950-1959     11     0.000417     0.000594     0.000507 
1950-1959     12     0.000400     0.000603     0.000503 
1950-1959     13     0.000462     0.000661     0.000563 
1950-1959     14     0.000520     0.000739     0.000631 
1950-1959     15     0.000560     0.000900     0.000733 
1950-1959     16     0.000658     0.001150     0.000909 
1950-1959     17     0.000693     0.001498     0.001103 
1950-1959     18     0.000759     0.001873     0.001328 
1950-1959     19     0.000867     0.002028     0.001460 
1950-1959     20     0.000891     0.002256     0.001588 
1950-1959     21     0.000925     0.002424     0.001689 
1950-1959     22     0.001001     0.002306     0.001663 
1950-1959     23     0.001046     0.002311     0.001683 
1950-1959     24     0.001124     0.002149     0.001635 
1950-1959     25     0.001173     0.002224     0.001689 
1950-1959     26     0.001125     0.002156     0.001622 
1950-1959     27     0.001189     0.002250     0.001691 
1950-1959     28     0.001137     0.002143     0.001604 
1950-1959     29     0.001277     0.002145     0.001673 
1950-1959     30     0.001400     0.002209     0.001762 
1950-1959     31     0.001406     0.002208     0.001759 
1950-1959     32     0.001378     0.002134     0.001706 
1950-1959     33     0.001541     0.002369     0.001896 
1950-1959     34     0.001648     0.002361     0.001951 
1950-1959     35     0.001668     0.002517     0.002029 
1950-1959     36     0.001960     0.002723     0.002285 
1950-1959     37     0.001944     0.002709     0.002272 
1950-1959     38     0.002115     0.003090     0.002535 
1950-1959     39     0.002312     0.003156     0.002679 
1950-1959     40     0.002549     0.003353     0.002901 
1950-1959     41     0.002581     0.003587     0.003023 
1950-1959     42     0.002956     0.003983     0.003409 
1950-1959     43     0.002966     0.004198     0.003513 
1950-1959     44     0.003294     0.004708     0.003925 
1950-1959     45     0.003405     0.005292     0.004253 
1950-1959     46     0.003815     0.005797     0.004713 
1950-1959     47     0.004270     0.006665     0.005361 
1950-1959     48     0.004774     0.007081     0.005831 
1950-1959     49     0.004920     0.007853     0.006270 
1950-1959     50     0.005288     0.009014     0.007010 
1950-1959     51     0.005824     0.009963     0.007739 
1950-1959     52     0.006269     0.011010     0.008461 
1950-1959     53     0.006813     0.012503     0.009438 
1950-1959     54     0.007374     0.013397     0.010136 
1950-1959     55     0.007832     0.014858     0.011024 
1950-1959     56     0.008629     0.016677     0.012247 
1950-1959     57     0.009191     0.018014     0.013112 
1950-1959     58     0.010252     0.019501     0.014317 
1950-1959     59     0.010987     0.021303     0.015470 
1950-1959     60     0.012351     0.023139     0.016990 
1950-1959     61     0.013568     0.025764     0.018762 
1950-1959     62     0.015360     0.027981     0.020682 
1950-1959     63     0.017001     0.029939     0.022418 
1950-1959     64     0.018543     0.032213     0.024236 
1950-1959     65     0.020572     0.035364     0.026712 
1950-1959     66     0.023573     0.038778     0.029866 
1950-1959     67     0.025942     0.042251     0.032680 
1950-1959     68     0.029332     0.045867     0.036141 
1950-1959     69     0.032870     0.051311     0.040429 
1950-1959     70     0.036969     0.054866     0.044277 
1950-1959     71     0.041593     0.058717     0.048566 
1950-1959     72     0.046591     0.064765     0.053978 
1950-1959     73     0.052261     0.071995     0.060253 
1950-1959     74     0.058093     0.078110     0.066189 
1950-1959     75     0.065771     0.086170     0.073987 
1950-1959     76     0.073042     0.093281     0.081147 
1950-1959     77     0.081923     0.103809     0.090647 
1950-1959     78     0.091219     0.112832     0.099794 
1950-1959     79     0.103604     0.124207     0.111744 
1950-1959     80     0.113328     0.136890     0.122605 
1950-1959     81     0.124291     0.150480     0.134556 
1950-1959     82     0.141370     0.166748     0.151262 
1950-1959     83     0.152005     0.181661     0.163485 
1950-1959     84     0.171336     0.201400     0.182873 
1950-1959     85     0.188310     0.213535     0.197913 
1950-1959     86     0.210164     0.245886     0.223660 
1950-1959     87     0.225734     0.253639     0.236175 
1950-1959     88     0.244125     0.279186     0.257086 
1950-1959     89     0.267382     0.299991     0.279210 
1950-1959     90     0.287046     0.328011     0.301560 
1950-1959     91     0.312382     0.354987     0.327111 
1950-1959     92     0.349760     0.385432     0.361832 
1950-1959     93     0.364823     0.412915     0.380705 
1950-1959     94     0.371542     0.432356     0.390854 
1950-1959     95     0.432662     0.446226     0.436820 
1950-1959     96     0.446429     0.469133     0.453311 
1950-1959     97     0.452154     0.471473     0.457899 
1950-1959     98     0.471978     0.608910     0.510634 
1950-1959     99     0.658936     0.682295     0.665236 
1950-1959    100     0.529019     0.947628     0.637297 
1950-1959    101     0.791197     0.566572     0.734569 
1950-1959    102     0.356224     0.333333     0.348252 
1950-1959    103     0.404995     0.417246     0.410156 
1950-1959    104     0.810263     1.027397     0.906002 
1950-1959    105     0.451467     2.112676     0.948867 
1950-1959    106     1.398601            .     1.398601 
1950-1959    107            .            .            . 
1950-1959    108            .            .            . 
1950-1959    109            .            .            . 
1950-1959    110+           .            .            . 
1960-1969      0     0.026338     0.034300     0.030409 
1960-1969      1     0.001918     0.002222     0.002073 
1960-1969      2     0.001021     0.001254     0.001140 
1960-1969      3     0.000780     0.000965     0.000875 
1960-1969      4     0.000556     0.000793     0.000677 
1960-1969      5     0.000516     0.000714     0.000617 
1960-1969      6     0.000417     0.000677     0.000550 
1960-1969      7     0.000373     0.000580     0.000479 
1960-1969      8     0.000331     0.000526     0.000431 
1960-1969      9     0.000344     0.000514     0.000431 
1960-1969     10     0.000334     0.000484     0.000411 
1960-1969     11     0.000336     0.000394     0.000365 
1960-1969     12     0.000293     0.000470     0.000383 
1960-1969     13     0.000258     0.000459     0.000361 
1960-1969     14     0.000353     0.000595     0.000476 
1960-1969     15     0.000412     0.000772     0.000596 
1960-1969     16     0.000481     0.001121     0.000808 
1960-1969     17     0.000457     0.001310     0.000891 
1960-1969     18     0.000551     0.001713     0.001143 
1960-1969     19     0.000578     0.001799     0.001201 
1960-1969     20     0.000573     0.001803     0.001201 
1960-1969     21     0.000579     0.001920     0.001263 
1960-1969     22     0.000555     0.001789     0.001185 
1960-1969     23     0.000579     0.001783     0.001194 
1960-1969     24     0.000612     0.001629     0.001131 
1960-1969     25     0.000562     0.001770     0.001179 
1960-1969     26     0.000659     0.001752     0.001217 
1960-1969     27     0.000688     0.001711     0.001209 
1960-1969     28     0.000797     0.001765     0.001290 
1960-1969     29     0.000791     0.001861     0.001336 
1960-1969     30     0.000846     0.001834     0.001349 
1960-1969     31     0.000952     0.002022     0.001496 
1960-1969     32     0.000999     0.002172     0.001594 
1960-1969     33     0.001129     0.002284     0.001711 
1960-1969     34     0.001160     0.002252     0.001704 
1960-1969     35     0.001226     0.002502     0.001853 
1960-1969     36     0.001381     0.002490     0.001916 
1960-1969     37     0.001576     0.002936     0.002220 
1960-1969     38     0.001562     0.002747     0.002113 
1960-1969     39     0.001849     0.003145     0.002440 
1960-1969     40     0.001824     0.003445     0.002549 
1960-1969     41     0.002060     0.003627     0.002749 
1960-1969     42     0.002208     0.003761     0.002880 
1960-1969     43     0.002407     0.003965     0.003073 
1960-1969     44     0.002698     0.004441     0.003438 
1960-1969     45     0.002983     0.005035     0.003851 
1960-1969     46     0.003172     0.005407     0.004119 
1960-1969     47     0.003418     0.005807     0.004435 
1960-1969     48     0.003855     0.006378     0.004935 
1960-1969     49     0.004126     0.006990     0.005358 
1960-1969     50     0.004413     0.007874     0.005905 
1960-1969     51     0.004905     0.008650     0.006532 
1960-1969     52     0.005379     0.009418     0.007138 
1960-1969     53     0.005664     0.010429     0.007744 
1960-1969     54     0.006190     0.011683     0.008598 
1960-1969     55     0.006689     0.013119     0.009523 
1960-1969     56     0.007358     0.014546     0.010541 
1960-1969     57     0.007939     0.016432     0.011710 
1960-1969     58     0.009068     0.018253     0.013153 
1960-1969     59     0.009639     0.020452     0.014449 
1960-1969     60     0.010778     0.022828     0.016130 
1960-1969     61     0.011974     0.025395     0.017912 
1960-1969     62     0.013232     0.028563     0.019970 
1960-1969     63     0.014551     0.030873     0.021661 
1960-1969     64     0.016501     0.033838     0.023958 
1960-1969     65     0.018340     0.037522     0.026454 
1960-1969     66     0.020264     0.041173     0.028961 
1960-1969     67     0.022946     0.044525     0.031762 
1960-1969     68     0.025502     0.048562     0.034759 
1960-1969     69     0.028476     0.052830     0.038081 
1960-1969     70     0.032602     0.057158     0.042119 
1960-1969     71     0.036587     0.062466     0.046455 
1960-1969     72     0.041313     0.068114     0.051378 
1960-1969     73     0.045834     0.073026     0.055917 
1960-1969     74     0.051764     0.078809     0.061685 
1960-1969     75     0.057451     0.086341     0.067967 
1960-1969     76     0.064743     0.092636     0.074837 
1960-1969     77     0.072856     0.101181     0.083039 
1960-1969     78     0.081574     0.112562     0.092620 
1960-1969     79     0.090599     0.123159     0.102099 
1960-1969     80     0.103478     0.133992     0.114153 
1960-1969     81     0.114889     0.147051     0.126078 
1960-1969     82     0.126841     0.159695     0.138193 
1960-1969     83     0.142632     0.177407     0.154568 
1960-1969     84     0.158317     0.193586     0.170329 
1960-1969     85     0.173237     0.206873     0.184596 
1960-1969     86     0.188919     0.223746     0.200558 
1960-1969     87     0.207033     0.248246     0.220629 
1960-1969     88     0.231280     0.270824     0.244137 
1960-1969     89     0.249992     0.283919     0.260909 
1960-1969     90     0.273888     0.308520     0.284939 
1960-1969     91     0.298414     0.354931     0.316072 
1960-1969     92     0.319407     0.379996     0.337716 
1960-1969     93     0.353983     0.378481     0.361233 
1960-1969     94     0.382021     0.435252     0.397572 
1960-1969     95     0.402075     0.444272     0.414154 
1960-1969     96     0.377407     0.457604     0.399892 
1960-1969     97     0.515684     0.486561     0.507690 
1960-1969     98     0.477034     0.540436     0.494404 
1960-1969     99     0.473324     0.585714     0.502283 
1960-1969    100     0.652334     0.627019     0.646353 
1960-1969    101     0.556543     0.618854     0.570213 
1960-1969    102     0.460604     0.299103     0.425277 
1960-1969    103     0.594923     0.599161     0.595977 
1960-1969    104     0.633580     0.451637     0.581521 
1960-1969    105     0.477327     1.194030     0.682012 
1960-1969    106     1.632653     0.000000     1.379310 
1960-1969    107            .            .            . 
1960-1969    108            .            .            . 
1960-1969    109            .            .            . 
1960-1969    110+           .            .            . 
1970-1979      0     0.018311     0.024225     0.021342 
1970-1979      1     0.001222     0.001530     0.001380 
1970-1979      2     0.000723     0.000921     0.000824 
1970-1979      3     0.000513     0.000711     0.000614 
1970-1979      4     0.000428     0.000578     0.000505 
1970-1979      5     0.000379     0.000520     0.000451 
1970-1979      6     0.000348     0.000521     0.000436 
1970-1979      7     0.000293     0.000474     0.000385 
1970-1979      8     0.000266     0.000450     0.000360 
1970-1979      9     0.000221     0.000431     0.000329 
1970-1979     10     0.000236     0.000389     0.000314 
1970-1979     11     0.000236     0.000380     0.000310 
1970-1979     12     0.000243     0.000386     0.000316 
1970-1979     13     0.000249     0.000486     0.000370 
1970-1979     14     0.000312     0.000532     0.000424 
1970-1979     15     0.000394     0.000736     0.000568 
1970-1979     16     0.000517     0.001459     0.000996 
1970-1979     17     0.000619     0.001594     0.001115 
1970-1979     18     0.000600     0.002195     0.001409 
1970-1979     19     0.000634     0.002282     0.001467 
1970-1979     20     0.000568     0.002028     0.001304 
1970-1979     21     0.000551     0.002118     0.001341 
1970-1979     22     0.000500     0.001916     0.001216 
1970-1979     23     0.000504     0.001757     0.001139 
1970-1979     24     0.000542     0.001681     0.001121 
1970-1979     25     0.000574     0.001637     0.001115 
1970-1979     26     0.000514     0.001588     0.001061 
1970-1979     27     0.000634     0.001662     0.001158 
1970-1979     28     0.000637     0.001682     0.001170 
1970-1979     29     0.000636     0.001688     0.001173 
1970-1979     30     0.000714     0.001757     0.001246 
1970-1979     31     0.000827     0.001743     0.001294 
1970-1979     32     0.000825     0.001873     0.001359 
1970-1979     33     0.000873     0.002098     0.001498 
1970-1979     34     0.001025     0.002131     0.001588 
1970-1979     35     0.001043     0.002179     0.001622 
1970-1979     36     0.001084     0.002363     0.001736 
1970-1979     37     0.001222     0.002516     0.001882 
1970-1979     38     0.001338     0.002937     0.002153 
1970-1979     39     0.001502     0.003160     0.002348 
1970-1979     40     0.001706     0.003329     0.002534 
1970-1979     41     0.001819     0.003769     0.002811 
1970-1979     42     0.001908     0.004182     0.003060 
1970-1979     43     0.002080     0.004696     0.003394 
1970-1979     44     0.002291     0.004950     0.003610 
1970-1979     45     0.002492     0.005195     0.003811 
1970-1979     46     0.002813     0.005903     0.004293 
1970-1979     47     0.003192     0.006246     0.004625 
1970-1979     48     0.003407     0.006895     0.005011 
1970-1979     49     0.003856     0.007609     0.005546 
1970-1979     50     0.004173     0.008125     0.005917 
1970-1979     51     0.004311     0.008827     0.006267 
1970-1979     52     0.004867     0.009633     0.006896 
1970-1979     53     0.005157     0.010269     0.007303 
1970-1979     54     0.005396     0.011574     0.007965 
1970-1979     55     0.006070     0.012588     0.008766 
1970-1979     56     0.006630     0.013570     0.009501 
1970-1979     57     0.007093     0.014938     0.010346 
1970-1979     58     0.008053     0.016544     0.011584 
1970-1979     59     0.008568     0.017835     0.012431 
1970-1979     60     0.009700     0.019649     0.013855 
1970-1979     61     0.010729     0.022249     0.015534 
1970-1979     62     0.011608     0.023813     0.016683 
1970-1979     63     0.012756     0.026850     0.018595 
1970-1979     64     0.014289     0.029471     0.020567 
1970-1979     65     0.015879     0.032577     0.022776 
1970-1979     66     0.017881     0.036470     0.025536 
1970-1979     67     0.019945     0.040620     0.028410 
1970-1979     68     0.022126     0.044283     0.031125 
1970-1979     69     0.025282     0.049543     0.035045 
1970-1979     70     0.028133     0.053497     0.038226 
1970-1979     71     0.032574     0.059896     0.043305 
1970-1979     72     0.035945     0.065358     0.047308 
1970-1979     73     0.040666     0.072295     0.052652 
1970-1979     74     0.046005     0.078815     0.058151 
1970-1979     75     0.051579     0.086573     0.064174 
1970-1979     76     0.059376     0.093810     0.071423 
1970-1979     77     0.065661     0.103521     0.078537 
1970-1979     78     0.074153     0.110249     0.086101 
1970-1979     79     0.083654     0.121411     0.095837 
1970-1979     80     0.095338     0.135480     0.107834 
1970-1979     81     0.106248     0.143612     0.117612 
1970-1979     82     0.118322     0.161117     0.131087 
1970-1979     83     0.131717     0.170567     0.143073 
1970-1979     84     0.147816     0.186916     0.159078 
1970-1979     85     0.163404     0.201500     0.174282 
1970-1979     86     0.182025     0.222851     0.193588 
1970-1979     87     0.199485     0.238953     0.210536 
1970-1979     88     0.219168     0.262931     0.231291 
1970-1979     89     0.239381     0.281604     0.250902 
1970-1979     90     0.261597     0.311359     0.274998 
1970-1979     91     0.296153     0.342549     0.308541 
1970-1979     92     0.314642     0.363330     0.327541 
1970-1979     93     0.339558     0.380664     0.350316 
1970-1979     94     0.361226     0.418200     0.375895 
1970-1979     95     0.388920     0.411752     0.394706 
1970-1979     96     0.433044     0.455009     0.438526 
1970-1979     97     0.442537     0.538334     0.465935 
1970-1979     98     0.432470     0.497247     0.448216 
1970-1979     99     0.553071     0.580205     0.559555 
1970-1979    100     0.571305     0.629037     0.584777 
1970-1979    101     0.584496     0.510099     0.565513 
1970-1979    102     0.553527     0.788977     0.613703 
1970-1979    103     0.694820     0.534011     0.657369 
1970-1979    104     0.482986     0.379347     0.456274 
1970-1979    105     0.651152     0.178306     0.514668 
1970-1979    106     0.731707     0.925450     0.794045 
1970-1979    107     1.384615     0.545455     1.000000 
1970-1979    108     6.000000     0.000000     1.500000 
1970-1979    109            .            .            . 
1970-1979    110+           .            .            . 
1980-1989      0     0.009548     0.012686     0.011154 
1980-1989      1     0.000672     0.000918     0.000798 
1980-1989      2     0.000464     0.000577     0.000522 
1980-1989      3     0.000344     0.000410     0.000378 
1980-1989      4     0.000261     0.000346     0.000304 
1980-1989      5     0.000205     0.000351     0.000280 
1980-1989      6     0.000241     0.000286     0.000264 
1980-1989      7     0.000210     0.000289     0.000250 
1980-1989      8     0.000171     0.000298     0.000236 
1980-1989      9     0.000175     0.000221     0.000198 
1980-1989     10     0.000178     0.000278     0.000229 
1980-1989     11     0.000148     0.000210     0.000180 
1980-1989     12     0.000179     0.000262     0.000222 
1980-1989     13     0.000172     0.000341     0.000258 
1980-1989     14     0.000236     0.000356     0.000298 
1980-1989     15     0.000322     0.000490     0.000408 
1980-1989     16     0.000466     0.001027     0.000752 
1980-1989     17     0.000383     0.001264     0.000831 
1980-1989     18     0.000434     0.001844     0.001150 
1980-1989     19     0.000499     0.001842     0.001181 
1980-1989     20     0.000417     0.001714     0.001075 
1980-1989     21     0.000435     0.001614     0.001032 
1980-1989     22     0.000458     0.001610     0.001041 
1980-1989     23     0.000462     0.001572     0.001023 
1980-1989     24     0.000434     0.001453     0.000949 
1980-1989     25     0.000421     0.001344     0.000886 
1980-1989     26     0.000444     0.001423     0.000937 
1980-1989     27     0.000444     0.001509     0.000980 
1980-1989     28     0.000520     0.001448     0.000986 
1980-1989     29     0.000526     0.001468     0.000999 
1980-1989     30     0.000557     0.001489     0.001026 
1980-1989     31     0.000601     0.001605     0.001106 
1980-1989     32     0.000634     0.001606     0.001123 
1980-1989     33     0.000811     0.001680     0.001248 
1980-1989     34     0.000821     0.001729     0.001278 
1980-1989     35     0.000919     0.001908     0.001417 
1980-1989     36     0.001073     0.001982     0.001531 
1980-1989     37     0.001114     0.002276     0.001699 
1980-1989     38     0.001224     0.002501     0.001868 
1980-1989     39     0.001318     0.002608     0.001968 
1980-1989     40     0.001398     0.002959     0.002184 
1980-1989     41     0.001494     0.003385     0.002446 
1980-1989     42     0.001707     0.003369     0.002544 
1980-1989     43     0.001845     0.003843     0.002850 
1980-1989     44     0.002108     0.004234     0.003176 
1980-1989     45     0.002221     0.004477     0.003354 
1980-1989     46     0.002436     0.004870     0.003657 
1980-1989     47     0.002513     0.005329     0.003924 
1980-1989     48     0.002609     0.005866     0.004239 
1980-1989     49     0.003124     0.006618     0.004869 
1980-1989     50     0.003294     0.007181     0.005231 
1980-1989     51     0.003686     0.008019     0.005840 
1980-1989     52     0.003876     0.008764     0.006293 
1980-1989     53     0.004196     0.009773     0.006928 
1980-1989     54     0.004599     0.011092     0.007733 
1980-1989     55     0.005039     0.011567     0.008132 
1980-1989     56     0.005460     0.012797     0.008862 
1980-1989     57     0.005993     0.014125     0.009678 
1980-1989     58     0.006579     0.014860     0.010246 
1980-1989     59     0.007173     0.016238     0.011094 
1980-1989     60     0.008024     0.018045     0.012256 
1980-1989     61     0.008743     0.019682     0.013261 
1980-1989     62     0.009274     0.020487     0.013809 
1980-1989     63     0.010608     0.022523     0.015339 
1980-1989     64     0.011698     0.024330     0.016647 
1980-1989     65     0.012447     0.026505     0.017903 
1980-1989     66     0.014178     0.028505     0.019713 
1980-1989     67     0.015803     0.032634     0.022288 
1980-1989     68     0.017774     0.035940     0.024748 
1980-1989     69     0.019859     0.039126     0.027226 
1980-1989     70     0.021888     0.042979     0.029901 
1980-1989     71     0.025354     0.048307     0.033988 
1980-1989     72     0.029210     0.053469     0.038222 
1980-1989     73     0.032027     0.057910     0.041513 
1980-1989     74     0.036459     0.064292     0.046532 
1980-1989     75     0.041328     0.070468     0.051740 
1980-1989     76     0.047192     0.077858     0.057979 
1980-1989     77     0.053443     0.087577     0.065224 
1980-1989     78     0.060620     0.095469     0.072383 
1980-1989     79     0.069432     0.105059     0.081173 
1980-1989     80     0.079063     0.118223     0.091568 
1980-1989     81     0.089240     0.131150     0.102226 
1980-1989     82     0.100105     0.141007     0.112393 
1980-1989     83     0.113793     0.156468     0.126224 
1980-1989     84     0.126577     0.171219     0.139113 
1980-1989     85     0.141804     0.187168     0.154010 
1980-1989     86     0.160504     0.204681     0.171912 
1980-1989     87     0.177922     0.222182     0.188954 
1980-1989     88     0.197908     0.234941     0.206850 
1980-1989     89     0.213238     0.262291     0.224770 
1980-1989     90     0.236214     0.281363     0.246523 
1980-1989     91     0.258698     0.299250     0.267716 
1980-1989     92     0.282818     0.327362     0.292487 
1980-1989     93     0.307037     0.334176     0.312896 
1980-1989     94     0.341831     0.397217     0.353606 
1980-1989     95     0.374072     0.396021     0.378702 
1980-1989     96     0.386651     0.449307     0.399761 
1980-1989     97     0.416476     0.496647     0.432361 
1980-1989     98     0.447585     0.506083     0.458555 
1980-1989     99     0.491245     0.434109     0.480030 
1980-1989    100     0.526316     0.588501     0.538633 
1980-1989    101     0.514200     0.610619     0.531924 
1980-1989    102     0.609332     0.684932     0.621951 
1980-1989    103     0.615385     0.568966     0.607251 
1980-1989    104     0.713115     0.575342     0.681388 
1980-1989    105     0.666667     0.923077     0.710526 
1980-1989    106     0.705882     1.000000     0.761905 
1980-1989    107     0.947368     1.200000     1.000000 
1980-1989    108     6.000000     0.000000     1.500000 
1980-1989    109            .     1.200000     1.200000 
1980-1989    110+           .            .            . 
1990-1999      0     0.005474     0.006592     0.006047 
1990-1999      1     0.000472     0.000569     0.000522 
1990-1999      2     0.000290     0.000361     0.000326 
1990-1999      3     0.000264     0.000284     0.000274 
1990-1999      4     0.000161     0.000264     0.000214 
1990-1999      5     0.000160     0.000202     0.000182 
1990-1999      6     0.000134     0.000175     0.000155 
1990-1999      7     0.000112     0.000165     0.000139 
1990-1999      8     0.000136     0.000140     0.000138 
1990-1999      9     0.000125     0.000144     0.000134 
1990-1999     10     0.000116     0.000136     0.000126 
1990-1999     11     0.000101     0.000149     0.000126 
1990-1999     12     0.000126     0.000195     0.000162 
1990-1999     13     0.000146     0.000219     0.000184 
1990-1999     14     0.000155     0.000252     0.000205 
1990-1999     15     0.000211     0.000322     0.000268 
1990-1999     16     0.000347     0.000642     0.000498 
1990-1999     17     0.000313     0.000871     0.000598 
1990-1999     18     0.000375     0.001366     0.000881 
1990-1999     19     0.000372     0.001544     0.000968 
1990-1999     20     0.000385     0.001393     0.000895 
1990-1999     21     0.000332     0.001397     0.000869 
1990-1999     22     0.000319     0.001248     0.000787 
1990-1999     23     0.000331     0.001231     0.000784 
1990-1999     24     0.000379     0.001223     0.000805 
1990-1999     25     0.000314     0.001105     0.000714 
1990-1999     26     0.000345     0.001117     0.000736 
1990-1999     27     0.000352     0.001059     0.000711 
1990-1999     28     0.000407     0.001117     0.000769 
1990-1999     29     0.000417     0.001097     0.000764 
1990-1999     30     0.000433     0.001119     0.000783 
1990-1999     31     0.000483     0.001171     0.000835 
1990-1999     32     0.000544     0.001240     0.000899 
1990-1999     33     0.000583     0.001307     0.000952 
1990-1999     34     0.000590     0.001325     0.000964 
1990-1999     35     0.000613     0.001504     0.001066 
1990-1999     36     0.000724     0.001653     0.001196 
1990-1999     37     0.000856     0.001660     0.001263 
1990-1999     38     0.000885     0.001862     0.001380 
1990-1999     39     0.000988     0.002047     0.001523 
1990-1999     40     0.001073     0.002220     0.001651 
1990-1999     41     0.001154     0.002458     0.001811 
1990-1999     42     0.001376     0.002895     0.002139 
1990-1999     43     0.001572     0.002986     0.002282 
1990-1999     44     0.001670     0.003266     0.002471 
1990-1999     45     0.001971     0.003774     0.002875 
1990-1999     46     0.002061     0.003868     0.002966 
1990-1999     47     0.002230     0.004470     0.003351 
1990-1999     48     0.002476     0.004932     0.003703 
1990-1999     49     0.002541     0.005261     0.003898 
1990-1999     50     0.003017     0.005836     0.004420 
1990-1999     51     0.003004     0.006264     0.004624 
1990-1999     52     0.003236     0.006936     0.005070 
1990-1999     53     0.003636     0.007407     0.005500 
1990-1999     54     0.003765     0.008115     0.005909 
1990-1999     55     0.004211     0.008926     0.006528 
1990-1999     56     0.004279     0.009380     0.006778 
1990-1999     57     0.004706     0.010551     0.007559 
1990-1999     58     0.005261     0.011441     0.008264 
1990-1999     59     0.005574     0.012180     0.008768 
1990-1999     60     0.005993     0.014583     0.010121 
1990-1999     61     0.006604     0.016019     0.011096 
1990-1999     62     0.007520     0.017734     0.012348 
1990-1999     63     0.008397     0.018546     0.013130 
1990-1999     64     0.009280     0.020787     0.014548 
1990-1999     65     0.010093     0.023067     0.015900 
1990-1999     66     0.011500     0.025294     0.017515 
1990-1999     67     0.012324     0.027041     0.018568 
1990-1999     68     0.014056     0.029730     0.020518 
1990-1999     69     0.015653     0.032571     0.022420 
1990-1999     70     0.017358     0.035493     0.024393 
1990-1999     71     0.019690     0.038771     0.026880 
1990-1999     72     0.021816     0.040708     0.028738 
1990-1999     73     0.024148     0.045436     0.031741 
1990-1999     74     0.027327     0.049651     0.035112 
1990-1999     75     0.030987     0.056283     0.039650 
1990-1999     76     0.035294     0.061449     0.044132 
1990-1999     77     0.040261     0.067938     0.049493 
1990-1999     78     0.046168     0.075917     0.055951 
1990-1999     79     0.051618     0.084632     0.062290 
1990-1999     80     0.061467     0.093594     0.071632 
1990-1999     81     0.069573     0.103032     0.079933 
1990-1999     82     0.079172     0.115479     0.090138 
1990-1999     83     0.089012     0.127681     0.100382 
1990-1999     84     0.101511     0.141588     0.112991 
1990-1999     85     0.114321     0.154516     0.125542 
1990-1999     86     0.130376     0.170416     0.141220 
1990-1999     87     0.145149     0.191864     0.157382 
1990-1999     88     0.166622     0.208060     0.177093 
1990-1999     89     0.183984     0.230455     0.195299 
1990-1999     90     0.207021     0.255460     0.218345 
1990-1999     91     0.225343     0.275967     0.236632 
1990-1999     92     0.252845     0.298182     0.262553 
1990-1999     93     0.273517     0.334872     0.286107 
1990-1999     94     0.296895     0.347968     0.306843 
1990-1999     95     0.337015     0.373325     0.343700 
1990-1999     96     0.355639     0.413203     0.365907 
1990-1999     97     0.375554     0.463655     0.390423 
1990-1999     98     0.422456     0.458896     0.428395 
1990-1999     99     0.453455     0.548136     0.468029 
1990-1999    100     0.504332     0.561485     0.512519 
1990-1999    101     0.536948     0.681259     0.558481 
1990-1999    102     0.530576     0.569832     0.535918 
1990-1999    103     0.479806     0.628272     0.499650 
1990-1999    104     0.517857     0.634615     0.533505 
1990-1999    105     0.550459     0.533333     0.548387 
1990-1999    106     0.438202     2.400000     0.542553 
1990-1999    107     0.847059     0.000000     0.818182 
1990-1999    108     0.545455            .     0.545455 
1990-1999    109     0.571429            .     0.571429 
1990-1999    110+    0.130435            .     0.130435 
2000-2009      0     0.003661     0.004665     0.004176 
2000-2009      1     0.000371     0.000358     0.000364 
2000-2009      2     0.000184     0.000212     0.000198 
2000-2009      3     0.000121     0.000194     0.000159 
2000-2009      4     0.000104     0.000137     0.000121 
2000-2009      5     0.000090     0.000125     0.000108 
2000-2009      6     0.000086     0.000125     0.000106 
2000-2009      7     0.000096     0.000109     0.000103 
2000-2009      8     0.000071     0.000113     0.000093 
2000-2009      9     0.000096     0.000111     0.000104 
2000-2009     10     0.000075     0.000136     0.000106 
2000-2009     11     0.000078     0.000107     0.000093 
2000-2009     12     0.000099     0.000094     0.000096 
2000-2009     13     0.000124     0.000150     0.000137 
2000-2009     14     0.000168     0.000166     0.000167 
2000-2009     15     0.000207     0.000329     0.000270 
2000-2009     16     0.000251     0.000504     0.000381 
2000-2009     17     0.000305     0.000667     0.000491 
2000-2009     18     0.000339     0.001033     0.000694 
2000-2009     19     0.000331     0.000971     0.000657 
2000-2009     20     0.000290     0.000930     0.000615 
2000-2009     21     0.000290     0.000991     0.000645 
2000-2009     22     0.000312     0.000899     0.000609 
2000-2009     23     0.000270     0.000893     0.000584 
2000-2009     24     0.000269     0.000870     0.000572 
2000-2009     25     0.000254     0.000855     0.000557 
2000-2009     26     0.000307     0.000839     0.000574 
2000-2009     27     0.000267     0.000827     0.000548 
2000-2009     28     0.000288     0.000793     0.000541 
2000-2009     29     0.000299     0.000782     0.000541 
2000-2009     30     0.000312     0.000806     0.000559 
2000-2009     31     0.000321     0.000814     0.000568 
2000-2009     32     0.000352     0.000864     0.000608 
2000-2009     33     0.000420     0.000909     0.000665 
2000-2009     34     0.000468     0.000975     0.000723 
2000-2009     35     0.000466     0.000989     0.000729 
2000-2009     36     0.000559     0.001052     0.000807 
2000-2009     37     0.000570     0.001192     0.000884 
2000-2009     38     0.000600     0.001314     0.000962 
2000-2009     39     0.000700     0.001498     0.001105 
2000-2009     40     0.000769     0.001534     0.001157 
2000-2009     41     0.000909     0.001644     0.001282 
2000-2009     42     0.000955     0.001896     0.001432 
2000-2009     43     0.001083     0.002079     0.001587 
2000-2009     44     0.001253     0.002247     0.001755 
2000-2009     45     0.001306     0.002519     0.001918 
2000-2009     46     0.001495     0.003063     0.002283 
2000-2009     47     0.001677     0.003090     0.002386 
2000-2009     48     0.001909     0.003507     0.002709 
2000-2009     49     0.001960     0.003945     0.002951 
2000-2009     50     0.002236     0.004261     0.003245 
2000-2009     51     0.002509     0.004924     0.003709 
2000-2009     52     0.002750     0.005376     0.004052 
2000-2009     53     0.003039     0.005910     0.004461 
2000-2009     54     0.003179     0.006931     0.005033 
2000-2009     55     0.003439     0.007070     0.005228 
2000-2009     56     0.003829     0.007890     0.005825 
2000-2009     57     0.004233     0.008727     0.006436 
2000-2009     58     0.004621     0.009630     0.007068 
2000-2009     59     0.004798     0.010081     0.007370 
2000-2009     60     0.005362     0.011042     0.008117 
2000-2009     61     0.005627     0.012030     0.008721 
2000-2009     62     0.005994     0.012794     0.009267 
2000-2009     63     0.006522     0.013740     0.009978 
2000-2009     64     0.006923     0.014658     0.010607 
2000-2009     65     0.007681     0.016135     0.011687 
2000-2009     66     0.008329     0.017876     0.012823 
2000-2009     67     0.009353     0.019041     0.013880 
2000-2009     68     0.010171     0.020782     0.015086 
2000-2009     69     0.011099     0.022853     0.016489 
2000-2009     70     0.012688     0.025509     0.018498 
2000-2009     71     0.014020     0.028078     0.020305 
2000-2009     72     0.016118     0.031209     0.022762 
2000-2009     73     0.017802     0.035068     0.025253 
2000-2009     74     0.020745     0.038317     0.028135 
2000-2009     75     0.023609     0.041805     0.031032 
2000-2009     76     0.026943     0.047665     0.035105 
2000-2009     77     0.031097     0.052904     0.039373 
2000-2009     78     0.034745     0.058549     0.043441 
2000-2009     79     0.039110     0.063318     0.047601 
2000-2009     80     0.046941     0.073548     0.055899 
2000-2009     81     0.052922     0.080154     0.061724 
2000-2009     82     0.060813     0.091270     0.070255 
2000-2009     83     0.069331     0.100077     0.078482 
2000-2009     84     0.079623     0.110151     0.088388 
2000-2009     85     0.094361     0.124684     0.102836 
2000-2009     86     0.107847     0.140198     0.116685 
2000-2009     87     0.121881     0.158137     0.131539 
2000-2009     88     0.137141     0.172171     0.146215 
2000-2009     89     0.157317     0.195817     0.166977 
2000-2009     90     0.178717     0.217516     0.188138 
2000-2009     91     0.201807     0.241829     0.211195 
2000-2009     92     0.223791     0.271897     0.234675 
2000-2009     93     0.249854     0.295791     0.259781 
2000-2009     94     0.274887     0.326113     0.285524 
2000-2009     95     0.309218     0.339134     0.315213 
2000-2009     96     0.336385     0.385835     0.345927 
2000-2009     97     0.360980     0.398122     0.367796 
2000-2009     98     0.408868     0.441982     0.414701 
2000-2009     99     0.412489     0.492508     0.425597 
2000-2009    100     0.468076     0.536719     0.478401 
2000-2009    101     0.475373     0.534073     0.483382 
2000-2009    102     0.512789     0.552050     0.517765 
2000-2009    103     0.502880     0.554745     0.509342 
2000-2009    104     0.561652     0.663317     0.573297 
2000-2009    105     0.628586     1.342105     0.690362 
2000-2009    106     0.595642     1.500000     0.621176 
2000-2009    107     0.605263     0.750000     0.610169 
2000-2009    108     0.702703     0.000000     0.666667 
2000-2009    109     0.967742     0.000000     0.810811 
2000-2009    110+    4.800000     6.000000     5.000000 
2010-2014      0     0.003065     0.003749     0.003417 
2010-2014      1     0.000202     0.000303     0.000254 
2010-2014      2     0.000140     0.000186     0.000163 
2010-2014      3     0.000144     0.000137     0.000141 
2010-2014      4     0.000062     0.000142     0.000103 
2010-2014      5     0.000097     0.000068     0.000082 
2010-2014      6     0.000107     0.000063     0.000084 
2010-2014      7     0.000071     0.000082     0.000077 
2010-2014      8     0.000096     0.000101     0.000098 
2010-2014      9     0.000100     0.000091     0.000095 
2010-2014     10     0.000060     0.000071     0.000066 
2010-2014     11     0.000099     0.000108     0.000104 
2010-2014     12     0.000078     0.000106     0.000092 
2010-2014     13     0.000090     0.000113     0.000102 
2010-2014     14     0.000111     0.000167     0.000139 
2010-2014     15     0.000139     0.000231     0.000186 
2010-2014     16     0.000219     0.000328     0.000275 
2010-2014     17     0.000217     0.000423     0.000323 
2010-2014     18     0.000150     0.000538     0.000349 
2010-2014     19     0.000201     0.000702     0.000458 
2010-2014     20     0.000274     0.000651     0.000467 
2010-2014     21     0.000234     0.000688     0.000465 
2010-2014     22     0.000246     0.000710     0.000482 
2010-2014     23     0.000206     0.000672     0.000442 
2010-2014     24     0.000175     0.000636     0.000408 
2010-2014     25     0.000210     0.000646     0.000430 
2010-2014     26     0.000245     0.000693     0.000471 
2010-2014     27     0.000264     0.000619     0.000443 
2010-2014     28     0.000264     0.000604     0.000435 
2010-2014     29     0.000318     0.000726     0.000523 
2010-2014     30     0.000259     0.000626     0.000443 
2010-2014     31     0.000301     0.000693     0.000498 
2010-2014     32     0.000357     0.000693     0.000526 
2010-2014     33     0.000364     0.000713     0.000539 
2010-2014     34     0.000401     0.000852     0.000627 
2010-2014     35     0.000394     0.000903     0.000649 
2010-2014     36     0.000486     0.000795     0.000640 
2010-2014     37     0.000481     0.000917     0.000698 
2010-2014     38     0.000514     0.001044     0.000777 
2010-2014     39     0.000554     0.001171     0.000860 
2010-2014     40     0.000555     0.001156     0.000853 
2010-2014     41     0.000681     0.001428     0.001053 
2010-2014     42     0.000783     0.001494     0.001139 
2010-2014     43     0.000915     0.001605     0.001261 
2010-2014     44     0.001010     0.001657     0.001336 
2010-2014     45     0.001191     0.002025     0.001611 
2010-2014     46     0.001195     0.002291     0.001748 
2010-2014     47     0.001387     0.002617     0.002007 
2010-2014     48     0.001588     0.002744     0.002171 
2010-2014     49     0.001797     0.003289     0.002549 
2010-2014     50     0.001941     0.003665     0.002808 
2010-2014     51     0.002067     0.003842     0.002958 
2010-2014     52     0.002299     0.004435     0.003369 
2010-2014     53     0.002508     0.005043     0.003772 
2010-2014     54     0.002729     0.005537     0.004122 
2010-2014     55     0.002926     0.005869     0.004380 
2010-2014     56     0.003470     0.006593     0.005006 
2010-2014     57     0.003383     0.007286     0.005294 
2010-2014     58     0.004067     0.007940     0.005958 
2010-2014     59     0.004358     0.008825     0.006533 
2010-2014     60     0.005088     0.009495     0.007229 
2010-2014     61     0.005612     0.011196     0.008316 
2010-2014     62     0.005902     0.011908     0.008800 
2010-2014     63     0.006418     0.013378     0.009764 
2010-2014     64     0.007111     0.014490     0.010642 
2010-2014     65     0.007782     0.015195     0.011309 
2010-2014     66     0.008269     0.017261     0.012520 
2010-2014     67     0.008865     0.017911     0.013119 
2010-2014     68     0.009680     0.019158     0.014109 
2010-2014     69     0.010633     0.020739     0.015331 
2010-2014     70     0.011659     0.022079     0.016483 
2010-2014     71     0.012576     0.023705     0.017704 
2010-2014     72     0.013350     0.024802     0.018592 
2010-2014     73     0.014856     0.027623     0.020653 
2010-2014     74     0.016727     0.030504     0.022911 
2010-2014     75     0.018226     0.033960     0.025178 
2010-2014     76     0.021606     0.037608     0.028550 
2010-2014     77     0.024259     0.042714     0.032118 
2010-2014     78     0.027681     0.046840     0.035677 
2010-2014     79     0.032422     0.052387     0.040604 
2010-2014     80     0.037432     0.060584     0.046743 
2010-2014     81     0.044269     0.067957     0.053593 
2010-2014     82     0.051028     0.078476     0.061559 
2010-2014     83     0.058945     0.086234     0.069042 
2010-2014     84     0.068697     0.096814     0.078587 
2010-2014     85     0.080441     0.111209     0.090603 
2010-2014     86     0.091343     0.122278     0.100848 
2010-2014     87     0.105746     0.141141     0.115889 
2010-2014     88     0.123064     0.158879     0.132703 
2010-2014     89     0.142475     0.175564     0.150937 
2010-2014     90     0.164727     0.201860     0.173895 
2010-2014     91     0.182024     0.220421     0.191218 
2010-2014     92     0.204635     0.241447     0.213185 
2010-2014     93     0.225432     0.275562     0.236674 
2010-2014     94     0.248401     0.294719     0.258318 
2010-2014     95     0.285269     0.324371     0.293260 
2010-2014     96     0.309558     0.359637     0.319449 
2010-2014     97     0.345836     0.399229     0.355898 
2010-2014     98     0.369211     0.441123     0.382028 
2010-2014     99     0.418691     0.475882     0.428586 
2010-2014    100     0.443642     0.518436     0.455909 
2010-2014    101     0.531509     0.533915     0.531882 
2010-2014    102     0.551839     0.551252     0.551748 
2010-2014    103     0.629942     0.545399     0.616804 
2010-2014    104     0.606553     0.425894     0.576487 
2010-2014    105     0.524952     0.719928     0.553035 
2010-2014    106     0.504823     0.787574     0.538970 
2010-2014    107     0.458833     0.957447     0.512178 
2010-2014    108     0.548948     6.000000     0.603804 
2010-2014    109     0.729927            .     0.729927 
2010-2014    110+    0.930233            .     0.930233 
