Canada, Death rates (period 1x10)     Last modified: 11-Aug-2014, MPv5 (May07)

   Year      Age       Female       Male         Total
1921-1929      0     0.095966     0.126251     0.111179 
1921-1929      1     0.015127     0.017409     0.016276 
1921-1929      2     0.006986     0.007691     0.007342 
1921-1929      3     0.004833     0.005302     0.005070 
1921-1929      4     0.003886     0.004080     0.003985 
1921-1929      5     0.002998     0.003361     0.003182 
1921-1929      6     0.002637     0.002949     0.002795 
1921-1929      7     0.002307     0.002633     0.002472 
1921-1929      8     0.002106     0.002350     0.002230 
1921-1929      9     0.001934     0.002174     0.002055 
1921-1929     10     0.001759     0.002094     0.001928 
1921-1929     11     0.001731     0.002040     0.001887 
1921-1929     12     0.001874     0.002033     0.001953 
1921-1929     13     0.002066     0.002067     0.002066 
1921-1929     14     0.002140     0.002225     0.002183 
1921-1929     15     0.002331     0.002431     0.002381 
1921-1929     16     0.002723     0.002745     0.002734 
1921-1929     17     0.002806     0.002983     0.002895 
1921-1929     18     0.003074     0.003314     0.003194 
1921-1929     19     0.003439     0.003461     0.003450 
1921-1929     20     0.003733     0.003562     0.003648 
1921-1929     21     0.003802     0.003693     0.003748 
1921-1929     22     0.004145     0.003737     0.003943 
1921-1929     23     0.004295     0.003842     0.004071 
1921-1929     24     0.004122     0.003623     0.003874 
1921-1929     25     0.003877     0.003760     0.003819 
1921-1929     26     0.004257     0.003703     0.003981 
1921-1929     27     0.004363     0.003820     0.004091 
1921-1929     28     0.004545     0.004060     0.004301 
1921-1929     29     0.004242     0.003788     0.004013 
1921-1929     30     0.004512     0.003996     0.004250 
1921-1929     31     0.003989     0.003392     0.003684 
1921-1929     32     0.004893     0.004050     0.004460 
1921-1929     33     0.004722     0.003852     0.004272 
1921-1929     34     0.004743     0.003831     0.004268 
1921-1929     35     0.005281     0.004874     0.005068 
1921-1929     36     0.005310     0.004296     0.004774 
1921-1929     37     0.005124     0.004296     0.004685 
1921-1929     38     0.006171     0.005195     0.005651 
1921-1929     39     0.005747     0.004848     0.005267 
1921-1929     40     0.006024     0.006265     0.006153 
1921-1929     41     0.005272     0.004808     0.005023 
1921-1929     42     0.006937     0.006526     0.006716 
1921-1929     43     0.006239     0.005832     0.006020 
1921-1929     44     0.006236     0.005918     0.006065 
1921-1929     45     0.007133     0.007525     0.007344 
1921-1929     46     0.006837     0.006644     0.006733 
1921-1929     47     0.007118     0.007046     0.007079 
1921-1929     48     0.007874     0.008183     0.008041 
1921-1929     49     0.008186     0.008363     0.008282 
1921-1929     50     0.009034     0.010048     0.009582 
1921-1929     51     0.007898     0.008146     0.008032 
1921-1929     52     0.011031     0.010870     0.010944 
1921-1929     53     0.010057     0.011172     0.010656 
1921-1929     54     0.011041     0.011815     0.011454 
1921-1929     55     0.011690     0.014189     0.013017 
1921-1929     56     0.012550     0.014668     0.013667 
1921-1929     57     0.013105     0.015199     0.014203 
1921-1929     58     0.016230     0.017982     0.017147 
1921-1929     59     0.015571     0.017848     0.016766 
1921-1929     60     0.019208     0.021953     0.020651 
1921-1929     61     0.016496     0.018874     0.017748 
1921-1929     62     0.021595     0.023723     0.022717 
1921-1929     63     0.023140     0.025557     0.024414 
1921-1929     64     0.025194     0.028026     0.026684 
1921-1929     65     0.030826     0.034688     0.032854 
1921-1929     66     0.029231     0.032315     0.030847 
1921-1929     67     0.032845     0.036596     0.034806 
1921-1929     68     0.040274     0.043566     0.041991 
1921-1929     69     0.038762     0.044516     0.041754 
1921-1929     70     0.048758     0.052064     0.050471 
1921-1929     71     0.042401     0.046453     0.044491 
1921-1929     72     0.055170     0.061697     0.058524 
1921-1929     73     0.056582     0.065449     0.061121 
1921-1929     74     0.064456     0.071746     0.068176 
1921-1929     75     0.075573     0.080970     0.078317 
1921-1929     76     0.083010     0.089802     0.086450 
1921-1929     77     0.084123     0.090796     0.087486 
1921-1929     78     0.102172     0.112076     0.107132 
1921-1929     79     0.096803     0.107568     0.102143 
1921-1929     80     0.111208     0.125054     0.117733 
1921-1929     81     0.098220     0.112759     0.105011 
1921-1929     82     0.127071     0.143598     0.134726 
1921-1929     83     0.132672     0.152899     0.141958 
1921-1929     84     0.153219     0.177325     0.164185 
1921-1929     85     0.165011     0.191498     0.176932 
1921-1929     86     0.186320     0.209869     0.196794 
1921-1929     87     0.200028     0.223145     0.210187 
1921-1929     88     0.209203     0.233382     0.219706 
1921-1929     89     0.208606     0.240190     0.222165 
1921-1929     90     0.255516     0.278903     0.265416 
1921-1929     91     0.222467     0.237850     0.228891 
1921-1929     92     0.255462     0.298939     0.273275 
1921-1929     93     0.293379     0.277353     0.286903 
1921-1929     94     0.313543     0.321649     0.316830 
1921-1929     95     0.324975     0.341494     0.331668 
1921-1929     96     0.342275     0.319413     0.332941 
1921-1929     97     0.326178     0.376899     0.346916 
1921-1929     98     0.402678     0.393363     0.398892 
1921-1929     99     0.361434     0.297514     0.334544 
1921-1929    100     0.443608     0.450934     0.446804 
1921-1929    101     0.473220     0.482581     0.477334 
1921-1929    102     0.508969     0.521238     0.514392 
1921-1929    103     0.552935     0.574917     0.562737 
1921-1929    104     0.617995     0.658965     0.636393 
1921-1929    105     0.742046     0.809041     0.772342 
1921-1929    106     1.061323     1.178052     1.114814 
1921-1929    107     1.942197     1.854200     1.900227 
1921-1929    108     2.195122     2.836735     2.606987 
1921-1929    109            .            .            . 
1921-1929    110+           .            .            . 
1930-1939      0     0.071859     0.093063     0.082629 
1930-1939      1     0.010212     0.011581     0.010906 
1930-1939      2     0.004582     0.005481     0.005037 
1930-1939      3     0.003247     0.003789     0.003521 
1930-1939      4     0.002553     0.002871     0.002713 
1930-1939      5     0.002039     0.002360     0.002201 
1930-1939      6     0.001850     0.002175     0.002014 
1930-1939      7     0.001552     0.001904     0.001730 
1930-1939      8     0.001349     0.001709     0.001531 
1930-1939      9     0.001247     0.001645     0.001448 
1930-1939     10     0.001237     0.001452     0.001346 
1930-1939     11     0.001163     0.001365     0.001265 
1930-1939     12     0.001222     0.001426     0.001325 
1930-1939     13     0.001316     0.001480     0.001399 
1930-1939     14     0.001557     0.001600     0.001579 
1930-1939     15     0.001583     0.001766     0.001676 
1930-1939     16     0.001805     0.002065     0.001937 
1930-1939     17     0.001913     0.002207     0.002061 
1930-1939     18     0.002204     0.002366     0.002286 
1930-1939     19     0.002443     0.002562     0.002503 
1930-1939     20     0.002523     0.002617     0.002571 
1930-1939     21     0.002674     0.002797     0.002736 
1930-1939     22     0.002764     0.002790     0.002777 
1930-1939     23     0.002964     0.002887     0.002925 
1930-1939     24     0.003007     0.002852     0.002929 
1930-1939     25     0.003112     0.002811     0.002959 
1930-1939     26     0.003116     0.002915     0.003014 
1930-1939     27     0.003158     0.002926     0.003039 
1930-1939     28     0.003392     0.003158     0.003272 
1930-1939     29     0.003497     0.003010     0.003246 
1930-1939     30     0.003615     0.003217     0.003409 
1930-1939     31     0.003387     0.002969     0.003170 
1930-1939     32     0.003859     0.003424     0.003632 
1930-1939     33     0.003788     0.003389     0.003580 
1930-1939     34     0.003868     0.003348     0.003597 
1930-1939     35     0.004261     0.003815     0.004029 
1930-1939     36     0.004302     0.003827     0.004055 
1930-1939     37     0.004214     0.003913     0.004057 
1930-1939     38     0.004747     0.004433     0.004583 
1930-1939     39     0.004415     0.004198     0.004302 
1930-1939     40     0.004719     0.004858     0.004791 
1930-1939     41     0.004499     0.004247     0.004367 
1930-1939     42     0.005146     0.005703     0.005438 
1930-1939     43     0.005199     0.005418     0.005314 
1930-1939     44     0.005352     0.005490     0.005426 
1930-1939     45     0.005506     0.006601     0.006092 
1930-1939     46     0.006014     0.006287     0.006161 
1930-1939     47     0.006356     0.006889     0.006645 
1930-1939     48     0.007223     0.007768     0.007520 
1930-1939     49     0.007207     0.008073     0.007679 
1930-1939     50     0.008091     0.009694     0.008965 
1930-1939     51     0.007536     0.008678     0.008159 
1930-1939     52     0.009397     0.010916     0.010227 
1930-1939     53     0.009453     0.010853     0.010218 
1930-1939     54     0.010379     0.011844     0.011179 
1930-1939     55     0.010804     0.012863     0.011927 
1930-1939     56     0.011869     0.014145     0.013107 
1930-1939     57     0.012553     0.014763     0.013753 
1930-1939     58     0.014782     0.017212     0.016099 
1930-1939     59     0.015058     0.018058     0.016680 
1930-1939     60     0.017571     0.021091     0.019468 
1930-1939     61     0.016394     0.019602     0.018117 
1930-1939     62     0.020687     0.024542     0.022750 
1930-1939     63     0.022377     0.027460     0.025087 
1930-1939     64     0.024256     0.028758     0.026647 
1930-1939     65     0.027615     0.032521     0.030210 
1930-1939     66     0.026689     0.030767     0.028837 
1930-1939     67     0.029944     0.034724     0.032451 
1930-1939     68     0.035001     0.041270     0.038275 
1930-1939     69     0.036146     0.042992     0.039705 
1930-1939     70     0.042880     0.049705     0.046412 
1930-1939     71     0.040282     0.047041     0.043763 
1930-1939     72     0.052755     0.059504     0.056215 
1930-1939     73     0.055507     0.064323     0.060009 
1930-1939     74     0.062006     0.070568     0.066364 
1930-1939     75     0.069837     0.077748     0.073849 
1930-1939     76     0.076199     0.085049     0.080672 
1930-1939     77     0.076926     0.087794     0.082397 
1930-1939     78     0.094188     0.101793     0.097996 
1930-1939     79     0.096102     0.109902     0.102966 
1930-1939     80     0.104224     0.117912     0.110797 
1930-1939     81     0.098718     0.114845     0.106405 
1930-1939     82     0.120154     0.139463     0.129265 
1930-1939     83     0.131071     0.154544     0.142010 
1930-1939     84     0.149386     0.170890     0.159264 
1930-1939     85     0.161669     0.183537     0.171563 
1930-1939     86     0.176452     0.202785     0.188169 
1930-1939     87     0.195710     0.219966     0.206318 
1930-1939     88     0.209250     0.227496     0.217109 
1930-1939     89     0.207080     0.246775     0.223834 
1930-1939     90     0.252596     0.267627     0.258810 
1930-1939     91     0.230242     0.254206     0.240051 
1930-1939     92     0.264037     0.285038     0.272546 
1930-1939     93     0.284070     0.306303     0.292974 
1930-1939     94     0.301176     0.311500     0.305271 
1930-1939     95     0.323210     0.333033     0.327105 
1930-1939     96     0.355101     0.352664     0.354129 
1930-1939     97     0.368559     0.402313     0.381976 
1930-1939     98     0.402657     0.402169     0.402466 
1930-1939     99     0.358015     0.331983     0.347827 
1930-1939    100     0.449231     0.457318     0.452395 
1930-1939    101     0.478706     0.489693     0.482990 
1930-1939    102     0.513822     0.528828     0.519670 
1930-1939    103     0.559415     0.582312     0.568225 
1930-1939    104     0.622500     0.685167     0.645847 
1930-1939    105     0.745826     0.962256     0.819225 
1930-1939    106     1.081081     2.004834     1.293269 
1930-1939    107     2.160839     4.666667     2.409449 
1930-1939    108     6.000000            .     6.000000 
1930-1939    109            .            .            . 
1930-1939    110+           .            .            . 
1940-1949      0     0.048986     0.062242     0.055784 
1940-1949      1     0.005081     0.005744     0.005420 
1940-1949      2     0.002594     0.003142     0.002874 
1940-1949      3     0.002030     0.002440     0.002239 
1940-1949      4     0.001588     0.001964     0.001779 
1940-1949      5     0.001351     0.001696     0.001526 
1940-1949      6     0.001111     0.001547     0.001333 
1940-1949      7     0.001009     0.001345     0.001179 
1940-1949      8     0.000939     0.001276     0.001109 
1940-1949      9     0.000828     0.001099     0.000965 
1940-1949     10     0.000771     0.001104     0.000939 
1940-1949     11     0.000787     0.001031     0.000911 
1940-1949     12     0.000815     0.001091     0.000954 
1940-1949     13     0.000874     0.001144     0.001010 
1940-1949     14     0.000992     0.001215     0.001105 
1940-1949     15     0.001073     0.001413     0.001245 
1940-1949     16     0.001198     0.001593     0.001397 
1940-1949     17     0.001287     0.001822     0.001557 
1940-1949     18     0.001408     0.002015     0.001714 
1940-1949     19     0.001507     0.002286     0.001899 
1940-1949     20     0.001591     0.002285     0.001939 
1940-1949     21     0.001731     0.002326     0.002029 
1940-1949     22     0.001801     0.002268     0.002034 
1940-1949     23     0.001792     0.002268     0.002030 
1940-1949     24     0.001850     0.002217     0.002033 
1940-1949     25     0.001828     0.002065     0.001946 
1940-1949     26     0.002013     0.002206     0.002109 
1940-1949     27     0.001999     0.002265     0.002132 
1940-1949     28     0.002073     0.002218     0.002145 
1940-1949     29     0.002121     0.002257     0.002189 
1940-1949     30     0.002126     0.002258     0.002192 
1940-1949     31     0.002116     0.002272     0.002195 
1940-1949     32     0.002316     0.002417     0.002367 
1940-1949     33     0.002431     0.002443     0.002437 
1940-1949     34     0.002427     0.002584     0.002507 
1940-1949     35     0.002528     0.002824     0.002679 
1940-1949     36     0.002825     0.003009     0.002919 
1940-1949     37     0.002903     0.003197     0.003054 
1940-1949     38     0.003137     0.003469     0.003308 
1940-1949     39     0.003269     0.003655     0.003468 
1940-1949     40     0.003295     0.003844     0.003578 
1940-1949     41     0.003478     0.003970     0.003732 
1940-1949     42     0.003980     0.004756     0.004381 
1940-1949     43     0.003979     0.004981     0.004497 
1940-1949     44     0.004143     0.005163     0.004670 
1940-1949     45     0.004532     0.005767     0.005171 
1940-1949     46     0.004759     0.006219     0.005513 
1940-1949     47     0.005296     0.006810     0.006079 
1940-1949     48     0.005834     0.007605     0.006751 
1940-1949     49     0.006300     0.008065     0.007217 
1940-1949     50     0.006684     0.008982     0.007883 
1940-1949     51     0.006443     0.008647     0.007596 
1940-1949     52     0.008112     0.010567     0.009401 
1940-1949     53     0.008273     0.011256     0.009844 
1940-1949     54     0.009198     0.012010     0.010684 
1940-1949     55     0.009439     0.013000     0.011328 
1940-1949     56     0.010384     0.014263     0.012449 
1940-1949     57     0.011126     0.015309     0.013359 
1940-1949     58     0.012892     0.017409     0.015307 
1940-1949     59     0.013693     0.018965     0.016512 
1940-1949     60     0.014926     0.021266     0.018318 
1940-1949     61     0.014564     0.019995     0.017469 
1940-1949     62     0.018197     0.024889     0.021775 
1940-1949     63     0.019992     0.027123     0.023800 
1940-1949     64     0.021225     0.029386     0.025574 
1940-1949     65     0.025154     0.032986     0.029317 
1940-1949     66     0.023495     0.032238     0.028128 
1940-1949     67     0.027642     0.036279     0.032201 
1940-1949     68     0.031129     0.041143     0.036393 
1940-1949     69     0.034357     0.044309     0.039563 
1940-1949     70     0.039226     0.048001     0.043791 
1940-1949     71     0.036486     0.047363     0.042108 
1940-1949     72     0.047409     0.059396     0.053564 
1940-1949     73     0.051139     0.063997     0.057702 
1940-1949     74     0.056823     0.068071     0.062531 
1940-1949     75     0.063473     0.074684     0.069125 
1940-1949     76     0.070484     0.083308     0.076902 
1940-1949     77     0.072768     0.086668     0.079672 
1940-1949     78     0.085883     0.100265     0.092971 
1940-1949     79     0.091935     0.107280     0.099437 
1940-1949     80     0.098428     0.114480     0.106016 
1940-1949     81     0.096059     0.116216     0.105501 
1940-1949     82     0.117829     0.138112     0.127233 
1940-1949     83     0.126911     0.152364     0.138583 
1940-1949     84     0.140609     0.168936     0.153441 
1940-1949     85     0.158017     0.181268     0.168428 
1940-1949     86     0.177365     0.202110     0.188338 
1940-1949     87     0.190163     0.218303     0.202502 
1940-1949     88     0.200519     0.233932     0.214950 
1940-1949     89     0.211132     0.254896     0.229687 
1940-1949     90     0.240618     0.273064     0.254095 
1940-1949     91     0.236608     0.266385     0.248773 
1940-1949     92     0.267982     0.303048     0.282087 
1940-1949     93     0.288016     0.333255     0.305909 
1940-1949     94     0.306114     0.355282     0.325174 
1940-1949     95     0.330968     0.329291     0.330325 
1940-1949     96     0.349885     0.360516     0.353974 
1940-1949     97     0.389710     0.436452     0.407560 
1940-1949     98     0.418841     0.421626     0.419892 
1940-1949     99     0.393200     0.413522     0.400838 
1940-1949    100     0.453128     0.501464     0.471134 
1940-1949    101     0.474784     0.536954     0.497557 
1940-1949    102     0.496603     0.559497     0.519485 
1940-1949    103     0.508204     0.579518     0.533902 
1940-1949    104     0.509845     0.627977     0.550396 
1940-1949    105     0.514060     0.690470     0.570474 
1940-1949    106     0.555689     0.398036     0.500333 
1940-1949    107     0.210954     0.057808     0.139808 
1940-1949    108     0.000000     0.000000     0.000000 
1940-1949    109     0.000000     0.000000     0.000000 
1940-1949    110+    0.000000     0.000000     0.000000 
1950-1959      0     0.031870     0.040834     0.036456 
1950-1959      1     0.002487     0.002821     0.002657 
1950-1959      2     0.001319     0.001576     0.001450 
1950-1959      3     0.000991     0.001321     0.001160 
1950-1959      4     0.000789     0.001044     0.000919 
1950-1959      5     0.000664     0.000962     0.000816 
1950-1959      6     0.000565     0.000903     0.000738 
1950-1959      7     0.000544     0.000775     0.000662 
1950-1959      8     0.000471     0.000749     0.000613 
1950-1959      9     0.000410     0.000755     0.000586 
1950-1959     10     0.000406     0.000649     0.000530 
1950-1959     11     0.000380     0.000661     0.000524 
1950-1959     12     0.000426     0.000648     0.000539 
1950-1959     13     0.000426     0.000711     0.000571 
1950-1959     14     0.000472     0.000769     0.000623 
1950-1959     15     0.000487     0.000917     0.000705 
1950-1959     16     0.000560     0.001088     0.000827 
1950-1959     17     0.000616     0.001335     0.000980 
1950-1959     18     0.000635     0.001496     0.001070 
1950-1959     19     0.000685     0.001580     0.001135 
1950-1959     20     0.000703     0.001768     0.001237 
1950-1959     21     0.000701     0.001871     0.001286 
1950-1959     22     0.000754     0.001737     0.001244 
1950-1959     23     0.000736     0.001751     0.001243 
1950-1959     24     0.000807     0.001640     0.001223 
1950-1959     25     0.000885     0.001633     0.001260 
1950-1959     26     0.000925     0.001630     0.001279 
1950-1959     27     0.000888     0.001673     0.001282 
1950-1959     28     0.000937     0.001651     0.001295 
1950-1959     29     0.000989     0.001688     0.001338 
1950-1959     30     0.000989     0.001825     0.001405 
1950-1959     31     0.001096     0.001695     0.001393 
1950-1959     32     0.001197     0.001787     0.001489 
1950-1959     33     0.001159     0.001914     0.001533 
1950-1959     34     0.001338     0.002075     0.001704 
1950-1959     35     0.001392     0.002047     0.001718 
1950-1959     36     0.001524     0.002184     0.001853 
1950-1959     37     0.001683     0.002392     0.002038 
1950-1959     38     0.001850     0.002562     0.002208 
1950-1959     39     0.001965     0.002719     0.002345 
1950-1959     40     0.002100     0.003042     0.002577 
1950-1959     41     0.002223     0.003205     0.002721 
1950-1959     42     0.002701     0.003790     0.003256 
1950-1959     43     0.002785     0.004052     0.003433 
1950-1959     44     0.003011     0.004405     0.003726 
1950-1959     45     0.003287     0.004875     0.004105 
1950-1959     46     0.003589     0.005314     0.004480 
1950-1959     47     0.003873     0.006044     0.004999 
1950-1959     48     0.004273     0.006581     0.005471 
1950-1959     49     0.004660     0.007383     0.006073 
1950-1959     50     0.004934     0.008336     0.006698 
1950-1959     51     0.005193     0.008755     0.007039 
1950-1959     52     0.006165     0.010086     0.008194 
1950-1959     53     0.006422     0.010835     0.008702 
1950-1959     54     0.007056     0.012067     0.009639 
1950-1959     55     0.007351     0.012768     0.010136 
1950-1959     56     0.008449     0.014240     0.011417 
1950-1959     57     0.009100     0.015704     0.012476 
1950-1959     58     0.010336     0.017453     0.013970 
1950-1959     59     0.010987     0.018599     0.014874 
1950-1959     60     0.012093     0.020489     0.016378 
1950-1959     61     0.012261     0.021026     0.016731 
1950-1959     62     0.014980     0.024898     0.020041 
1950-1959     63     0.016591     0.026950     0.021887 
1950-1959     64     0.018101     0.028980     0.023677 
1950-1959     65     0.020655     0.031916     0.026444 
1950-1959     66     0.020534     0.031143     0.026006 
1950-1959     67     0.022758     0.035219     0.029194 
1950-1959     68     0.025352     0.039086     0.032428 
1950-1959     69     0.027967     0.042904     0.035623 
1950-1959     70     0.031185     0.045567     0.038518 
1950-1959     71     0.032151     0.045517     0.038922 
1950-1959     72     0.038655     0.054414     0.046595 
1950-1959     73     0.043478     0.060102     0.051832 
1950-1959     74     0.048004     0.064875     0.056475 
1950-1959     75     0.054225     0.069678     0.061973 
1950-1959     76     0.060830     0.077696     0.069271 
1950-1959     77     0.065223     0.083204     0.074194 
1950-1959     78     0.075018     0.094109     0.084483 
1950-1959     79     0.081794     0.099994     0.090731 
1950-1959     80     0.085758     0.105700     0.095247 
1950-1959     81     0.088070     0.111507     0.099102 
1950-1959     82     0.104483     0.126482     0.114727 
1950-1959     83     0.115533     0.145353     0.129250 
1950-1959     84     0.128340     0.159206     0.142311 
1950-1959     85     0.138335     0.165632     0.150504 
1950-1959     86     0.158329     0.188922     0.171754 
1950-1959     87     0.169412     0.207919     0.185981 
1950-1959     88     0.183106     0.218441     0.198023 
1950-1959     89     0.197329     0.235856     0.213261 
1950-1959     90     0.215516     0.250626     0.229732 
1950-1959     91     0.222109     0.260475     0.237235 
1950-1959     92     0.253730     0.289783     0.267733 
1950-1959     93     0.276105     0.315553     0.291013 
1950-1959     94     0.307908     0.334804     0.317961 
1950-1959     95     0.304404     0.340985     0.317783 
1950-1959     96     0.340114     0.387042     0.356875 
1950-1959     97     0.404466     0.438051     0.416244 
1950-1959     98     0.435399     0.471361     0.447799 
1950-1959     99     0.411335     0.444056     0.422817 
1950-1959    100     0.507463     0.483755     0.499094 
1950-1959    101     0.479340     0.386664     0.445655 
1950-1959    102     0.451060     0.457102     0.453257 
1950-1959    103     0.450095     0.419170     0.439052 
1950-1959    104     0.508195     0.422567     0.477063 
1950-1959    105     0.450241     0.337003     0.406211 
1950-1959    106     0.461665     0.393885     0.436621 
1950-1959    107     0.498008     0.182482     0.386598 
1950-1959    108     0.493595     0.216998     0.384643 
1950-1959    109     0.503863     0.268817     0.403148 
1950-1959    110+    1.083032     0.559643     0.737957 
1960-1969      0     0.021573     0.027592     0.024660 
1960-1969      1     0.001450     0.001698     0.001577 
1960-1969      2     0.000903     0.001091     0.001000 
1960-1969      3     0.000702     0.000932     0.000820 
1960-1969      4     0.000606     0.000829     0.000720 
1960-1969      5     0.000537     0.000750     0.000646 
1960-1969      6     0.000462     0.000684     0.000576 
1960-1969      7     0.000390     0.000610     0.000502 
1960-1969      8     0.000346     0.000542     0.000446 
1960-1969      9     0.000312     0.000517     0.000417 
1960-1969     10     0.000276     0.000464     0.000372 
1960-1969     11     0.000286     0.000473     0.000381 
1960-1969     12     0.000291     0.000514     0.000405 
1960-1969     13     0.000314     0.000568     0.000444 
1960-1969     14     0.000358     0.000645     0.000504 
1960-1969     15     0.000404     0.000722     0.000566 
1960-1969     16     0.000481     0.001002     0.000746 
1960-1969     17     0.000515     0.001238     0.000882 
1960-1969     18     0.000556     0.001510     0.001038 
1960-1969     19     0.000565     0.001738     0.001156 
1960-1969     20     0.000574     0.001802     0.001190 
1960-1969     21     0.000541     0.001918     0.001229 
1960-1969     22     0.000579     0.001815     0.001194 
1960-1969     23     0.000561     0.001634     0.001094 
1960-1969     24     0.000600     0.001620     0.001108 
1960-1969     25     0.000608     0.001563     0.001085 
1960-1969     26     0.000624     0.001461     0.001044 
1960-1969     27     0.000629     0.001534     0.001084 
1960-1969     28     0.000659     0.001475     0.001071 
1960-1969     29     0.000757     0.001508     0.001137 
1960-1969     30     0.000771     0.001515     0.001147 
1960-1969     31     0.000805     0.001558     0.001187 
1960-1969     32     0.000871     0.001606     0.001244 
1960-1969     33     0.000948     0.001696     0.001327 
1960-1969     34     0.001020     0.001778     0.001404 
1960-1969     35     0.001125     0.001930     0.001532 
1960-1969     36     0.001192     0.002039     0.001619 
1960-1969     37     0.001328     0.002201     0.001767 
1960-1969     38     0.001447     0.002409     0.001929 
1960-1969     39     0.001564     0.002676     0.002121 
1960-1969     40     0.001668     0.002742     0.002205 
1960-1969     41     0.001838     0.003156     0.002496 
1960-1969     42     0.002040     0.003492     0.002764 
1960-1969     43     0.002293     0.003911     0.003099 
1960-1969     44     0.002467     0.004141     0.003301 
1960-1969     45     0.002639     0.004640     0.003638 
1960-1969     46     0.003040     0.005215     0.004127 
1960-1969     47     0.003345     0.005660     0.004505 
1960-1969     48     0.003572     0.006338     0.004961 
1960-1969     49     0.003897     0.007036     0.005476 
1960-1969     50     0.004354     0.007665     0.006023 
1960-1969     51     0.004424     0.008445     0.006456 
1960-1969     52     0.005127     0.009402     0.007291 
1960-1969     53     0.005616     0.010468     0.008076 
1960-1969     54     0.006078     0.011743     0.008953 
1960-1969     55     0.006355     0.012354     0.009401 
1960-1969     56     0.007075     0.013687     0.010433 
1960-1969     57     0.007764     0.015268     0.011573 
1960-1969     58     0.008617     0.016897     0.012809 
1960-1969     59     0.009500     0.018618     0.014107 
1960-1969     60     0.010458     0.019980     0.015251 
1960-1969     61     0.010795     0.021781     0.016298 
1960-1969     62     0.012479     0.024266     0.018349 
1960-1969     63     0.013553     0.026202     0.019817 
1960-1969     64     0.014851     0.028244     0.021444 
1960-1969     65     0.016326     0.031693     0.023846 
1960-1969     66     0.017640     0.032143     0.024695 
1960-1969     67     0.019555     0.035550     0.027288 
1960-1969     68     0.022064     0.038776     0.030098 
1960-1969     69     0.023878     0.041776     0.032431 
1960-1969     70     0.026471     0.045414     0.035485 
1960-1969     71     0.027265     0.047231     0.036720 
1960-1969     72     0.033162     0.054810     0.043370 
1960-1969     73     0.036167     0.058145     0.046499 
1960-1969     74     0.039882     0.063853     0.051131 
1960-1969     75     0.044905     0.068822     0.056108 
1960-1969     76     0.049936     0.074842     0.061599 
1960-1969     77     0.054534     0.081489     0.067151 
1960-1969     78     0.062211     0.089571     0.074993 
1960-1969     79     0.068998     0.097487     0.082249 
1960-1969     80     0.073106     0.102643     0.086578 
1960-1969     81     0.078687     0.107709     0.091831 
1960-1969     82     0.090978     0.121483     0.104672 
1960-1969     83     0.103871     0.133678     0.117121 
1960-1969     84     0.114251     0.150264     0.130072 
1960-1969     85     0.125187     0.158166     0.139479 
1960-1969     86     0.138448     0.175957     0.154462 
1960-1969     87     0.152632     0.191042     0.168774 
1960-1969     88     0.167431     0.207113     0.183849 
1960-1969     89     0.184053     0.222864     0.199836 
1960-1969     90     0.199276     0.242181     0.216364 
1960-1969     91     0.206608     0.258112     0.226682 
1960-1969     92     0.241003     0.283864     0.257278 
1960-1969     93     0.260289     0.305971     0.277248 
1960-1969     94     0.283963     0.324650     0.298744 
1960-1969     95     0.304784     0.352005     0.321508 
1960-1969     96     0.333318     0.368119     0.345348 
1960-1969     97     0.375407     0.396994     0.382817 
1960-1969     98     0.381292     0.417048     0.393213 
1960-1969     99     0.369718     0.435962     0.391297 
1960-1969    100     0.428370     0.424293     0.427065 
1960-1969    101     0.429621     0.409601     0.423054 
1960-1969    102     0.481881     0.466434     0.476534 
1960-1969    103     0.491533     0.427477     0.467657 
1960-1969    104     0.478559     0.367975     0.433608 
1960-1969    105     0.449561     0.585686     0.507633 
1960-1969    106     0.626959     0.598805     0.614891 
1960-1969    107     0.729777     0.623145     0.678077 
1960-1969    108     0.727759     0.575944     0.640816 
1960-1969    109     2.415842     0.619933     1.104385 
1960-1969    110+           .     0.313992     0.313992 
1970-1979      0     0.013014     0.016648     0.014878 
1970-1979      1     0.000992     0.001086     0.001040 
1970-1979      2     0.000648     0.000827     0.000740 
1970-1979      3     0.000521     0.000720     0.000623 
1970-1979      4     0.000476     0.000609     0.000544 
1970-1979      5     0.000393     0.000623     0.000511 
1970-1979      6     0.000372     0.000563     0.000470 
1970-1979      7     0.000351     0.000495     0.000425 
1970-1979      8     0.000291     0.000432     0.000363 
1970-1979      9     0.000270     0.000411     0.000342 
1970-1979     10     0.000263     0.000409     0.000338 
1970-1979     11     0.000248     0.000395     0.000323 
1970-1979     12     0.000251     0.000437     0.000346 
1970-1979     13     0.000273     0.000509     0.000394 
1970-1979     14     0.000363     0.000601     0.000485 
1970-1979     15     0.000429     0.000791     0.000614 
1970-1979     16     0.000540     0.001174     0.000863 
1970-1979     17     0.000566     0.001571     0.001078 
1970-1979     18     0.000574     0.001894     0.001245 
1970-1979     19     0.000587     0.002048     0.001327 
1970-1979     20     0.000533     0.002074     0.001311 
1970-1979     21     0.000563     0.001955     0.001264 
1970-1979     22     0.000544     0.001755     0.001153 
1970-1979     23     0.000539     0.001671     0.001109 
1970-1979     24     0.000541     0.001603     0.001075 
1970-1979     25     0.000533     0.001489     0.001014 
1970-1979     26     0.000563     0.001452     0.001011 
1970-1979     27     0.000561     0.001409     0.000991 
1970-1979     28     0.000613     0.001448     0.001036 
1970-1979     29     0.000630     0.001366     0.001004 
1970-1979     30     0.000703     0.001419     0.001066 
1970-1979     31     0.000699     0.001457     0.001085 
1970-1979     32     0.000765     0.001503     0.001140 
1970-1979     33     0.000833     0.001523     0.001185 
1970-1979     34     0.000916     0.001683     0.001307 
1970-1979     35     0.001028     0.001783     0.001413 
1970-1979     36     0.001109     0.001898     0.001511 
1970-1979     37     0.001168     0.002100     0.001644 
1970-1979     38     0.001295     0.002248     0.001782 
1970-1979     39     0.001477     0.002518     0.002009 
1970-1979     40     0.001508     0.002723     0.002129 
1970-1979     41     0.001690     0.003011     0.002365 
1970-1979     42     0.001928     0.003302     0.002630 
1970-1979     43     0.002034     0.003664     0.002865 
1970-1979     44     0.002216     0.003997     0.003121 
1970-1979     45     0.002460     0.004355     0.003420 
1970-1979     46     0.002707     0.004953     0.003841 
1970-1979     47     0.002979     0.005425     0.004209 
1970-1979     48     0.003299     0.006002     0.004652 
1970-1979     49     0.003595     0.006666     0.005125 
1970-1979     50     0.003910     0.007294     0.005589 
1970-1979     51     0.004168     0.008085     0.006104 
1970-1979     52     0.004591     0.008935     0.006728 
1970-1979     53     0.004830     0.009741     0.007238 
1970-1979     54     0.005431     0.010888     0.008101 
1970-1979     55     0.005788     0.011652     0.008654 
1970-1979     56     0.006398     0.012915     0.009581 
1970-1979     57     0.006891     0.014186     0.010453 
1970-1979     58     0.007576     0.015538     0.011460 
1970-1979     59     0.008269     0.017048     0.012548 
1970-1979     60     0.009042     0.018624     0.013705 
1970-1979     61     0.009663     0.020347     0.014858 
1970-1979     62     0.010807     0.022216     0.016339 
1970-1979     63     0.011507     0.023998     0.017543 
1970-1979     64     0.012396     0.026010     0.018942 
1970-1979     65     0.014084     0.028851     0.021141 
1970-1979     66     0.015008     0.030706     0.022461 
1970-1979     67     0.016386     0.034153     0.024769 
1970-1979     68     0.018269     0.036341     0.026742 
1970-1979     69     0.020156     0.040102     0.029440 
1970-1979     70     0.022259     0.043562     0.032082 
1970-1979     71     0.024189     0.046767     0.034498 
1970-1979     72     0.027304     0.051170     0.038073 
1970-1979     73     0.029621     0.055285     0.041048 
1970-1979     74     0.032619     0.060246     0.044745 
1970-1979     75     0.036706     0.065853     0.049321 
1970-1979     76     0.040576     0.070029     0.053133 
1970-1979     77     0.044342     0.076212     0.057731 
1970-1979     78     0.051056     0.082804     0.064211 
1970-1979     79     0.056721     0.092283     0.071277 
1970-1979     80     0.062406     0.098959     0.077071 
1970-1979     81     0.067590     0.105939     0.082818 
1970-1979     82     0.077143     0.117120     0.092893 
1970-1979     83     0.085574     0.126230     0.101459 
1970-1979     84     0.096309     0.138995     0.112857 
1970-1979     85     0.106843     0.149463     0.123222 
1970-1979     86     0.119622     0.163833     0.136470 
1970-1979     87     0.130326     0.176971     0.147905 
1970-1979     88     0.143433     0.189924     0.160740 
1970-1979     89     0.158200     0.203602     0.174884 
1970-1979     90     0.174832     0.226036     0.193365 
1970-1979     91     0.191600     0.233758     0.206629 
1970-1979     92     0.213050     0.264260     0.231020 
1970-1979     93     0.234197     0.277560     0.249121 
1970-1979     94     0.249418     0.306780     0.268746 
1970-1979     95     0.263302     0.321152     0.282279 
1970-1979     96     0.291826     0.354195     0.311641 
1970-1979     97     0.304451     0.398596     0.333116 
1970-1979     98     0.333247     0.421944     0.358866 
1970-1979     99     0.364245     0.410570     0.377094 
1970-1979    100     0.368534     0.464271     0.393979 
1970-1979    101     0.414061     0.472966     0.429206 
1970-1979    102     0.451098     0.525780     0.470534 
1970-1979    103     0.506723     0.423447     0.485017 
1970-1979    104     0.472340     0.528833     0.488346 
1970-1979    105     0.596881     0.581554     0.592572 
1970-1979    106     0.550389     0.543855     0.548276 
1970-1979    107     0.278332     0.508259     0.359691 
1970-1979    108     0.424628     0.398340     0.416770 
1970-1979    109     0.495050     0.269966     0.417666 
1970-1979    110+    0.255319     0.252525     0.253759 
1980-1989      0     0.007396     0.009417     0.008431 
1980-1989      1     0.000623     0.000690     0.000658 
1980-1989      2     0.000411     0.000512     0.000463 
1980-1989      3     0.000322     0.000419     0.000372 
1980-1989      4     0.000282     0.000395     0.000340 
1980-1989      5     0.000260     0.000329     0.000296 
1980-1989      6     0.000214     0.000293     0.000254 
1980-1989      7     0.000187     0.000293     0.000241 
1980-1989      8     0.000163     0.000263     0.000214 
1980-1989      9     0.000180     0.000245     0.000214 
1980-1989     10     0.000162     0.000281     0.000223 
1980-1989     11     0.000177     0.000259     0.000219 
1980-1989     12     0.000182     0.000288     0.000236 
1980-1989     13     0.000202     0.000342     0.000274 
1980-1989     14     0.000250     0.000448     0.000351 
1980-1989     15     0.000316     0.000594     0.000459 
1980-1989     16     0.000413     0.000876     0.000650 
1980-1989     17     0.000417     0.001110     0.000772 
1980-1989     18     0.000432     0.001377     0.000916 
1980-1989     19     0.000425     0.001525     0.000987 
1980-1989     20     0.000433     0.001471     0.000962 
1980-1989     21     0.000411     0.001444     0.000937 
1980-1989     22     0.000411     0.001333     0.000879 
1980-1989     23     0.000394     0.001287     0.000847 
1980-1989     24     0.000404     0.001219     0.000817 
1980-1989     25     0.000415     0.001227     0.000826 
1980-1989     26     0.000439     0.001246     0.000846 
1980-1989     27     0.000462     0.001235     0.000851 
1980-1989     28     0.000453     0.001194     0.000826 
1980-1989     29     0.000499     0.001210     0.000856 
1980-1989     30     0.000516     0.001220     0.000869 
1980-1989     31     0.000513     0.001280     0.000898 
1980-1989     32     0.000595     0.001296     0.000947 
1980-1989     33     0.000635     0.001350     0.000994 
1980-1989     34     0.000677     0.001359     0.001020 
1980-1989     35     0.000739     0.001408     0.001076 
1980-1989     36     0.000760     0.001474     0.001120 
1980-1989     37     0.000845     0.001588     0.001220 
1980-1989     38     0.000956     0.001697     0.001331 
1980-1989     39     0.001054     0.001822     0.001443 
1980-1989     40     0.001180     0.001963     0.001577 
1980-1989     41     0.001265     0.002114     0.001695 
1980-1989     42     0.001412     0.002400     0.001913 
1980-1989     43     0.001538     0.002625     0.002089 
1980-1989     44     0.001767     0.002833     0.002307 
1980-1989     45     0.001863     0.003183     0.002532 
1980-1989     46     0.002092     0.003475     0.002792 
1980-1989     47     0.002341     0.003941     0.003150 
1980-1989     48     0.002538     0.004409     0.003484 
1980-1989     49     0.002936     0.004937     0.003947 
1980-1989     50     0.003136     0.005536     0.004347 
1980-1989     51     0.003476     0.006114     0.004804 
1980-1989     52     0.003774     0.006797     0.005292 
1980-1989     53     0.004081     0.007450     0.005769 
1980-1989     54     0.004459     0.008417     0.006433 
1980-1989     55     0.004778     0.009241     0.006992 
1980-1989     56     0.005494     0.010282     0.007855 
1980-1989     57     0.005867     0.011272     0.008515 
1980-1989     58     0.006312     0.012337     0.009243 
1980-1989     59     0.006991     0.013778     0.010269 
1980-1989     60     0.007609     0.015217     0.011256 
1980-1989     61     0.008254     0.016559     0.012206 
1980-1989     62     0.009097     0.018356     0.013472 
1980-1989     63     0.009788     0.019761     0.014465 
1980-1989     64     0.010807     0.021802     0.015930 
1980-1989     65     0.011873     0.024280     0.017615 
1980-1989     66     0.013105     0.026229     0.019142 
1980-1989     67     0.014186     0.029003     0.020963 
1980-1989     68     0.015675     0.031309     0.022778 
1980-1989     69     0.017451     0.034347     0.025075 
1980-1989     70     0.018829     0.037628     0.027252 
1980-1989     71     0.020678     0.040553     0.029510 
1980-1989     72     0.023140     0.045364     0.032922 
1980-1989     73     0.025391     0.049397     0.035835 
1980-1989     74     0.028370     0.053277     0.039072 
1980-1989     75     0.031119     0.058485     0.042722 
1980-1989     76     0.034503     0.063745     0.046723 
1980-1989     77     0.038289     0.069347     0.051073 
1980-1989     78     0.042722     0.075695     0.056077 
1980-1989     79     0.047313     0.083320     0.061617 
1980-1989     80     0.053983     0.092259     0.068897 
1980-1989     81     0.059555     0.099464     0.074729 
1980-1989     82     0.066782     0.107909     0.082016 
1980-1989     83     0.073789     0.117804     0.089669 
1980-1989     84     0.082774     0.128803     0.098945 
1980-1989     85     0.090936     0.138201     0.107080 
1980-1989     86     0.102730     0.151027     0.118767 
1980-1989     87     0.112728     0.164312     0.129358 
1980-1989     88     0.123992     0.178517     0.141043 
1980-1989     89     0.137421     0.191846     0.153991 
1980-1989     90     0.153261     0.210240     0.170219 
1980-1989     91     0.170115     0.231266     0.187877 
1980-1989     92     0.188132     0.245657     0.204476 
1980-1989     93     0.205202     0.264363     0.221767 
1980-1989     94     0.223837     0.284336     0.240519 
1980-1989     95     0.248780     0.315262     0.266719 
1980-1989     96     0.266349     0.326098     0.282085 
1980-1989     97     0.287585     0.351934     0.304262 
1980-1989     98     0.309173     0.373659     0.325435 
1980-1989     99     0.338337     0.399254     0.353397 
1980-1989    100     0.362174     0.424054     0.377088 
1980-1989    101     0.392352     0.425648     0.400237 
1980-1989    102     0.403356     0.497631     0.424708 
1980-1989    103     0.424526     0.548489     0.450609 
1980-1989    104     0.482093     0.478839     0.481443 
1980-1989    105     0.515939     0.406206     0.493335 
1980-1989    106     0.538253     0.477385     0.524789 
1980-1989    107     0.520694     0.666667     0.554415 
1980-1989    108     0.455696     0.515625     0.470363 
1980-1989    109     0.558140     0.321027     0.496963 
1980-1989    110+    0.955414     0.323353     0.629630 
1990-1999      0     0.005348     0.006523     0.005951 
1990-1999      1     0.000418     0.000474     0.000447 
1990-1999      2     0.000254     0.000341     0.000298 
1990-1999      3     0.000207     0.000289     0.000249 
1990-1999      4     0.000188     0.000227     0.000208 
1990-1999      5     0.000171     0.000201     0.000186 
1990-1999      6     0.000167     0.000177     0.000172 
1990-1999      7     0.000128     0.000179     0.000154 
1990-1999      8     0.000145     0.000158     0.000152 
1990-1999      9     0.000127     0.000181     0.000155 
1990-1999     10     0.000128     0.000177     0.000153 
1990-1999     11     0.000131     0.000175     0.000153 
1990-1999     12     0.000149     0.000210     0.000181 
1990-1999     13     0.000171     0.000239     0.000206 
1990-1999     14     0.000198     0.000339     0.000270 
1990-1999     15     0.000266     0.000422     0.000346 
1990-1999     16     0.000354     0.000626     0.000494 
1990-1999     17     0.000332     0.000788     0.000567 
1990-1999     18     0.000366     0.001009     0.000696 
1990-1999     19     0.000361     0.001156     0.000769 
1990-1999     20     0.000345     0.001098     0.000731 
1990-1999     21     0.000338     0.001078     0.000716 
1990-1999     22     0.000361     0.001024     0.000699 
1990-1999     23     0.000331     0.001021     0.000682 
1990-1999     24     0.000342     0.001000     0.000676 
1990-1999     25     0.000359     0.001031     0.000699 
1990-1999     26     0.000377     0.001035     0.000710 
1990-1999     27     0.000394     0.001027     0.000714 
1990-1999     28     0.000405     0.001067     0.000740 
1990-1999     29     0.000426     0.001171     0.000803 
1990-1999     30     0.000447     0.001171     0.000813 
1990-1999     31     0.000508     0.001202     0.000858 
1990-1999     32     0.000543     0.001276     0.000913 
1990-1999     33     0.000520     0.001324     0.000925 
1990-1999     34     0.000557     0.001366     0.000964 
1990-1999     35     0.000652     0.001460     0.001058 
1990-1999     36     0.000732     0.001523     0.001128 
1990-1999     37     0.000773     0.001584     0.001179 
1990-1999     38     0.000812     0.001650     0.001231 
1990-1999     39     0.000938     0.001730     0.001334 
1990-1999     40     0.001044     0.001882     0.001463 
1990-1999     41     0.001131     0.002018     0.001574 
1990-1999     42     0.001172     0.002121     0.001646 
1990-1999     43     0.001290     0.002292     0.001790 
1990-1999     44     0.001450     0.002393     0.001921 
1990-1999     45     0.001546     0.002596     0.002071 
1990-1999     46     0.001766     0.002838     0.002302 
1990-1999     47     0.001895     0.003118     0.002508 
1990-1999     48     0.002069     0.003470     0.002771 
1990-1999     49     0.002415     0.003745     0.003081 
1990-1999     50     0.002580     0.004073     0.003328 
1990-1999     51     0.002835     0.004619     0.003728 
1990-1999     52     0.003086     0.005023     0.004055 
1990-1999     53     0.003343     0.005503     0.004422 
1990-1999     54     0.003710     0.006262     0.004983 
1990-1999     55     0.004155     0.006865     0.005505 
1990-1999     56     0.004587     0.007706     0.006139 
1990-1999     57     0.005092     0.008643     0.006856 
1990-1999     58     0.005455     0.009393     0.007407 
1990-1999     59     0.005886     0.010449     0.008143 
1990-1999     60     0.006562     0.011479     0.008989 
1990-1999     61     0.007191     0.013129     0.010112 
1990-1999     62     0.007810     0.014247     0.010963 
1990-1999     63     0.008606     0.015737     0.012078 
1990-1999     64     0.009430     0.017312     0.013241 
1990-1999     65     0.010330     0.019436     0.014698 
1990-1999     66     0.011547     0.021240     0.016150 
1990-1999     67     0.012481     0.023314     0.017570 
1990-1999     68     0.013542     0.025496     0.019091 
1990-1999     69     0.015219     0.028196     0.021168 
1990-1999     70     0.016620     0.031092     0.023170 
1990-1999     71     0.018361     0.034055     0.025370 
1990-1999     72     0.020161     0.037202     0.027669 
1990-1999     73     0.022269     0.040861     0.030347 
1990-1999     74     0.024599     0.045527     0.033566 
1990-1999     75     0.027450     0.049838     0.036906 
1990-1999     76     0.030668     0.055113     0.040839 
1990-1999     77     0.034130     0.060129     0.044782 
1990-1999     78     0.038007     0.066579     0.049515 
1990-1999     79     0.043499     0.073207     0.055245 
1990-1999     80     0.048955     0.083575     0.062334 
1990-1999     81     0.054396     0.092230     0.068697 
1990-1999     82     0.060909     0.101366     0.075828 
1990-1999     83     0.068741     0.112021     0.084274 
1990-1999     84     0.077636     0.122963     0.093429 
1990-1999     85     0.086191     0.134920     0.102651 
1990-1999     86     0.096062     0.146945     0.112708 
1990-1999     87     0.107975     0.161190     0.124797 
1990-1999     88     0.120317     0.176940     0.137584 
1990-1999     89     0.135876     0.193547     0.152791 
1990-1999     90     0.151046     0.208625     0.167276 
1990-1999     91     0.168703     0.229392     0.185100 
1990-1999     92     0.185287     0.250303     0.202022 
1990-1999     93     0.207867     0.273089     0.223848 
1990-1999     94     0.226465     0.293585     0.242159 
1990-1999     95     0.247712     0.318666     0.263570 
1990-1999     96     0.273056     0.352795     0.289963 
1990-1999     97     0.299198     0.384667     0.316321 
1990-1999     98     0.333963     0.410823     0.348648 
1990-1999     99     0.341639     0.409615     0.354094 
1990-1999    100     0.384732     0.432951     0.393291 
1990-1999    101     0.411824     0.512830     0.429127 
1990-1999    102     0.450782     0.514509     0.461350 
1990-1999    103     0.473215     0.526208     0.481797 
1990-1999    104     0.539402     0.596928     0.548584 
1990-1999    105     0.584109     0.628308     0.591000 
1990-1999    106     0.497609     0.690909     0.527776 
1990-1999    107     0.603248     0.631530     0.607261 
1990-1999    108     0.557702     0.895522     0.604738 
1990-1999    109     0.704925     0.645624     0.698290 
1990-1999    110+    0.614699     0.870968     0.645793 
2000-2009      0     0.004778     0.005621     0.005211 
2000-2009      1     0.000310     0.000358     0.000334 
2000-2009      2     0.000173     0.000227     0.000201 
2000-2009      3     0.000134     0.000173     0.000154 
2000-2009      4     0.000123     0.000157     0.000140 
2000-2009      5     0.000117     0.000149     0.000133 
2000-2009      6     0.000086     0.000127     0.000107 
2000-2009      7     0.000102     0.000125     0.000114 
2000-2009      8     0.000080     0.000108     0.000094 
2000-2009      9     0.000095     0.000127     0.000111 
2000-2009     10     0.000086     0.000116     0.000102 
2000-2009     11     0.000076     0.000114     0.000095 
2000-2009     12     0.000103     0.000149     0.000126 
2000-2009     13     0.000130     0.000166     0.000149 
2000-2009     14     0.000169     0.000239     0.000205 
2000-2009     15     0.000212     0.000327     0.000271 
2000-2009     16     0.000263     0.000458     0.000363 
2000-2009     17     0.000293     0.000610     0.000455 
2000-2009     18     0.000321     0.000765     0.000549 
2000-2009     19     0.000319     0.000838     0.000586 
2000-2009     20     0.000326     0.000893     0.000617 
2000-2009     21     0.000337     0.000813     0.000580 
2000-2009     22     0.000307     0.000831     0.000575 
2000-2009     23     0.000313     0.000830     0.000577 
2000-2009     24     0.000309     0.000821     0.000569 
2000-2009     25     0.000322     0.000777     0.000553 
2000-2009     26     0.000324     0.000803     0.000566 
2000-2009     27     0.000326     0.000788     0.000559 
2000-2009     28     0.000352     0.000810     0.000582 
2000-2009     29     0.000379     0.000833     0.000607 
2000-2009     30     0.000387     0.000855     0.000622 
2000-2009     31     0.000410     0.000858     0.000635 
2000-2009     32     0.000454     0.000893     0.000675 
2000-2009     33     0.000465     0.000938     0.000703 
2000-2009     34     0.000522     0.000967     0.000746 
2000-2009     35     0.000575     0.001061     0.000820 
2000-2009     36     0.000594     0.001083     0.000840 
2000-2009     37     0.000671     0.001149     0.000912 
2000-2009     38     0.000728     0.001322     0.001027 
2000-2009     39     0.000819     0.001346     0.001084 
2000-2009     40     0.000888     0.001452     0.001172 
2000-2009     41     0.000927     0.001577     0.001254 
2000-2009     42     0.001067     0.001679     0.001375 
2000-2009     43     0.001130     0.001851     0.001492 
2000-2009     44     0.001267     0.002006     0.001638 
2000-2009     45     0.001457     0.002176     0.001817 
2000-2009     46     0.001577     0.002473     0.002025 
2000-2009     47     0.001735     0.002630     0.002182 
2000-2009     48     0.001854     0.002881     0.002366 
2000-2009     49     0.002083     0.003266     0.002672 
2000-2009     50     0.002260     0.003547     0.002901 
2000-2009     51     0.002486     0.003828     0.003154 
2000-2009     52     0.002729     0.004277     0.003499 
2000-2009     53     0.002959     0.004632     0.003791 
2000-2009     54     0.003202     0.005148     0.004168 
2000-2009     55     0.003475     0.005585     0.004523 
2000-2009     56     0.003785     0.006119     0.004943 
2000-2009     57     0.004194     0.006827     0.005500 
2000-2009     58     0.004567     0.007338     0.005940 
2000-2009     59     0.005032     0.007973     0.006486 
2000-2009     60     0.005518     0.009058     0.007265 
2000-2009     61     0.006055     0.009797     0.007898 
2000-2009     62     0.006590     0.010827     0.008672 
2000-2009     63     0.007169     0.011793     0.009434 
2000-2009     64     0.008055     0.013163     0.010548 
2000-2009     65     0.008713     0.014288     0.011423 
2000-2009     66     0.009617     0.015890     0.012653 
2000-2009     67     0.010516     0.017572     0.013914 
2000-2009     68     0.011626     0.019474     0.015387 
2000-2009     69     0.012704     0.021168     0.016737 
2000-2009     70     0.014124     0.023808     0.018709 
2000-2009     71     0.015515     0.025321     0.020123 
2000-2009     72     0.017308     0.028396     0.022475 
2000-2009     73     0.018932     0.031433     0.024698 
2000-2009     74     0.021155     0.034839     0.027390 
2000-2009     75     0.023289     0.038345     0.030053 
2000-2009     76     0.026003     0.042584     0.033330 
2000-2009     77     0.029000     0.047077     0.036841 
2000-2009     78     0.032573     0.052250     0.040938 
2000-2009     79     0.036382     0.057801     0.045294 
2000-2009     80     0.040762     0.064998     0.050592 
2000-2009     81     0.045817     0.071757     0.056072 
2000-2009     82     0.052258     0.079937     0.062910 
2000-2009     83     0.058083     0.089762     0.069918 
2000-2009     84     0.066465     0.100563     0.078809 
2000-2009     85     0.075632     0.112335     0.088494 
2000-2009     86     0.085186     0.125986     0.098983 
2000-2009     87     0.098827     0.141512     0.112742 
2000-2009     88     0.110192     0.156658     0.124774 
2000-2009     89     0.125054     0.172014     0.139220 
2000-2009     90     0.139040     0.190111     0.153831 
2000-2009     91     0.157592     0.214539     0.173362 
2000-2009     92     0.176457     0.235138     0.191920 
2000-2009     93     0.195381     0.258816     0.211268 
2000-2009     94     0.217207     0.282200     0.232585 
2000-2009     95     0.244002     0.303851     0.257362 
2000-2009     96     0.267350     0.338199     0.282276 
2000-2009     97     0.297224     0.362319     0.310169 
2000-2009     98     0.330459     0.397486     0.343010 
2000-2009     99     0.349760     0.441522     0.365771 
2000-2009    100     0.392279     0.458049     0.403011 
2000-2009    101     0.422653     0.500010     0.434558 
2000-2009    102     0.448371     0.532033     0.460376 
2000-2009    103     0.491523     0.575490     0.502710 
2000-2009    104     0.517274     0.632292     0.531036 
2000-2009    105     0.551652     0.675848     0.565330 
2000-2009    106     0.606969     0.967742     0.638205 
2000-2009    107     0.632639     0.800000     0.645640 
2000-2009    108     0.721683     1.300000     0.762514 
2000-2009    109     0.740741     3.000000     0.788229 
2000-2009    110+    0.692308     0.193548     0.655582 
2010-2011      0     0.004428     0.005382     0.004917 
2010-2011      1     0.000267     0.000350     0.000309 
2010-2011      2     0.000154     0.000221     0.000188 
2010-2011      3     0.000098     0.000150     0.000125 
2010-2011      4     0.000105     0.000108     0.000107 
2010-2011      5     0.000085     0.000070     0.000077 
2010-2011      6     0.000068     0.000119     0.000094 
2010-2011      7     0.000086     0.000092     0.000089 
2010-2011      8     0.000080     0.000071     0.000075 
2010-2011      9     0.000091     0.000089     0.000090 
2010-2011     10     0.000081     0.000087     0.000084 
2010-2011     11     0.000063     0.000096     0.000080 
2010-2011     12     0.000078     0.000101     0.000090 
2010-2011     13     0.000124     0.000159     0.000142 
2010-2011     14     0.000142     0.000181     0.000162 
2010-2011     15     0.000168     0.000273     0.000222 
2010-2011     16     0.000201     0.000340     0.000272 
2010-2011     17     0.000231     0.000570     0.000405 
2010-2011     18     0.000277     0.000632     0.000458 
2010-2011     19     0.000336     0.000616     0.000479 
2010-2011     20     0.000290     0.000755     0.000527 
2010-2011     21     0.000258     0.000712     0.000488 
2010-2011     22     0.000317     0.000731     0.000527 
2010-2011     23     0.000328     0.000773     0.000553 
2010-2011     24     0.000316     0.000745     0.000533 
2010-2011     25     0.000322     0.000779     0.000553 
2010-2011     26     0.000277     0.000764     0.000522 
2010-2011     27     0.000297     0.000768     0.000533 
2010-2011     28     0.000305     0.000666     0.000486 
2010-2011     29     0.000401     0.000729     0.000565 
2010-2011     30     0.000364     0.000725     0.000544 
2010-2011     31     0.000405     0.000814     0.000609 
2010-2011     32     0.000413     0.000827     0.000619 
2010-2011     33     0.000481     0.000799     0.000640 
2010-2011     34     0.000512     0.000873     0.000692 
2010-2011     35     0.000506     0.000908     0.000707 
2010-2011     36     0.000558     0.000913     0.000735 
2010-2011     37     0.000603     0.000980     0.000791 
2010-2011     38     0.000637     0.001074     0.000856 
2010-2011     39     0.000660     0.001210     0.000936 
2010-2011     40     0.000781     0.001343     0.001063 
2010-2011     41     0.000813     0.001341     0.001078 
2010-2011     42     0.000931     0.001474     0.001203 
2010-2011     43     0.001034     0.001542     0.001289 
2010-2011     44     0.001142     0.001855     0.001501 
2010-2011     45     0.001238     0.001977     0.001610 
2010-2011     46     0.001448     0.002056     0.001755 
2010-2011     47     0.001628     0.002316     0.001975 
2010-2011     48     0.001646     0.002512     0.002082 
2010-2011     49     0.001788     0.002788     0.002291 
2010-2011     50     0.002110     0.003008     0.002561 
2010-2011     51     0.002293     0.003331     0.002814 
2010-2011     52     0.002504     0.003637     0.003072 
2010-2011     53     0.002797     0.004200     0.003501 
2010-2011     54     0.003038     0.004613     0.003827 
2010-2011     55     0.003136     0.005005     0.004070 
2010-2011     56     0.003496     0.005615     0.004552 
2010-2011     57     0.003927     0.005824     0.004871 
2010-2011     58     0.004082     0.006603     0.005336 
2010-2011     59     0.004571     0.007043     0.005800 
2010-2011     60     0.004851     0.007888     0.006358 
2010-2011     61     0.005377     0.008564     0.006954 
2010-2011     62     0.005509     0.009033     0.007249 
2010-2011     63     0.006364     0.010185     0.008247 
2010-2011     64     0.007037     0.011323     0.009144 
2010-2011     65     0.007711     0.011886     0.009757 
2010-2011     66     0.008611     0.013342     0.010920 
2010-2011     67     0.009399     0.014763     0.012003 
2010-2011     68     0.010269     0.016230     0.013145 
2010-2011     69     0.011253     0.017497     0.014242 
2010-2011     70     0.012829     0.019202     0.015859 
2010-2011     71     0.013592     0.021285     0.017231 
2010-2011     72     0.015090     0.023656     0.019120 
2010-2011     73     0.016148     0.025729     0.020626 
2010-2011     74     0.018548     0.028640     0.023232 
2010-2011     75     0.020092     0.031337     0.025269 
2010-2011     76     0.022551     0.034966     0.028220 
2010-2011     77     0.025443     0.039245     0.031678 
2010-2011     78     0.029100     0.043344     0.035459 
2010-2011     79     0.032158     0.049095     0.039599 
2010-2011     80     0.036499     0.054048     0.044063 
2010-2011     81     0.039491     0.060558     0.048382 
2010-2011     82     0.045623     0.069479     0.055448 
2010-2011     83     0.051678     0.075913     0.061376 
2010-2011     84     0.057819     0.086853     0.069046 
2010-2011     85     0.066511     0.098173     0.078293 
2010-2011     86     0.074421     0.108384     0.086584 
2010-2011     87     0.084697     0.122002     0.097566 
2010-2011     88     0.097773     0.138712     0.111328 
2010-2011     89     0.111579     0.150249     0.123811 
2010-2011     90     0.130615     0.173817     0.143656 
2010-2011     91     0.147187     0.192709     0.160325 
2010-2011     92     0.160734     0.215196     0.175813 
2010-2011     93     0.182409     0.234881     0.196173 
2010-2011     94     0.204213     0.261455     0.218381 
2010-2011     95     0.231592     0.284142     0.243939 
2010-2011     96     0.256889     0.324683     0.271990 
2010-2011     97     0.274390     0.330039     0.286042 
2010-2011     98     0.311102     0.374031     0.323439 
2010-2011     99     0.328887     0.388066     0.339618 
2010-2011    100     0.386455     0.467690     0.400460 
2010-2011    101     0.406222     0.487017     0.418783 
2010-2011    102     0.443532     0.530995     0.456136 
2010-2011    103     0.501684     0.567244     0.510589 
2010-2011    104     0.501824     0.491828     0.500561 
2010-2011    105     0.499552     0.712148     0.522864 
2010-2011    106     0.596373     1.120747     0.638176 
2010-2011    107     0.649460     1.055873     0.670529 
2010-2011    108     0.891807     0.576923     0.872753 
2010-2011    109     0.532092     6.000000     0.592040 
2010-2011    110+    0.727979            .     0.727979 
