Chile, Death rates (period 1x10)     Last modified: 25-Nov-2008, MPv5 (May07)

   Year      Age       Female       Male         Total
1992-1999      0     0.011070     0.013239     0.012178 
1992-1999      1     0.000824     0.001034     0.000931 
1992-1999      2     0.000614     0.000702     0.000659 
1992-1999      3     0.000379     0.000513     0.000448 
1992-1999      4     0.000291     0.000361     0.000327 
1992-1999      5     0.000262     0.000338     0.000301 
1992-1999      6     0.000226     0.000288     0.000257 
1992-1999      7     0.000189     0.000299     0.000245 
1992-1999      8     0.000191     0.000282     0.000237 
1992-1999      9     0.000204     0.000268     0.000236 
1992-1999     10     0.000204     0.000277     0.000241 
1992-1999     11     0.000207     0.000294     0.000252 
1992-1999     12     0.000197     0.000276     0.000237 
1992-1999     13     0.000219     0.000344     0.000283 
1992-1999     14     0.000245     0.000474     0.000361 
1992-1999     15     0.000301     0.000543     0.000424 
1992-1999     16     0.000342     0.000690     0.000519 
1992-1999     17     0.000342     0.000882     0.000615 
1992-1999     18     0.000375     0.000979     0.000681 
1992-1999     19     0.000362     0.001160     0.000765 
1992-1999     20     0.000399     0.001349     0.000877 
1992-1999     21     0.000387     0.001400     0.000895 
1992-1999     22     0.000411     0.001533     0.000972 
1992-1999     23     0.000418     0.001585     0.001000 
1992-1999     24     0.000381     0.001566     0.000971 
1992-1999     25     0.000408     0.001625     0.001012 
1992-1999     26     0.000438     0.001719     0.001072 
1992-1999     27     0.000455     0.001717     0.001078 
1992-1999     28     0.000499     0.001758     0.001120 
1992-1999     29     0.000522     0.001742     0.001123 
1992-1999     30     0.000541     0.001869     0.001194 
1992-1999     31     0.000568     0.001832     0.001188 
1992-1999     32     0.000614     0.001962     0.001275 
1992-1999     33     0.000651     0.001974     0.001299 
1992-1999     34     0.000737     0.002020     0.001366 
1992-1999     35     0.000828     0.002125     0.001464 
1992-1999     36     0.000821     0.002185     0.001488 
1992-1999     37     0.000942     0.002316     0.001613 
1992-1999     38     0.001105     0.002371     0.001723 
1992-1999     39     0.001144     0.002503     0.001807 
1992-1999     40     0.001210     0.002738     0.001955 
1992-1999     41     0.001410     0.002993     0.002181 
1992-1999     42     0.001487     0.003317     0.002379 
1992-1999     43     0.001608     0.003384     0.002473 
1992-1999     44     0.001878     0.003597     0.002715 
1992-1999     45     0.002048     0.004071     0.003032 
1992-1999     46     0.002272     0.004384     0.003299 
1992-1999     47     0.002508     0.004575     0.003513 
1992-1999     48     0.002751     0.005118     0.003903 
1992-1999     49     0.003056     0.005551     0.004269 
1992-1999     50     0.003286     0.006189     0.004694 
1992-1999     51     0.003768     0.006558     0.005119 
1992-1999     52     0.003970     0.007243     0.005556 
1992-1999     53     0.004508     0.007801     0.006101 
1992-1999     54     0.004732     0.008700     0.006644 
1992-1999     55     0.005150     0.009792     0.007373 
1992-1999     56     0.005639     0.010519     0.007966 
1992-1999     57     0.006171     0.011004     0.008470 
1992-1999     58     0.006611     0.012401     0.009364 
1992-1999     59     0.007387     0.013506     0.010286 
1992-1999     60     0.007833     0.014621     0.011021 
1992-1999     61     0.008593     0.016325     0.012206 
1992-1999     62     0.009780     0.017827     0.013531 
1992-1999     63     0.010886     0.019603     0.014934 
1992-1999     64     0.011964     0.021248     0.016261 
1992-1999     65     0.013112     0.023085     0.017710 
1992-1999     66     0.014125     0.024933     0.019084 
1992-1999     67     0.015580     0.027821     0.021175 
1992-1999     68     0.016698     0.029825     0.022675 
1992-1999     69     0.019469     0.032724     0.025462 
1992-1999     70     0.021100     0.036829     0.028144 
1992-1999     71     0.023894     0.040184     0.031139 
1992-1999     72     0.026634     0.044592     0.034566 
1992-1999     73     0.028811     0.047707     0.037066 
1992-1999     74     0.032331     0.052993     0.041245 
1992-1999     75     0.036070     0.058393     0.045561 
1992-1999     76     0.039662     0.063386     0.049593 
1992-1999     77     0.043381     0.066639     0.052986 
1992-1999     78     0.049584     0.075195     0.060024 
1992-1999     79     0.054770     0.081536     0.065502 
1992-1999     80     0.057890     0.085351     0.068730 
1992-1999     81     0.064827     0.091292     0.075115 
1992-1999     82     0.072342     0.099667     0.082801 
1992-1999     83     0.078268     0.110595     0.090420 
1992-1999     84     0.086691     0.118699     0.098447 
1992-1999     85     0.099536     0.134023     0.111847 
1992-1999     86     0.107763     0.147423     0.121476 
1992-1999     87     0.122974     0.163340     0.136471 
1992-1999     88     0.136123     0.173052     0.148081 
1992-1999     89     0.153818     0.190491     0.165337 
1992-1999     90     0.165761     0.207626     0.178516 
1992-1999     91     0.185211     0.234313     0.199676 
1992-1999     92     0.206036     0.240295     0.215799 
1992-1999     93     0.215213     0.262981     0.228399 
1992-1999     94     0.239361     0.302159     0.256003 
1992-1999     95     0.269278     0.305695     0.278561 
1992-1999     96     0.270653     0.313818     0.281332 
1992-1999     97     0.298737     0.365694     0.314578 
1992-1999     98     0.314023     0.363173     0.325087 
1992-1999     99     0.356441     0.446404     0.375955 
1992-1999    100     0.385476     0.397041     0.387921 
1992-1999    101     0.391536     0.392058     0.391647 
1992-1999    102     0.391165     0.572386     0.428397 
1992-1999    103     0.374998     0.365202     0.373011 
1992-1999    104     0.445015     0.463499     0.449070 
1992-1999    105     0.526969     0.694128     0.563681 
1992-1999    106     0.576819     0.875442     0.634145 
1992-1999    107     0.665378     1.168986     0.739152 
1992-1999    108     0.853846     2.269231     0.958689 
1992-1999    109     1.344828     6.000000     1.391028 
1992-1999    110+    2.381538            .     2.381538 
2000-2005      0     0.007992     0.009624     0.008826 
2000-2005      1     0.000637     0.000820     0.000730 
2000-2005      2     0.000432     0.000499     0.000467 
2000-2005      3     0.000279     0.000350     0.000315 
2000-2005      4     0.000245     0.000310     0.000278 
2000-2005      5     0.000200     0.000244     0.000222 
2000-2005      6     0.000174     0.000238     0.000206 
2000-2005      7     0.000200     0.000211     0.000205 
2000-2005      8     0.000131     0.000242     0.000187 
2000-2005      9     0.000153     0.000221     0.000188 
2000-2005     10     0.000157     0.000224     0.000191 
2000-2005     11     0.000170     0.000228     0.000200 
2000-2005     12     0.000170     0.000237     0.000204 
2000-2005     13     0.000188     0.000292     0.000241 
2000-2005     14     0.000223     0.000358     0.000292 
2000-2005     15     0.000246     0.000435     0.000342 
2000-2005     16     0.000280     0.000595     0.000440 
2000-2005     17     0.000299     0.000782     0.000545 
2000-2005     18     0.000287     0.000951     0.000625 
2000-2005     19     0.000311     0.001072     0.000698 
2000-2005     20     0.000325     0.001231     0.000785 
2000-2005     21     0.000320     0.001226     0.000779 
2000-2005     22     0.000355     0.001276     0.000820 
2000-2005     23     0.000362     0.001264     0.000816 
2000-2005     24     0.000379     0.001324     0.000854 
2000-2005     25     0.000391     0.001439     0.000916 
2000-2005     26     0.000417     0.001378     0.000897 
2000-2005     27     0.000436     0.001387     0.000910 
2000-2005     28     0.000463     0.001467     0.000963 
2000-2005     29     0.000417     0.001482     0.000946 
2000-2005     30     0.000423     0.001567     0.000992 
2000-2005     31     0.000474     0.001608     0.001037 
2000-2005     32     0.000519     0.001722     0.001115 
2000-2005     33     0.000553     0.001700     0.001120 
2000-2005     34     0.000671     0.001802     0.001229 
2000-2005     35     0.000648     0.001814     0.001222 
2000-2005     36     0.000742     0.001926     0.001324 
2000-2005     37     0.000799     0.001975     0.001376 
2000-2005     38     0.000821     0.002162     0.001477 
2000-2005     39     0.000928     0.002261     0.001580 
2000-2005     40     0.001059     0.002387     0.001709 
2000-2005     41     0.001167     0.002536     0.001837 
2000-2005     42     0.001200     0.002562     0.001867 
2000-2005     43     0.001288     0.002947     0.002098 
2000-2005     44     0.001492     0.003079     0.002267 
2000-2005     45     0.001655     0.003437     0.002525 
2000-2005     46     0.001804     0.003747     0.002751 
2000-2005     47     0.002186     0.003938     0.003040 
2000-2005     48     0.002254     0.004293     0.003247 
2000-2005     49     0.002422     0.004674     0.003518 
2000-2005     50     0.002723     0.004969     0.003818 
2000-2005     51     0.002907     0.005553     0.004197 
2000-2005     52     0.003284     0.005836     0.004527 
2000-2005     53     0.003612     0.006465     0.004999 
2000-2005     54     0.003986     0.007202     0.005550 
2000-2005     55     0.004258     0.007795     0.005978 
2000-2005     56     0.004869     0.008888     0.006818 
2000-2005     57     0.005277     0.009783     0.007454 
2000-2005     58     0.005829     0.010876     0.008255 
2000-2005     59     0.006368     0.011464     0.008807 
2000-2005     60     0.007257     0.013135     0.010060 
2000-2005     61     0.007749     0.013827     0.010630 
2000-2005     62     0.008673     0.014996     0.011653 
2000-2005     63     0.008891     0.015858     0.012159 
2000-2005     64     0.009924     0.017709     0.013571 
2000-2005     65     0.010860     0.018958     0.014645 
2000-2005     66     0.012049     0.021001     0.016208 
2000-2005     67     0.013085     0.023221     0.017760 
2000-2005     68     0.014995     0.025909     0.019985 
2000-2005     69     0.016072     0.028816     0.021864 
2000-2005     70     0.018456     0.032532     0.024821 
2000-2005     71     0.019978     0.035316     0.026841 
2000-2005     72     0.022540     0.038984     0.029823 
2000-2005     73     0.024218     0.041706     0.031900 
2000-2005     74     0.026312     0.044890     0.034402 
2000-2005     75     0.029632     0.048447     0.037740 
2000-2005     76     0.033019     0.053431     0.041709 
2000-2005     77     0.037406     0.058594     0.046330 
2000-2005     78     0.042109     0.065519     0.051863 
2000-2005     79     0.047335     0.071019     0.057073 
2000-2005     80     0.054009     0.080749     0.064832 
2000-2005     81     0.057447     0.083947     0.067945 
2000-2005     82     0.064755     0.094421     0.076207 
2000-2005     83     0.074551     0.102077     0.084927 
2000-2005     84     0.078348     0.108973     0.089707 
2000-2005     85     0.086384     0.113683     0.096355 
2000-2005     86     0.095633     0.123261     0.105521 
2000-2005     87     0.107428     0.130066     0.115378 
2000-2005     88     0.118305     0.139393     0.125599 
2000-2005     89     0.129629     0.149176     0.136282 
2000-2005     90     0.141633     0.156880     0.146686 
2000-2005     91     0.161204     0.176768     0.166172 
2000-2005     92     0.175922     0.194555     0.181656 
2000-2005     93     0.200535     0.218233     0.205769 
2000-2005     94     0.225615     0.252756     0.233257 
2000-2005     95     0.240342     0.275938     0.249791 
2000-2005     96     0.267242     0.285245     0.271786 
2000-2005     97     0.284611     0.342985     0.298623 
2000-2005     98     0.320099     0.362431     0.329595 
2000-2005     99     0.341254     0.358350     0.344873 
2000-2005    100     0.398670     0.499414     0.418675 
2000-2005    101     0.393086     0.475610     0.408194 
2000-2005    102     0.442621     0.488532     0.450466 
2000-2005    103     0.455307     0.533912     0.467830 
2000-2005    104     0.456329     0.428103     0.451989 
2000-2005    105     0.572905     0.807650     0.606343 
2000-2005    106     0.641452     1.200646     0.697000 
2000-2005    107     0.732763     2.075984     0.790225 
2000-2005    108     0.892770     6.000000     0.911372 
2000-2005    109     1.354839            .     1.354839 
2000-2005    110+    3.741176            .     3.741176 
