Spain, Death rates (period 1x10)     Last modified: 16-Mar-2016, MPv5 (May07)

   Year      Age       Female       Male         Total
1908-1909      0     0.162603     0.193107     0.178171 
1908-1909      1     0.081034     0.084260     0.082664 
1908-1909      2     0.043184     0.044325     0.043759 
1908-1909      3     0.024581     0.025310     0.024949 
1908-1909      4     0.016594     0.016545     0.016570 
1908-1909      5     0.010840     0.010897     0.010869 
1908-1909      6     0.009147     0.008623     0.008883 
1908-1909      7     0.006064     0.005941     0.006002 
1908-1909      8     0.004741     0.004579     0.004660 
1908-1909      9     0.003804     0.003835     0.003819 
1908-1909     10     0.003668     0.003355     0.003512 
1908-1909     11     0.003354     0.003099     0.003226 
1908-1909     12     0.003619     0.003344     0.003482 
1908-1909     13     0.003727     0.003416     0.003574 
1908-1909     14     0.004632     0.003934     0.004292 
1908-1909     15     0.004720     0.003855     0.004300 
1908-1909     16     0.005341     0.004359     0.004871 
1908-1909     17     0.005743     0.006101     0.005909 
1908-1909     18     0.006686     0.007700     0.007150 
1908-1909     19     0.006118     0.007241     0.006650 
1908-1909     20     0.007264     0.007226     0.007246 
1908-1909     21     0.006223     0.006599     0.006407 
1908-1909     22     0.008220     0.008358     0.008286 
1908-1909     23     0.007495     0.008167     0.007810 
1908-1909     24     0.008243     0.008260     0.008251 
1908-1909     25     0.008161     0.008040     0.008103 
1908-1909     26     0.008431     0.007699     0.008081 
1908-1909     27     0.007182     0.006914     0.007056 
1908-1909     28     0.008126     0.007673     0.007915 
1908-1909     29     0.006650     0.006559     0.006607 
1908-1909     30     0.014235     0.010327     0.012333 
1908-1909     31     0.006177     0.005947     0.006066 
1908-1909     32     0.009970     0.008707     0.009364 
1908-1909     33     0.008354     0.008490     0.008418 
1908-1909     34     0.008997     0.008368     0.008700 
1908-1909     35     0.009860     0.010114     0.009981 
1908-1909     36     0.010528     0.009757     0.010158 
1908-1909     37     0.006822     0.007196     0.007001 
1908-1909     38     0.007927     0.008470     0.008186 
1908-1909     39     0.006605     0.007522     0.007048 
1908-1909     40     0.020203     0.018207     0.019223 
1908-1909     41     0.006846     0.007935     0.007377 
1908-1909     42     0.011487     0.013109     0.012280 
1908-1909     43     0.007215     0.009407     0.008288 
1908-1909     44     0.010300     0.012173     0.011211 
1908-1909     45     0.013317     0.016986     0.015089 
1908-1909     46     0.011355     0.014418     0.012841 
1908-1909     47     0.007246     0.011191     0.009140 
1908-1909     48     0.009529     0.013696     0.011506 
1908-1909     49     0.008522     0.011882     0.010146 
1908-1909     50     0.030141     0.030234     0.030187 
1908-1909     51     0.009747     0.013453     0.011550 
1908-1909     52     0.015849     0.020858     0.018243 
1908-1909     53     0.011361     0.015841     0.013504 
1908-1909     54     0.017144     0.022210     0.019568 
1908-1909     55     0.021081     0.026292     0.023560 
1908-1909     56     0.021674     0.028395     0.024882 
1908-1909     57     0.012972     0.018656     0.015608 
1908-1909     58     0.015953     0.021719     0.018565 
1908-1909     59     0.013965     0.021611     0.017545 
1908-1909     60     0.075741     0.064400     0.070138 
1908-1909     61     0.020248     0.026531     0.023328 
1908-1909     62     0.035227     0.042755     0.038849 
1908-1909     63     0.029161     0.036190     0.032528 
1908-1909     64     0.044925     0.050144     0.047468 
1908-1909     65     0.056810     0.061153     0.058929 
1908-1909     66     0.055511     0.062490     0.058861 
1908-1909     67     0.037849     0.047859     0.042517 
1908-1909     68     0.045118     0.055121     0.049699 
1908-1909     69     0.033079     0.043717     0.038065 
1908-1909     70     0.203291     0.163242     0.183627 
1908-1909     71     0.052764     0.059495     0.056102 
1908-1909     72     0.103083     0.101300     0.102207 
1908-1909     73     0.074298     0.083209     0.078588 
1908-1909     74     0.102730     0.112528     0.107418 
1908-1909     75     0.147107     0.148117     0.147595 
1908-1909     76     0.134541     0.139204     0.136788 
1908-1909     77     0.093586     0.123609     0.107083 
1908-1909     78     0.116566     0.153685     0.132267 
1908-1909     79     0.079430     0.113419     0.094005 
1908-1909     80     0.267153     0.266643     0.266939 
1908-1909     81     0.077153     0.096197     0.085125 
1908-1909     82     0.145550     0.179510     0.159540 
1908-1909     83     0.119062     0.151220     0.132033 
1908-1909     84     0.196474     0.239309     0.213401 
1908-1909     85     0.200919     0.235620     0.214329 
1908-1909     86     0.192062     0.243977     0.211662 
1908-1909     87     0.170372     0.225809     0.190835 
1908-1909     88     0.211608     0.295006     0.241693 
1908-1909     89     0.168976     0.230749     0.190511 
1908-1909     90     0.395259     0.417697     0.402816 
1908-1909     91     0.128638     0.163908     0.140064 
1908-1909     92     0.200042     0.225253     0.207877 
1908-1909     93     0.191989     0.231561     0.203898 
1908-1909     94     0.240657     0.237305     0.239660 
1908-1909     95     0.306609     0.322821     0.311422 
1908-1909     96     0.341182     0.380577     0.352400 
1908-1909     97     0.347482     0.352317     0.348766 
1908-1909     98     0.427344     0.436802     0.429730 
1908-1909     99     0.334912     0.407323     0.351914 
1908-1909    100     0.561508     0.575446     0.564434 
1908-1909    101     0.339722     0.458032     0.363971 
1908-1909    102     0.348215     0.467126     0.372544 
1908-1909    103     0.364622     0.539553     0.396232 
1908-1909    104     0.381081     0.708120     0.427723 
1908-1909    105     0.405200     1.044643     0.470356 
1908-1909    106     0.452968     1.325740     0.507633 
1908-1909    107     0.538484     6.000000     0.591524 
1908-1909    108     0.532895            .     0.532895 
1908-1909    109     0.995902            .     0.995902 
1908-1909    110+    6.000000            .     6.000000 
1910-1919      0     0.163307     0.187489     0.175830 
1910-1919      1     0.079087     0.081316     0.080228 
1910-1919      2     0.041993     0.042832     0.042420 
1910-1919      3     0.024587     0.024559     0.024573 
1910-1919      4     0.016547     0.016414     0.016479 
1910-1919      5     0.011467     0.011459     0.011463 
1910-1919      6     0.009670     0.008967     0.009316 
1910-1919      7     0.006592     0.006298     0.006444 
1910-1919      8     0.005306     0.004952     0.005128 
1910-1919      9     0.004515     0.004257     0.004385 
1910-1919     10     0.004303     0.004033     0.004168 
1910-1919     11     0.003820     0.003507     0.003664 
1910-1919     12     0.004092     0.003692     0.003893 
1910-1919     13     0.004011     0.003479     0.003747 
1910-1919     14     0.004946     0.004105     0.004531 
1910-1919     15     0.005373     0.004443     0.004916 
1910-1919     16     0.005893     0.005144     0.005526 
1910-1919     17     0.006628     0.006589     0.006609 
1910-1919     18     0.007540     0.008156     0.007839 
1910-1919     19     0.006700     0.007516     0.007093 
1910-1919     20     0.008076     0.007856     0.007971 
1910-1919     21     0.006807     0.007633     0.007201 
1910-1919     22     0.009351     0.009441     0.009394 
1910-1919     23     0.008836     0.009063     0.008944 
1910-1919     24     0.009426     0.008836     0.009146 
1910-1919     25     0.009401     0.008908     0.009167 
1910-1919     26     0.009693     0.008851     0.009292 
1910-1919     27     0.008994     0.008753     0.008879 
1910-1919     28     0.010805     0.009771     0.010311 
1910-1919     29     0.007576     0.007644     0.007609 
1910-1919     30     0.013145     0.010971     0.012107 
1910-1919     31     0.006324     0.006633     0.006471 
1910-1919     32     0.010648     0.009873     0.010278 
1910-1919     33     0.009550     0.009909     0.009722 
1910-1919     34     0.010024     0.009696     0.009867 
1910-1919     35     0.010819     0.010534     0.010683 
1910-1919     36     0.010812     0.010298     0.010566 
1910-1919     37     0.008157     0.008852     0.008489 
1910-1919     38     0.011115     0.011376     0.011240 
1910-1919     39     0.007333     0.008631     0.007955 
1910-1919     40     0.017199     0.016534     0.016880 
1910-1919     41     0.006251     0.007762     0.006975 
1910-1919     42     0.011556     0.013643     0.012557 
1910-1919     43     0.008202     0.010274     0.009198 
1910-1919     44     0.010403     0.012803     0.011560 
1910-1919     45     0.012903     0.016461     0.014622 
1910-1919     46     0.010582     0.013782     0.012129 
1910-1919     47     0.008602     0.012327     0.010403 
1910-1919     48     0.012849     0.016891     0.014804 
1910-1919     49     0.008406     0.012600     0.010432 
1910-1919     50     0.023751     0.025886     0.024782 
1910-1919     51     0.008165     0.012374     0.010198 
1910-1919     52     0.015452     0.020839     0.018052 
1910-1919     53     0.011749     0.017049     0.014300 
1910-1919     54     0.016400     0.021522     0.018856 
1910-1919     55     0.018728     0.024212     0.021351 
1910-1919     56     0.020112     0.025461     0.022664 
1910-1919     57     0.015160     0.021440     0.018145 
1910-1919     58     0.022740     0.030102     0.026224 
1910-1919     59     0.015338     0.023439     0.019152 
1910-1919     60     0.055991     0.055309     0.055671 
1910-1919     61     0.017213     0.024532     0.020654 
1910-1919     62     0.033443     0.042147     0.037532 
1910-1919     63     0.029403     0.039276     0.034037 
1910-1919     64     0.040488     0.048633     0.044304 
1910-1919     65     0.050725     0.058022     0.054145 
1910-1919     66     0.047253     0.056746     0.051707 
1910-1919     67     0.041647     0.052844     0.046892 
1910-1919     68     0.058194     0.066969     0.062294 
1910-1919     69     0.036501     0.047909     0.041838 
1910-1919     70     0.150759     0.134659     0.143188 
1910-1919     71     0.044508     0.055155     0.049539 
1910-1919     72     0.093108     0.104932     0.098680 
1910-1919     73     0.077659     0.095053     0.085824 
1910-1919     74     0.104666     0.120020     0.111842 
1910-1919     75     0.141555     0.152342     0.146567 
1910-1919     76     0.130156     0.144870     0.136937 
1910-1919     77     0.113755     0.143819     0.127450 
1910-1919     78     0.172984     0.203202     0.186495 
1910-1919     79     0.100729     0.132316     0.114556 
1910-1919     80     0.265920     0.265838     0.265886 
1910-1919     81     0.078848     0.106081     0.089857 
1910-1919     82     0.153491     0.186014     0.166479 
1910-1919     83     0.116490     0.157628     0.132667 
1910-1919     84     0.196867     0.245205     0.215486 
1910-1919     85     0.211144     0.249589     0.225629 
1910-1919     86     0.208673     0.255869     0.226079 
1910-1919     87     0.177017     0.235824     0.198092 
1910-1919     88     0.233048     0.301719     0.256785 
1910-1919     89     0.159347     0.230867     0.183094 
1910-1919     90     0.429362     0.453920     0.437308 
1910-1919     91     0.139263     0.175076     0.150697 
1910-1919     92     0.233507     0.284350     0.249360 
1910-1919     93     0.197398     0.257134     0.215406 
1910-1919     94     0.244490     0.299498     0.260509 
1910-1919     95     0.323643     0.351125     0.331469 
1910-1919     96     0.369907     0.428066     0.386159 
1910-1919     97     0.332877     0.390078     0.348315 
1910-1919     98     0.507719     0.578362     0.525966 
1910-1919     99     0.434244     0.526695     0.456632 
1910-1919    100     0.482804     0.475126     0.481028 
1910-1919    101     0.491152     0.559963     0.506730 
1910-1919    102     0.519356     0.600577     0.536566 
1910-1919    103     0.546564     0.659281     0.568704 
1910-1919    104     0.587244     0.743762     0.615332 
1910-1919    105     0.632943     0.917010     0.675062 
1910-1919    106     0.695209     1.270504     0.756267 
1910-1919    107     0.820997     2.574431     0.886448 
1910-1919    108     1.035358     6.000000     1.057018 
1910-1919    109     1.197838            .     1.197838 
1910-1919    110+    2.337423            .     2.337423 
1920-1929      0     0.144773     0.164786     0.155110 
1920-1929      1     0.062431     0.063390     0.062923 
1920-1929      2     0.031742     0.032184     0.031967 
1920-1929      3     0.017336     0.017399     0.017368 
1920-1929      4     0.011711     0.011536     0.011623 
1920-1929      5     0.007804     0.008065     0.007936 
1920-1929      6     0.006630     0.006703     0.006667 
1920-1929      7     0.004525     0.004630     0.004578 
1920-1929      8     0.003668     0.003806     0.003737 
1920-1929      9     0.003151     0.003329     0.003240 
1920-1929     10     0.003021     0.003095     0.003058 
1920-1929     11     0.002900     0.002866     0.002883 
1920-1929     12     0.003080     0.002926     0.003003 
1920-1929     13     0.003150     0.002858     0.003004 
1920-1929     14     0.003804     0.003315     0.003560 
1920-1929     15     0.004036     0.003304     0.003672 
1920-1929     16     0.004468     0.003914     0.004194 
1920-1929     17     0.005120     0.004965     0.005043 
1920-1929     18     0.005906     0.006128     0.006015 
1920-1929     19     0.005328     0.005931     0.005622 
1920-1929     20     0.006058     0.006168     0.006112 
1920-1929     21     0.005072     0.005948     0.005496 
1920-1929     22     0.006870     0.007013     0.006939 
1920-1929     23     0.006463     0.007074     0.006758 
1920-1929     24     0.006790     0.006935     0.006860 
1920-1929     25     0.006749     0.006941     0.006842 
1920-1929     26     0.006916     0.006745     0.006834 
1920-1929     27     0.006606     0.006718     0.006660 
1920-1929     28     0.007701     0.007179     0.007451 
1920-1929     29     0.005639     0.005963     0.005794 
1920-1929     30     0.009003     0.007737     0.008397 
1920-1929     31     0.004687     0.005025     0.004849 
1920-1929     32     0.007473     0.007244     0.007363 
1920-1929     33     0.007001     0.007540     0.007259 
1920-1929     34     0.007214     0.007310     0.007260 
1920-1929     35     0.007972     0.008182     0.008073 
1920-1929     36     0.007809     0.008079     0.007939 
1920-1929     37     0.006568     0.007561     0.007046 
1920-1929     38     0.008566     0.009341     0.008939 
1920-1929     39     0.006009     0.007479     0.006717 
1920-1929     40     0.012339     0.013127     0.012719 
1920-1929     41     0.005141     0.006724     0.005903 
1920-1929     42     0.009369     0.011929     0.010598 
1920-1929     43     0.006697     0.009337     0.007963 
1920-1929     44     0.008139     0.011253     0.009630 
1920-1929     45     0.010482     0.014568     0.012437 
1920-1929     46     0.008592     0.012298     0.010363 
1920-1929     47     0.007627     0.011450     0.009453 
1920-1929     48     0.010702     0.015639     0.013059 
1920-1929     49     0.007547     0.012258     0.009793 
1920-1929     50     0.017663     0.022853     0.020136 
1920-1929     51     0.007175     0.011391     0.009180 
1920-1929     52     0.012988     0.019573     0.016114 
1920-1929     53     0.010429     0.016519     0.013319 
1920-1929     54     0.013715     0.019876     0.016645 
1920-1929     55     0.016208     0.023338     0.019605 
1920-1929     56     0.016786     0.023849     0.020152 
1920-1929     57     0.013273     0.020794     0.016857 
1920-1929     58     0.020058     0.028413     0.024037 
1920-1929     59     0.014093     0.023588     0.018598 
1920-1929     60     0.042741     0.048217     0.045333 
1920-1929     61     0.015165     0.023328     0.019027 
1920-1929     62     0.029312     0.040132     0.034422 
1920-1929     63     0.026558     0.038637     0.032240 
1920-1929     64     0.034688     0.044985     0.039514 
1920-1929     65     0.044794     0.055284     0.049692 
1920-1929     66     0.040922     0.053481     0.046758 
1920-1929     67     0.038284     0.052543     0.044881 
1920-1929     68     0.051988     0.062239     0.056711 
1920-1929     69     0.033617     0.046230     0.039395 
1920-1929     70     0.113495     0.109937     0.111867 
1920-1929     71     0.038827     0.052519     0.045079 
1920-1929     72     0.081809     0.098118     0.089210 
1920-1929     73     0.070148     0.091762     0.079892 
1920-1929     74     0.089604     0.111987     0.099619 
1920-1929     75     0.125196     0.144779     0.133900 
1920-1929     76     0.113931     0.135281     0.123354 
1920-1929     77     0.109508     0.140990     0.123242 
1920-1929     78     0.160974     0.194230     0.175259 
1920-1929     79     0.096197     0.130540     0.110703 
1920-1929     80     0.218473     0.233192     0.224195 
1920-1929     81     0.074497     0.104195     0.085952 
1920-1929     82     0.143179     0.177552     0.156253 
1920-1929     83     0.114057     0.156521     0.129924 
1920-1929     84     0.179051     0.233891     0.199055 
1920-1929     85     0.201800     0.246196     0.217554 
1920-1929     86     0.193399     0.244393     0.211033 
1920-1929     87     0.175441     0.235646     0.195626 
1920-1929     88     0.212410     0.296031     0.239316 
1920-1929     89     0.160296     0.231459     0.182119 
1920-1929     90     0.380736     0.400677     0.386675 
1920-1929     91     0.126113     0.161299     0.136479 
1920-1929     92     0.221058     0.272824     0.236008 
1920-1929     93     0.204083     0.269830     0.222442 
1920-1929     94     0.233413     0.294909     0.249856 
1920-1929     95     0.320516     0.345753     0.327053 
1920-1929     96     0.361473     0.436037     0.380268 
1920-1929     97     0.327549     0.408720     0.346971 
1920-1929     98     0.496929     0.554166     0.509985 
1920-1929     99     0.388512     0.505569     0.413906 
1920-1929    100     0.569066     0.638929     0.583322 
1920-1929    101     0.409371     0.488071     0.424946 
1920-1929    102     0.426122     0.495036     0.439451 
1920-1929    103     0.444930     0.519743     0.458737 
1920-1929    104     0.463711     0.577427     0.482724 
1920-1929    105     0.488673     0.704380     0.519177 
1920-1929    106     0.515742     0.472356     0.511030 
1920-1929    107     0.559110     0.000000     0.498783 
1920-1929    108     0.741354     0.000000     0.647935 
1920-1929    109     0.510107     0.000000     0.404145 
1920-1929    110+    0.000000     0.000000     0.000000 
1930-1939      0     0.122497     0.144561     0.133796 
1930-1939      1     0.041573     0.043849     0.042731 
1930-1939      2     0.018486     0.019314     0.018906 
1930-1939      3     0.010373     0.010722     0.010550 
1930-1939      4     0.007170     0.007393     0.007283 
1930-1939      5     0.005173     0.005559     0.005369 
1930-1939      6     0.004341     0.004601     0.004472 
1930-1939      7     0.003223     0.003598     0.003413 
1930-1939      8     0.002709     0.003084     0.002899 
1930-1939      9     0.002382     0.002796     0.002591 
1930-1939     10     0.002269     0.002608     0.002439 
1930-1939     11     0.002151     0.002438     0.002295 
1930-1939     12     0.002296     0.002570     0.002433 
1930-1939     13     0.002346     0.002436     0.002391 
1930-1939     14     0.002868     0.002975     0.002921 
1930-1939     15     0.003022     0.003120     0.003071 
1930-1939     16     0.003330     0.003734     0.003529 
1930-1939     17     0.003833     0.004884     0.004349 
1930-1939     18     0.004425     0.006795     0.005582 
1930-1939     19     0.004065     0.007275     0.005623 
1930-1939     20     0.004601     0.007936     0.006211 
1930-1939     21     0.004157     0.007869     0.005947 
1930-1939     22     0.005213     0.008561     0.006830 
1930-1939     23     0.005158     0.008646     0.006842 
1930-1939     24     0.005300     0.008519     0.006853 
1930-1939     25     0.005109     0.008522     0.006757 
1930-1939     26     0.005352     0.008108     0.006685 
1930-1939     27     0.005199     0.008135     0.006622 
1930-1939     28     0.005701     0.008628     0.007121 
1930-1939     29     0.004458     0.007149     0.005768 
1930-1939     30     0.006516     0.008607     0.007534 
1930-1939     31     0.003817     0.006153     0.004951 
1930-1939     32     0.005740     0.008231     0.006946 
1930-1939     33     0.005565     0.008184     0.006831 
1930-1939     34     0.005346     0.008071     0.006664 
1930-1939     35     0.006282     0.009244     0.007712 
1930-1939     36     0.006162     0.009767     0.007899 
1930-1939     37     0.005452     0.008478     0.006909 
1930-1939     38     0.006868     0.009233     0.008006 
1930-1939     39     0.005232     0.008681     0.006894 
1930-1939     40     0.009288     0.012572     0.010872 
1930-1939     41     0.004531     0.008086     0.006243 
1930-1939     42     0.007711     0.012464     0.010001 
1930-1939     43     0.005942     0.010290     0.008036 
1930-1939     44     0.006972     0.011615     0.009208 
1930-1939     45     0.009016     0.015320     0.012049 
1930-1939     46     0.007705     0.012857     0.010181 
1930-1939     47     0.007054     0.012671     0.009754 
1930-1939     48     0.009487     0.015867     0.012557 
1930-1939     49     0.007177     0.013264     0.010114 
1930-1939     50     0.014155     0.020887     0.017402 
1930-1939     51     0.006821     0.012868     0.009722 
1930-1939     52     0.011722     0.019434     0.015403 
1930-1939     53     0.009895     0.017499     0.013506 
1930-1939     54     0.012215     0.020176     0.015980 
1930-1939     55     0.014362     0.023288     0.018566 
1930-1939     56     0.015119     0.024257     0.019403 
1930-1939     57     0.012744     0.021984     0.017061 
1930-1939     58     0.018089     0.028488     0.022928 
1930-1939     59     0.013807     0.024853     0.018932 
1930-1939     60     0.032187     0.043151     0.037258 
1930-1939     61     0.015438     0.023738     0.019267 
1930-1939     62     0.025926     0.039251     0.032058 
1930-1939     63     0.024257     0.037498     0.030331 
1930-1939     64     0.030035     0.043041     0.036005 
1930-1939     65     0.040053     0.054474     0.046680 
1930-1939     66     0.036153     0.050894     0.042921 
1930-1939     67     0.036102     0.052420     0.043576 
1930-1939     68     0.045688     0.060531     0.052462 
1930-1939     69     0.032616     0.048158     0.039699 
1930-1939     70     0.088824     0.096917     0.092512 
1930-1939     71     0.038545     0.054628     0.045864 
1930-1939     72     0.073931     0.094693     0.083327 
1930-1939     73     0.065351     0.090671     0.076692 
1930-1939     74     0.082162     0.105881     0.092659 
1930-1939     75     0.108612     0.134699     0.120011 
1930-1939     76     0.101140     0.128849     0.113081 
1930-1939     77     0.098491     0.135593     0.114251 
1930-1939     78     0.145717     0.181933     0.160803 
1930-1939     79     0.093231     0.129322     0.107959 
1930-1939     80     0.193429     0.209730     0.199657 
1930-1939     81     0.080142     0.112791     0.092445 
1930-1939     82     0.143842     0.184566     0.158862 
1930-1939     83     0.118806     0.165166     0.135468 
1930-1939     84     0.179835     0.232388     0.198194 
1930-1939     85     0.197958     0.246799     0.214538 
1930-1939     86     0.196700     0.256009     0.216246 
1930-1939     87     0.185967     0.244223     0.204522 
1930-1939     88     0.225890     0.306403     0.250487 
1930-1939     89     0.182388     0.256209     0.203806 
1930-1939     90     0.359359     0.395297     0.369419 
1930-1939     91     0.141069     0.191862     0.154971 
1930-1939     92     0.230882     0.295863     0.248088 
1930-1939     93     0.201388     0.270247     0.218925 
1930-1939     94     0.228235     0.310467     0.248321 
1930-1939     95     0.287522     0.336214     0.298952 
1930-1939     96     0.334526     0.394660     0.348286 
1930-1939     97     0.319992     0.385409     0.334579 
1930-1939     98     0.461643     0.600976     0.491082 
1930-1939     99     0.417495     0.584410     0.448882 
1930-1939    100     0.570128     0.603424     0.575809 
1930-1939    101     0.291558     0.351016     0.301350 
1930-1939    102     0.392966     0.448274     0.401481 
1930-1939    103     0.381507     0.385357     0.382088 
1930-1939    104     0.363143     0.357138     0.362195 
1930-1939    105     0.506179     0.527076     0.509530 
1930-1939    106     0.381042     0.383971     0.381501 
1930-1939    107     0.416782     0.421913     0.417581 
1930-1939    108     0.340967     0.373444     0.346075 
1930-1939    109     0.241426     0.533256     0.284229 
1930-1939    110+    0.465589     0.994639     0.513037 
1940-1949      0     0.099379     0.116101     0.107938 
1940-1949      1     0.022367     0.022851     0.022614 
1940-1949      2     0.011002     0.011343     0.011176 
1940-1949      3     0.006599     0.006908     0.006756 
1940-1949      4     0.004775     0.005105     0.004943 
1940-1949      5     0.003635     0.003956     0.003798 
1940-1949      6     0.003031     0.003205     0.003119 
1940-1949      7     0.002447     0.002805     0.002628 
1940-1949      8     0.002022     0.002327     0.002176 
1940-1949      9     0.001867     0.002166     0.002018 
1940-1949     10     0.001705     0.002041     0.001874 
1940-1949     11     0.001681     0.001908     0.001795 
1940-1949     12     0.001763     0.001936     0.001850 
1940-1949     13     0.001808     0.001907     0.001857 
1940-1949     14     0.002140     0.002222     0.002181 
1940-1949     15     0.002249     0.002292     0.002270 
1940-1949     16     0.002575     0.002634     0.002605 
1940-1949     17     0.002979     0.003241     0.003109 
1940-1949     18     0.003365     0.004285     0.003821 
1940-1949     19     0.003177     0.004306     0.003735 
1940-1949     20     0.003532     0.005154     0.004331 
1940-1949     21     0.003325     0.005589     0.004432 
1940-1949     22     0.004072     0.006424     0.005209 
1940-1949     23     0.004063     0.006602     0.005281 
1940-1949     24     0.004012     0.006711     0.005297 
1940-1949     25     0.004031     0.006866     0.005372 
1940-1949     26     0.004164     0.006730     0.005370 
1940-1949     27     0.004108     0.006962     0.005441 
1940-1949     28     0.004416     0.007302     0.005757 
1940-1949     29     0.003662     0.006516     0.004981 
1940-1949     30     0.004720     0.007430     0.005972 
1940-1949     31     0.003170     0.005770     0.004382 
1940-1949     32     0.004370     0.007291     0.005742 
1940-1949     33     0.004295     0.007257     0.005695 
1940-1949     34     0.004159     0.006844     0.005431 
1940-1949     35     0.004623     0.007331     0.005911 
1940-1949     36     0.004591     0.007358     0.005911 
1940-1949     37     0.004379     0.006960     0.005614 
1940-1949     38     0.005138     0.007789     0.006410 
1940-1949     39     0.004215     0.007116     0.005603 
1940-1949     40     0.006310     0.009561     0.007856 
1940-1949     41     0.003829     0.007000     0.005338 
1940-1949     42     0.005675     0.009871     0.007670 
1940-1949     43     0.004943     0.008769     0.006761 
1940-1949     44     0.005414     0.009577     0.007391 
1940-1949     45     0.006802     0.011813     0.009182 
1940-1949     46     0.006083     0.010940     0.008388 
1940-1949     47     0.006130     0.011154     0.008505 
1940-1949     48     0.007492     0.013094     0.010128 
1940-1949     49     0.006470     0.012196     0.009160 
1940-1949     50     0.010316     0.017074     0.013489 
1940-1949     51     0.006048     0.012148     0.008919 
1940-1949     52     0.009514     0.017096     0.013089 
1940-1949     53     0.008542     0.016269     0.012181 
1940-1949     54     0.010174     0.017974     0.013833 
1940-1949     55     0.011405     0.020231     0.015526 
1940-1949     56     0.012446     0.021545     0.016674 
1940-1949     57     0.011141     0.020548     0.015493 
1940-1949     58     0.014936     0.025338     0.019733 
1940-1949     59     0.012577     0.023761     0.017706 
1940-1949     60     0.022776     0.034499     0.028100 
1940-1949     61     0.013082     0.023255     0.017672 
1940-1949     62     0.020683     0.033922     0.026627 
1940-1949     63     0.020517     0.035038     0.027011 
1940-1949     64     0.023547     0.038173     0.030046 
1940-1949     65     0.032103     0.047493     0.038899 
1940-1949     66     0.029262     0.044191     0.035826 
1940-1949     67     0.031040     0.047570     0.038263 
1940-1949     68     0.036905     0.052375     0.043613 
1940-1949     69     0.030374     0.046616     0.037357 
1940-1949     70     0.061466     0.074437     0.066994 
1940-1949     71     0.034703     0.051357     0.041772 
1940-1949     72     0.058781     0.080558     0.067970 
1940-1949     73     0.055458     0.080254     0.065864 
1940-1949     74     0.066400     0.090443     0.076450 
1940-1949     75     0.084416     0.110398     0.095218 
1940-1949     76     0.083869     0.110196     0.094744 
1940-1949     77     0.084489     0.118576     0.098424 
1940-1949     78     0.116377     0.153284     0.131218 
1940-1949     79     0.084919     0.118074     0.097993 
1940-1949     80     0.157321     0.177010     0.164750 
1940-1949     81     0.083414     0.115520     0.095367 
1940-1949     82     0.135114     0.178024     0.150737 
1940-1949     83     0.123543     0.166608     0.138778 
1940-1949     84     0.169483     0.223797     0.188061 
1940-1949     85     0.185863     0.232474     0.201213 
1940-1949     86     0.192172     0.242071     0.208010 
1940-1949     87     0.188579     0.245054     0.205802 
1940-1949     88     0.221679     0.291438     0.241993 
1940-1949     89     0.195179     0.272488     0.216465 
1940-1949     90     0.315917     0.345339     0.323665 
1940-1949     91     0.157305     0.205761     0.169700 
1940-1949     92     0.245180     0.308791     0.260794 
1940-1949     93     0.232910     0.309208     0.250665 
1940-1949     94     0.253369     0.301572     0.264038 
1940-1949     95     0.308772     0.346801     0.316905 
1940-1949     96     0.356006     0.416899     0.368532 
1940-1949     97     0.362653     0.430675     0.375903 
1940-1949     98     0.508122     0.596252     0.524335 
1940-1949     99     0.443232     0.578587     0.466264 
1940-1949    100     0.530914     0.661624     0.550894 
1940-1949    101     0.304014     0.364545     0.312602 
1940-1949    102     0.422648     0.472229     0.429605 
1940-1949    103     0.451957     0.393519     0.443580 
1940-1949    104     0.448785     0.536402     0.461273 
1940-1949    105     0.433732     0.604780     0.455846 
1940-1949    106     0.393040     0.411697     0.395347 
1940-1949    107     0.352277     0.411584     0.360059 
1940-1949    108     0.294985     0.250176     0.288921 
1940-1949    109     0.207723     0.297008     0.218974 
1940-1949    110+    0.442232     0.352426     0.431748 
1950-1959      0     0.054347     0.066010     0.060321 
1950-1959      1     0.007831     0.007874     0.007853 
1950-1959      2     0.004198     0.004470     0.004337 
1950-1959      3     0.002595     0.002710     0.002654 
1950-1959      4     0.001837     0.002045     0.001944 
1950-1959      5     0.001398     0.001587     0.001495 
1950-1959      6     0.001229     0.001399     0.001316 
1950-1959      7     0.001018     0.001188     0.001105 
1950-1959      8     0.000872     0.001000     0.000938 
1950-1959      9     0.000751     0.000928     0.000841 
1950-1959     10     0.000749     0.000954     0.000853 
1950-1959     11     0.000671     0.000846     0.000760 
1950-1959     12     0.000717     0.000858     0.000789 
1950-1959     13     0.000740     0.000892     0.000818 
1950-1959     14     0.000844     0.001054     0.000950 
1950-1959     15     0.000846     0.001094     0.000971 
1950-1959     16     0.000949     0.001163     0.001057 
1950-1959     17     0.001059     0.001357     0.001209 
1950-1959     18     0.001148     0.001654     0.001402 
1950-1959     19     0.001124     0.001671     0.001398 
1950-1959     20     0.001329     0.001844     0.001586 
1950-1959     21     0.001231     0.001801     0.001515 
1950-1959     22     0.001494     0.001985     0.001737 
1950-1959     23     0.001511     0.001968     0.001737 
1950-1959     24     0.001538     0.002158     0.001844 
1950-1959     25     0.001596     0.002253     0.001920 
1950-1959     26     0.001689     0.002286     0.001983 
1950-1959     27     0.001816     0.002382     0.002094 
1950-1959     28     0.001856     0.002512     0.002178 
1950-1959     29     0.001686     0.002270     0.001972 
1950-1959     30     0.001985     0.002604     0.002287 
1950-1959     31     0.001600     0.002298     0.001938 
1950-1959     32     0.002035     0.002680     0.002346 
1950-1959     33     0.001999     0.002703     0.002337 
1950-1959     34     0.002069     0.002716     0.002378 
1950-1959     35     0.002197     0.002972     0.002565 
1950-1959     36     0.002367     0.003061     0.002694 
1950-1959     37     0.002356     0.003154     0.002730 
1950-1959     38     0.002762     0.003551     0.003130 
1950-1959     39     0.002476     0.003451     0.002931 
1950-1959     40     0.003339     0.004274     0.003778 
1950-1959     41     0.002463     0.003547     0.002973 
1950-1959     42     0.003431     0.004843     0.004097 
1950-1959     43     0.003077     0.004507     0.003752 
1950-1959     44     0.003331     0.005009     0.004123 
1950-1959     45     0.003851     0.005721     0.004736 
1950-1959     46     0.003948     0.005694     0.004775 
1950-1959     47     0.003909     0.006203     0.004998 
1950-1959     48     0.004812     0.007293     0.005990 
1950-1959     49     0.004339     0.007181     0.005685 
1950-1959     50     0.005926     0.009262     0.007502 
1950-1959     51     0.004687     0.008109     0.006301 
1950-1959     52     0.006611     0.010425     0.008406 
1950-1959     53     0.006210     0.010998     0.008457 
1950-1959     54     0.007226     0.012015     0.009467 
1950-1959     55     0.007465     0.012960     0.010027 
1950-1959     56     0.008581     0.014351     0.011258 
1950-1959     57     0.008527     0.014991     0.011508 
1950-1959     58     0.010638     0.017770     0.013904 
1950-1959     59     0.010109     0.017895     0.013656 
1950-1959     60     0.014439     0.021856     0.017806 
1950-1959     61     0.011307     0.019175     0.014862 
1950-1959     62     0.015736     0.025084     0.019937 
1950-1959     63     0.016735     0.027585     0.021574 
1950-1959     64     0.018760     0.029869     0.023675 
1950-1959     65     0.022842     0.033983     0.027737 
1950-1959     66     0.022763     0.034093     0.027706 
1950-1959     67     0.025936     0.038780     0.031504 
1950-1959     68     0.029570     0.042098     0.034972 
1950-1959     69     0.027829     0.041569     0.033719 
1950-1959     70     0.042528     0.055023     0.047857 
1950-1959     71     0.034193     0.048625     0.040305 
1950-1959     72     0.049771     0.066984     0.056999 
1950-1959     73     0.050168     0.069561     0.058222 
1950-1959     74     0.058689     0.078049     0.066630 
1950-1959     75     0.066021     0.086175     0.074185 
1950-1959     76     0.071267     0.092474     0.079733 
1950-1959     77     0.076572     0.100735     0.086054 
1950-1959     78     0.096098     0.124275     0.106949 
1950-1959     79     0.083195     0.112014     0.094037 
1950-1959     80     0.119557     0.142719     0.128051 
1950-1959     81     0.089412     0.117311     0.099478 
1950-1959     82     0.126168     0.161343     0.138624 
1950-1959     83     0.124293     0.161580     0.137228 
1950-1959     84     0.160480     0.201163     0.174293 
1950-1959     85     0.165297     0.202017     0.177494 
1950-1959     86     0.183529     0.226993     0.197631 
1950-1959     87     0.186743     0.232178     0.201069 
1950-1959     88     0.213148     0.270730     0.230674 
1950-1959     89     0.200903     0.253255     0.216196 
1950-1959     90     0.267508     0.302259     0.277310 
1950-1959     91     0.174508     0.222731     0.187650 
1950-1959     92     0.249505     0.307927     0.264748 
1950-1959     93     0.248156     0.302433     0.261633 
1950-1959     94     0.274946     0.323126     0.286345 
1950-1959     95     0.296909     0.322875     0.302816 
1950-1959     96     0.364144     0.404729     0.373046 
1950-1959     97     0.354660     0.391033     0.362266 
1950-1959     98     0.517803     0.544748     0.523205 
1950-1959     99     0.475661     0.552661     0.490229 
1950-1959    100     0.475786     0.435868     0.468596 
1950-1959    101     0.300877     0.304405     0.301512 
1950-1959    102     0.435028     0.265341     0.403812 
1950-1959    103     0.428690     0.262232     0.395154 
1950-1959    104     0.419809     0.316883     0.397982 
1950-1959    105     0.459042     0.318083     0.428138 
1950-1959    106     0.443996     0.177198     0.378681 
1950-1959    107     0.352050     0.186414     0.308465 
1950-1959    108     0.305705     0.222659     0.284425 
1950-1959    109     0.268439     0.241549     0.261885 
1950-1959    110+    0.358258     0.247786     0.332960 
1960-1969      0     0.034667     0.044268     0.039585 
1960-1969      1     0.002225     0.002434     0.002332 
1960-1969      2     0.001269     0.001498     0.001386 
1960-1969      3     0.000864     0.001031     0.000949 
1960-1969      4     0.000693     0.000918     0.000808 
1960-1969      5     0.000534     0.000729     0.000633 
1960-1969      6     0.000494     0.000661     0.000579 
1960-1969      7     0.000453     0.000597     0.000526 
1960-1969      8     0.000402     0.000551     0.000478 
1960-1969      9     0.000347     0.000528     0.000439 
1960-1969     10     0.000344     0.000471     0.000409 
1960-1969     11     0.000347     0.000451     0.000400 
1960-1969     12     0.000426     0.000522     0.000475 
1960-1969     13     0.000359     0.000518     0.000440 
1960-1969     14     0.000388     0.000639     0.000516 
1960-1969     15     0.000397     0.000666     0.000534 
1960-1969     16     0.000428     0.000750     0.000591 
1960-1969     17     0.000444     0.000868     0.000659 
1960-1969     18     0.000479     0.001023     0.000755 
1960-1969     19     0.000497     0.001142     0.000824 
1960-1969     20     0.000522     0.001173     0.000852 
1960-1969     21     0.000534     0.001181     0.000863 
1960-1969     22     0.000667     0.001092     0.000884 
1960-1969     23     0.000654     0.001178     0.000919 
1960-1969     24     0.000729     0.001335     0.001034 
1960-1969     25     0.000760     0.001362     0.001062 
1960-1969     26     0.000840     0.001357     0.001098 
1960-1969     27     0.000886     0.001421     0.001152 
1960-1969     28     0.000962     0.001484     0.001221 
1960-1969     29     0.000961     0.001457     0.001206 
1960-1969     30     0.001022     0.001570     0.001292 
1960-1969     31     0.000971     0.001486     0.001224 
1960-1969     32     0.001147     0.001763     0.001450 
1960-1969     33     0.001167     0.001809     0.001483 
1960-1969     34     0.001254     0.001883     0.001564 
1960-1969     35     0.001358     0.001921     0.001635 
1960-1969     36     0.001374     0.002148     0.001755 
1960-1969     37     0.001471     0.002293     0.001875 
1960-1969     38     0.001664     0.002511     0.002080 
1960-1969     39     0.001651     0.002617     0.002125 
1960-1969     40     0.001971     0.002914     0.002432 
1960-1969     41     0.001798     0.002910     0.002340 
1960-1969     42     0.002268     0.003588     0.002908 
1960-1969     43     0.002243     0.003492     0.002846 
1960-1969     44     0.002461     0.004038     0.003218 
1960-1969     45     0.002680     0.004319     0.003463 
1960-1969     46     0.002919     0.004670     0.003750 
1960-1969     47     0.003133     0.005116     0.004069 
1960-1969     48     0.003574     0.005815     0.004625 
1960-1969     49     0.003595     0.005988     0.004712 
1960-1969     50     0.004287     0.006834     0.005473 
1960-1969     51     0.004066     0.006969     0.005421 
1960-1969     52     0.004977     0.008538     0.006643 
1960-1969     53     0.005100     0.008939     0.006898 
1960-1969     54     0.005751     0.009951     0.007718 
1960-1969     55     0.005747     0.010544     0.007991 
1960-1969     56     0.006668     0.012077     0.009198 
1960-1969     57     0.007000     0.012834     0.009725 
1960-1969     58     0.008314     0.014622     0.011254 
1960-1969     59     0.008509     0.016102     0.012028 
1960-1969     60     0.010412     0.018445     0.014109 
1960-1969     61     0.009829     0.018499     0.013796 
1960-1969     62     0.012463     0.022335     0.016947 
1960-1969     63     0.013308     0.023894     0.018078 
1960-1969     64     0.014951     0.026818     0.020256 
1960-1969     65     0.017036     0.029680     0.022640 
1960-1969     66     0.018104     0.031187     0.023857 
1960-1969     67     0.020846     0.035221     0.027111 
1960-1969     68     0.023977     0.039353     0.030611 
1960-1969     69     0.024281     0.040799     0.031356 
1960-1969     70     0.030681     0.047631     0.037898 
1960-1969     71     0.029935     0.046722     0.037022 
1960-1969     72     0.039653     0.059794     0.048081 
1960-1969     73     0.042242     0.062477     0.050621 
1960-1969     74     0.048720     0.070584     0.057666 
1960-1969     75     0.053751     0.075917     0.062713 
1960-1969     76     0.059341     0.082681     0.068679 
1960-1969     77     0.064825     0.090224     0.074873 
1960-1969     78     0.079946     0.105216     0.089809 
1960-1969     79     0.079290     0.106310     0.089704 
1960-1969     80     0.095574     0.122427     0.105591 
1960-1969     81     0.090291     0.122580     0.102122 
1960-1969     82     0.116083     0.148238     0.127619 
1960-1969     83     0.119045     0.153019     0.130959 
1960-1969     84     0.143994     0.179515     0.156148 
1960-1969     85     0.151026     0.185687     0.162577 
1960-1969     86     0.165522     0.205684     0.178523 
1960-1969     87     0.177369     0.219172     0.190474 
1960-1969     88     0.200612     0.246341     0.214481 
1960-1969     89     0.208083     0.255474     0.221960 
1960-1969     90     0.238865     0.279961     0.250490 
1960-1969     91     0.208581     0.253308     0.220819 
1960-1969     92     0.262989     0.302507     0.273438 
1960-1969     93     0.261272     0.317061     0.275461 
1960-1969     94     0.292492     0.356710     0.308080 
1960-1969     95     0.288816     0.344245     0.301664 
1960-1969     96     0.359693     0.414196     0.371882 
1960-1969     97     0.358372     0.426137     0.372953 
1960-1969     98     0.458642     0.549712     0.477238 
1960-1969     99     0.508744     0.581241     0.522766 
1960-1969    100     0.481101     0.492069     0.483175 
1960-1969    101     0.370264     0.451640     0.385325 
1960-1969    102     0.477633     0.428417     0.468761 
1960-1969    103     0.414344     0.315989     0.395569 
1960-1969    104     0.423012     0.197504     0.372432 
1960-1969    105     0.430488     0.167248     0.356839 
1960-1969    106     0.329957     0.105746     0.254654 
1960-1969    107     0.158376     0.088860     0.131960 
1960-1969    108     0.081554     0.069412     0.076791 
1960-1969    109     0.058576     0.065304     0.061186 
1960-1969    110+    0.110271     0.056955     0.088979 
1970-1979      0     0.017759     0.022678     0.020291 
1970-1979      1     0.001206     0.001393     0.001302 
1970-1979      2     0.000764     0.000902     0.000835 
1970-1979      3     0.000567     0.000722     0.000647 
1970-1979      4     0.000434     0.000601     0.000520 
1970-1979      5     0.000374     0.000534     0.000456 
1970-1979      6     0.000335     0.000480     0.000409 
1970-1979      7     0.000319     0.000466     0.000394 
1970-1979      8     0.000306     0.000441     0.000375 
1970-1979      9     0.000275     0.000402     0.000340 
1970-1979     10     0.000260     0.000377     0.000320 
1970-1979     11     0.000269     0.000356     0.000314 
1970-1979     12     0.000255     0.000394     0.000326 
1970-1979     13     0.000271     0.000411     0.000343 
1970-1979     14     0.000300     0.000509     0.000407 
1970-1979     15     0.000318     0.000587     0.000455 
1970-1979     16     0.000346     0.000723     0.000537 
1970-1979     17     0.000346     0.000862     0.000607 
1970-1979     18     0.000390     0.001032     0.000715 
1970-1979     19     0.000410     0.001136     0.000778 
1970-1979     20     0.000432     0.001185     0.000814 
1970-1979     21     0.000431     0.001109     0.000774 
1970-1979     22     0.000453     0.001139     0.000800 
1970-1979     23     0.000499     0.001169     0.000838 
1970-1979     24     0.000483     0.001208     0.000849 
1970-1979     25     0.000527     0.001177     0.000854 
1970-1979     26     0.000574     0.001210     0.000894 
1970-1979     27     0.000573     0.001233     0.000905 
1970-1979     28     0.000572     0.001237     0.000906 
1970-1979     29     0.000598     0.001229     0.000914 
1970-1979     30     0.000697     0.001317     0.001007 
1970-1979     31     0.000698     0.001324     0.001011 
1970-1979     32     0.000755     0.001452     0.001102 
1970-1979     33     0.000822     0.001591     0.001205 
1970-1979     34     0.000855     0.001556     0.001203 
1970-1979     35     0.000937     0.001689     0.001310 
1970-1979     36     0.001038     0.001800     0.001416 
1970-1979     37     0.001076     0.001939     0.001503 
1970-1979     38     0.001221     0.002172     0.001691 
1970-1979     39     0.001272     0.002355     0.001807 
1970-1979     40     0.001399     0.002644     0.002014 
1970-1979     41     0.001446     0.002670     0.002050 
1970-1979     42     0.001686     0.003134     0.002401 
1970-1979     43     0.001737     0.003262     0.002490 
1970-1979     44     0.001880     0.003564     0.002711 
1970-1979     45     0.002111     0.003886     0.002986 
1970-1979     46     0.002251     0.004265     0.003243 
1970-1979     47     0.002494     0.004830     0.003643 
1970-1979     48     0.002798     0.005286     0.004020 
1970-1979     49     0.003020     0.005754     0.004361 
1970-1979     50     0.003401     0.006487     0.004908 
1970-1979     51     0.003518     0.006834     0.005129 
1970-1979     52     0.004050     0.007849     0.005884 
1970-1979     53     0.004168     0.008438     0.006215 
1970-1979     54     0.004747     0.009227     0.006880 
1970-1979     55     0.004952     0.010045     0.007359 
1970-1979     56     0.005629     0.011013     0.008153 
1970-1979     57     0.005966     0.012093     0.008815 
1970-1979     58     0.006671     0.013478     0.009809 
1970-1979     59     0.007307     0.014650     0.010663 
1970-1979     60     0.008185     0.016258     0.011855 
1970-1979     61     0.008465     0.017236     0.012445 
1970-1979     62     0.009891     0.019754     0.014358 
1970-1979     63     0.010765     0.021360     0.015551 
1970-1979     64     0.012006     0.023581     0.017213 
1970-1979     65     0.013409     0.026136     0.019101 
1970-1979     66     0.014667     0.028463     0.020797 
1970-1979     67     0.016668     0.031407     0.023174 
1970-1979     68     0.018525     0.034673     0.025606 
1970-1979     69     0.020511     0.038054     0.028123 
1970-1979     70     0.024467     0.042658     0.032270 
1970-1979     71     0.026264     0.046373     0.034805 
1970-1979     72     0.031555     0.052589     0.040373 
1970-1979     73     0.034996     0.057466     0.044294 
1970-1979     74     0.040174     0.063233     0.049590 
1970-1979     75     0.045232     0.069352     0.054953 
1970-1979     76     0.051711     0.077394     0.061905 
1970-1979     77     0.057022     0.083364     0.067301 
1970-1979     78     0.066477     0.094480     0.077219 
1970-1979     79     0.072649     0.102344     0.083852 
1970-1979     80     0.082284     0.113327     0.093640 
1970-1979     81     0.087944     0.120443     0.099595 
1970-1979     82     0.103767     0.137091     0.115474 
1970-1979     83     0.113891     0.149129     0.126006 
1970-1979     84     0.130054     0.165905     0.142105 
1970-1979     85     0.140855     0.174373     0.151888 
1970-1979     86     0.157208     0.191262     0.168207 
1970-1979     87     0.170282     0.208417     0.182345 
1970-1979     88     0.188061     0.228338     0.200507 
1970-1979     89     0.201974     0.244855     0.214863 
1970-1979     90     0.228602     0.263589     0.238842 
1970-1979     91     0.229271     0.276304     0.242602 
1970-1979     92     0.267455     0.310993     0.279380 
1970-1979     93     0.283918     0.317793     0.292930 
1970-1979     94     0.305078     0.353589     0.317558 
1970-1979     95     0.314570     0.352928     0.324012 
1970-1979     96     0.356197     0.377817     0.361337 
1970-1979     97     0.353324     0.374570     0.358222 
1970-1979     98     0.400913     0.395834     0.399784 
1970-1979     99     0.438498     0.470045     0.445246 
1970-1979    100     0.486190     0.557641     0.500295 
1970-1979    101     0.422971     0.440513     0.426271 
1970-1979    102     0.445354     0.420914     0.440777 
1970-1979    103     0.437282     0.381661     0.426591 
1970-1979    104     0.464135     0.403448     0.451786 
1970-1979    105     0.538221     0.411545     0.511340 
1970-1979    106     0.411938     0.307303     0.386266 
1970-1979    107     0.422332     0.348963     0.402924 
1970-1979    108     0.416533     0.405115     0.413040 
1970-1979    109     0.224778     0.343094     0.261741 
1970-1979    110+    0.197808     0.160202     0.180916 
1980-1989      0     0.008755     0.011058     0.009947 
1980-1989      1     0.000776     0.000892     0.000836 
1980-1989      2     0.000483     0.000605     0.000546 
1980-1989      3     0.000330     0.000464     0.000399 
1980-1989      4     0.000274     0.000385     0.000331 
1980-1989      5     0.000245     0.000367     0.000308 
1980-1989      6     0.000217     0.000346     0.000284 
1980-1989      7     0.000217     0.000307     0.000263 
1980-1989      8     0.000200     0.000276     0.000239 
1980-1989      9     0.000184     0.000264     0.000225 
1980-1989     10     0.000183     0.000277     0.000231 
1980-1989     11     0.000175     0.000270     0.000224 
1980-1989     12     0.000203     0.000280     0.000242 
1980-1989     13     0.000186     0.000325     0.000257 
1980-1989     14     0.000236     0.000380     0.000309 
1980-1989     15     0.000272     0.000484     0.000380 
1980-1989     16     0.000304     0.000645     0.000478 
1980-1989     17     0.000319     0.000818     0.000575 
1980-1989     18     0.000372     0.000981     0.000683 
1980-1989     19     0.000388     0.001093     0.000748 
1980-1989     20     0.000382     0.001116     0.000755 
1980-1989     21     0.000382     0.001236     0.000815 
1980-1989     22     0.000374     0.001251     0.000818 
1980-1989     23     0.000399     0.001258     0.000833 
1980-1989     24     0.000420     0.001256     0.000843 
1980-1989     25     0.000426     0.001282     0.000858 
1980-1989     26     0.000435     0.001257     0.000849 
1980-1989     27     0.000445     0.001256     0.000854 
1980-1989     28     0.000461     0.001246     0.000856 
1980-1989     29     0.000463     0.001275     0.000872 
1980-1989     30     0.000507     0.001284     0.000898 
1980-1989     31     0.000536     0.001295     0.000918 
1980-1989     32     0.000563     0.001328     0.000947 
1980-1989     33     0.000597     0.001372     0.000986 
1980-1989     34     0.000639     0.001416     0.001029 
1980-1989     35     0.000714     0.001521     0.001119 
1980-1989     36     0.000748     0.001643     0.001196 
1980-1989     37     0.000798     0.001718     0.001259 
1980-1989     38     0.000829     0.001863     0.001347 
1980-1989     39     0.000943     0.002051     0.001497 
1980-1989     40     0.001014     0.002229     0.001621 
1980-1989     41     0.001101     0.002335     0.001717 
1980-1989     42     0.001213     0.002679     0.001943 
1980-1989     43     0.001330     0.002858     0.002090 
1980-1989     44     0.001421     0.003094     0.002252 
1980-1989     45     0.001587     0.003497     0.002534 
1980-1989     46     0.001715     0.003744     0.002718 
1980-1989     47     0.001889     0.004135     0.002998 
1980-1989     48     0.002077     0.004579     0.003311 
1980-1989     49     0.002253     0.005013     0.003611 
1980-1989     50     0.002540     0.005585     0.004036 
1980-1989     51     0.002662     0.006023     0.004311 
1980-1989     52     0.002894     0.006573     0.004696 
1980-1989     53     0.003121     0.007330     0.005180 
1980-1989     54     0.003400     0.007919     0.005606 
1980-1989     55     0.003748     0.008660     0.006140 
1980-1989     56     0.004030     0.009463     0.006669 
1980-1989     57     0.004442     0.010368     0.007310 
1980-1989     58     0.004787     0.011383     0.007968 
1980-1989     59     0.005360     0.012662     0.008865 
1980-1989     60     0.005961     0.013912     0.009753 
1980-1989     61     0.006524     0.014942     0.010505 
1980-1989     62     0.007239     0.016276     0.011471 
1980-1989     63     0.007906     0.017948     0.012558 
1980-1989     64     0.008761     0.019656     0.013752 
1980-1989     65     0.009710     0.021484     0.015043 
1980-1989     66     0.010658     0.023336     0.016330 
1980-1989     67     0.012160     0.025657     0.018122 
1980-1989     68     0.013501     0.028111     0.019870 
1980-1989     69     0.015282     0.030773     0.021947 
1980-1989     70     0.017220     0.034498     0.024573 
1980-1989     71     0.019337     0.037516     0.027006 
1980-1989     72     0.022169     0.041870     0.030412 
1980-1989     73     0.024963     0.046107     0.033721 
1980-1989     74     0.028597     0.051228     0.037861 
1980-1989     75     0.032326     0.056047     0.041909 
1980-1989     76     0.037036     0.062045     0.047003 
1980-1989     77     0.042261     0.068677     0.052642 
1980-1989     78     0.048006     0.075682     0.058722 
1980-1989     79     0.055344     0.083923     0.066210 
1980-1989     80     0.062399     0.093578     0.073904 
1980-1989     81     0.070397     0.101766     0.081731 
1980-1989     82     0.080328     0.113370     0.091990 
1980-1989     83     0.090323     0.122532     0.101436 
1980-1989     84     0.102944     0.137073     0.114455 
1980-1989     85     0.114517     0.148767     0.125803 
1980-1989     86     0.128218     0.164012     0.139727 
1980-1989     87     0.142814     0.180439     0.154592 
1980-1989     88     0.160335     0.196467     0.171329 
1980-1989     89     0.175855     0.214887     0.187418 
1980-1989     90     0.198313     0.237186     0.209521 
1980-1989     91     0.211613     0.249019     0.222092 
1980-1989     92     0.234884     0.270822     0.244684 
1980-1989     93     0.253716     0.290031     0.263306 
1980-1989     94     0.274741     0.311504     0.284190 
1980-1989     95     0.295278     0.337985     0.305921 
1980-1989     96     0.315625     0.342283     0.322157 
1980-1989     97     0.330563     0.359800     0.337596 
1980-1989     98     0.340047     0.348931     0.342169 
1980-1989     99     0.377891     0.411128     0.385912 
1980-1989    100     0.438791     0.570011     0.468037 
1980-1989    101     0.429568     0.443382     0.432485 
1980-1989    102     0.417913     0.473684     0.429319 
1980-1989    103     0.418128     0.354820     0.404967 
1980-1989    104     0.440678     0.413397     0.434906 
1980-1989    105     0.468421     0.359055     0.444597 
1980-1989    106     0.534340     0.322738     0.484429 
1980-1989    107     0.601695     0.685714     0.623295 
1980-1989    108     0.574307     1.540541     0.726115 
1980-1989    109     1.018182     0.000000     0.848485 
1980-1989    110+    0.670588     0.774194     0.686567 
1990-1999      0     0.005384     0.006598     0.006010 
1990-1999      1     0.000532     0.000581     0.000557 
1990-1999      2     0.000321     0.000377     0.000349 
1990-1999      3     0.000246     0.000307     0.000277 
1990-1999      4     0.000205     0.000266     0.000237 
1990-1999      5     0.000185     0.000226     0.000206 
1990-1999      6     0.000161     0.000236     0.000199 
1990-1999      7     0.000146     0.000210     0.000179 
1990-1999      8     0.000137     0.000196     0.000168 
1990-1999      9     0.000142     0.000187     0.000165 
1990-1999     10     0.000147     0.000187     0.000168 
1990-1999     11     0.000132     0.000208     0.000171 
1990-1999     12     0.000159     0.000193     0.000177 
1990-1999     13     0.000161     0.000253     0.000208 
1990-1999     14     0.000183     0.000314     0.000250 
1990-1999     15     0.000226     0.000382     0.000306 
1990-1999     16     0.000254     0.000566     0.000414 
1990-1999     17     0.000269     0.000712     0.000496 
1990-1999     18     0.000294     0.000837     0.000572 
1990-1999     19     0.000309     0.000938     0.000631 
1990-1999     20     0.000318     0.001023     0.000679 
1990-1999     21     0.000311     0.001063     0.000696 
1990-1999     22     0.000328     0.001122     0.000734 
1990-1999     23     0.000352     0.001187     0.000778 
1990-1999     24     0.000371     0.001208     0.000798 
1990-1999     25     0.000408     0.001336     0.000881 
1990-1999     26     0.000435     0.001389     0.000921 
1990-1999     27     0.000481     0.001535     0.001017 
1990-1999     28     0.000514     0.001618     0.001074 
1990-1999     29     0.000580     0.001815     0.001206 
1990-1999     30     0.000574     0.001920     0.001254 
1990-1999     31     0.000616     0.001930     0.001279 
1990-1999     32     0.000624     0.002006     0.001320 
1990-1999     33     0.000677     0.002046     0.001366 
1990-1999     34     0.000661     0.002045     0.001356 
1990-1999     35     0.000714     0.002036     0.001377 
1990-1999     36     0.000737     0.002029     0.001384 
1990-1999     37     0.000737     0.002095     0.001417 
1990-1999     38     0.000816     0.002097     0.001457 
1990-1999     39     0.000872     0.002226     0.001549 
1990-1999     40     0.000980     0.002314     0.001647 
1990-1999     41     0.000990     0.002427     0.001708 
1990-1999     42     0.001082     0.002543     0.001812 
1990-1999     43     0.001211     0.002813     0.002010 
1990-1999     44     0.001291     0.002968     0.002127 
1990-1999     45     0.001367     0.003322     0.002341 
1990-1999     46     0.001424     0.003575     0.002494 
1990-1999     47     0.001631     0.003839     0.002728 
1990-1999     48     0.001723     0.004152     0.002929 
1990-1999     49     0.001841     0.004628     0.003222 
1990-1999     50     0.002018     0.004931     0.003460 
1990-1999     51     0.002175     0.005323     0.003729 
1990-1999     52     0.002378     0.005793     0.004061 
1990-1999     53     0.002593     0.006493     0.004509 
1990-1999     54     0.002753     0.006974     0.004821 
1990-1999     55     0.002965     0.007666     0.005262 
1990-1999     56     0.003239     0.008384     0.005745 
1990-1999     57     0.003549     0.009102     0.006245 
1990-1999     58     0.003947     0.009977     0.006865 
1990-1999     59     0.004240     0.011015     0.007507 
1990-1999     60     0.004581     0.011939     0.008115 
1990-1999     61     0.005021     0.012974     0.008827 
1990-1999     62     0.005607     0.014130     0.009669 
1990-1999     63     0.006142     0.015493     0.010581 
1990-1999     64     0.006839     0.017056     0.011667 
1990-1999     65     0.007552     0.018629     0.012753 
1990-1999     66     0.008289     0.020405     0.013940 
1990-1999     67     0.009153     0.022581     0.015366 
1990-1999     68     0.010271     0.024690     0.016887 
1990-1999     69     0.011894     0.027068     0.018789 
1990-1999     70     0.013257     0.029841     0.020702 
1990-1999     71     0.014987     0.032576     0.022773 
1990-1999     72     0.016947     0.036189     0.025331 
1990-1999     73     0.019326     0.040101     0.028223 
1990-1999     74     0.021905     0.044337     0.031337 
1990-1999     75     0.025101     0.048772     0.034865 
1990-1999     76     0.028928     0.054024     0.039067 
1990-1999     77     0.033191     0.060420     0.043955 
1990-1999     78     0.038545     0.066206     0.049231 
1990-1999     79     0.044021     0.073463     0.055135 
1990-1999     80     0.049953     0.080661     0.061220 
1990-1999     81     0.056475     0.089886     0.068512 
1990-1999     82     0.064652     0.099435     0.076950 
1990-1999     83     0.074040     0.108953     0.086130 
1990-1999     84     0.084599     0.120705     0.096829 
1990-1999     85     0.096234     0.133117     0.108442 
1990-1999     86     0.109260     0.147586     0.121647 
1990-1999     87     0.123506     0.163406     0.136088 
1990-1999     88     0.139107     0.179587     0.151549 
1990-1999     89     0.156466     0.198898     0.169159 
1990-1999     90     0.176047     0.217542     0.188092 
1990-1999     91     0.196475     0.236637     0.207824 
1990-1999     92     0.215791     0.261247     0.228240 
1990-1999     93     0.239972     0.277919     0.250076 
1990-1999     94     0.266911     0.308751     0.277743 
1990-1999     95     0.287934     0.336232     0.300096 
1990-1999     96     0.310551     0.363112     0.323284 
1990-1999     97     0.344919     0.389398     0.355339 
1990-1999     98     0.371145     0.411449     0.380286 
1990-1999     99     0.395937     0.432513     0.403881 
1990-1999    100     0.435303     0.502292     0.449475 
1990-1999    101     0.443110     0.509231     0.456409 
1990-1999    102     0.469496     0.492747     0.473962 
1990-1999    103     0.516860     0.558467     0.524793 
1990-1999    104     0.484395     0.561859     0.499031 
1990-1999    105     0.585160     0.594059     0.586807 
1990-1999    106     0.482117     0.675497     0.517241 
1990-1999    107     0.524675     0.712329     0.554585 
1990-1999    108     0.631083     0.504202     0.611111 
1990-1999    109     0.642857     0.727273     0.657754 
1990-1999    110+    2.314286     2.285714     2.307692 
2000-2009      0     0.003382     0.004086     0.003745 
2000-2009      1     0.000322     0.000343     0.000332 
2000-2009      2     0.000184     0.000230     0.000208 
2000-2009      3     0.000136     0.000195     0.000166 
2000-2009      4     0.000128     0.000150     0.000139 
2000-2009      5     0.000108     0.000148     0.000129 
2000-2009      6     0.000095     0.000135     0.000116 
2000-2009      7     0.000097     0.000131     0.000114 
2000-2009      8     0.000086     0.000136     0.000112 
2000-2009      9     0.000090     0.000117     0.000104 
2000-2009     10     0.000113     0.000128     0.000121 
2000-2009     11     0.000091     0.000122     0.000107 
2000-2009     12     0.000106     0.000152     0.000129 
2000-2009     13     0.000119     0.000177     0.000149 
2000-2009     14     0.000119     0.000225     0.000173 
2000-2009     15     0.000173     0.000309     0.000243 
2000-2009     16     0.000176     0.000422     0.000303 
2000-2009     17     0.000215     0.000541     0.000383 
2000-2009     18     0.000230     0.000616     0.000428 
2000-2009     19     0.000234     0.000657     0.000451 
2000-2009     20     0.000241     0.000707     0.000480 
2000-2009     21     0.000228     0.000677     0.000458 
2000-2009     22     0.000232     0.000701     0.000472 
2000-2009     23     0.000217     0.000697     0.000463 
2000-2009     24     0.000233     0.000696     0.000470 
2000-2009     25     0.000240     0.000719     0.000486 
2000-2009     26     0.000242     0.000720     0.000487 
2000-2009     27     0.000256     0.000732     0.000501 
2000-2009     28     0.000268     0.000753     0.000518 
2000-2009     29     0.000282     0.000776     0.000536 
2000-2009     30     0.000319     0.000814     0.000574 
2000-2009     31     0.000331     0.000891     0.000620 
2000-2009     32     0.000369     0.000921     0.000653 
2000-2009     33     0.000409     0.000988     0.000707 
2000-2009     34     0.000439     0.001081     0.000769 
2000-2009     35     0.000482     0.001174     0.000836 
2000-2009     36     0.000568     0.001263     0.000923 
2000-2009     37     0.000609     0.001354     0.000989 
2000-2009     38     0.000658     0.001517     0.001095 
2000-2009     39     0.000735     0.001645     0.001197 
2000-2009     40     0.000783     0.001797     0.001297 
2000-2009     41     0.000901     0.001903     0.001407 
2000-2009     42     0.000940     0.002092     0.001521 
2000-2009     43     0.001014     0.002277     0.001650 
2000-2009     44     0.001159     0.002487     0.001826 
2000-2009     45     0.001255     0.002756     0.002008 
2000-2009     46     0.001384     0.002926     0.002156 
2000-2009     47     0.001491     0.003306     0.002398 
2000-2009     48     0.001598     0.003580     0.002588 
2000-2009     49     0.001724     0.003873     0.002795 
2000-2009     50     0.001841     0.004346     0.003088 
2000-2009     51     0.001971     0.004604     0.003279 
2000-2009     52     0.002089     0.005119     0.003592 
2000-2009     53     0.002292     0.005522     0.003890 
2000-2009     54     0.002380     0.006170     0.004251 
2000-2009     55     0.002587     0.006479     0.004504 
2000-2009     56     0.002716     0.007124     0.004882 
2000-2009     57     0.002955     0.007793     0.005326 
2000-2009     58     0.003119     0.008397     0.005698 
2000-2009     59     0.003427     0.009065     0.006175 
2000-2009     60     0.003782     0.010082     0.006842 
2000-2009     61     0.003995     0.010661     0.007220 
2000-2009     62     0.004383     0.011568     0.007845 
2000-2009     63     0.004799     0.012618     0.008549 
2000-2009     64     0.005223     0.013842     0.009336 
2000-2009     65     0.005840     0.015192     0.010281 
2000-2009     66     0.006499     0.016453     0.011201 
2000-2009     67     0.007230     0.018225     0.012391 
2000-2009     68     0.008039     0.019704     0.013476 
2000-2009     69     0.009170     0.022018     0.015112 
2000-2009     70     0.010252     0.024048     0.016579 
2000-2009     71     0.011494     0.026314     0.018232 
2000-2009     72     0.013060     0.029234     0.020341 
2000-2009     73     0.014701     0.032048     0.022429 
2000-2009     74     0.017145     0.035579     0.025261 
2000-2009     75     0.019429     0.039888     0.028313 
2000-2009     76     0.022168     0.044206     0.031597 
2000-2009     77     0.025579     0.049414     0.035609 
2000-2009     78     0.029591     0.055037     0.040108 
2000-2009     79     0.034067     0.061502     0.045180 
2000-2009     80     0.039454     0.068532     0.050942 
2000-2009     81     0.045280     0.076220     0.057176 
2000-2009     82     0.052463     0.085378     0.064749 
2000-2009     83     0.060562     0.094558     0.072864 
2000-2009     84     0.069736     0.105220     0.082177 
2000-2009     85     0.080422     0.117032     0.092838 
2000-2009     86     0.092583     0.131584     0.105339 
2000-2009     87     0.106122     0.146420     0.118832 
2000-2009     88     0.121102     0.162022     0.133531 
2000-2009     89     0.137383     0.178311     0.149356 
2000-2009     90     0.155748     0.199171     0.168054 
2000-2009     91     0.176188     0.219466     0.188109 
2000-2009     92     0.197258     0.243521     0.209656 
2000-2009     93     0.219372     0.269237     0.232308 
2000-2009     94     0.240751     0.291483     0.253441 
2000-2009     95     0.265960     0.319730     0.278958 
2000-2009     96     0.292143     0.346342     0.304762 
2000-2009     97     0.315702     0.377363     0.329500 
2000-2009     98     0.348369     0.393275     0.358086 
2000-2009     99     0.370362     0.434854     0.383834 
2000-2009    100     0.411798     0.487575     0.426855 
2000-2009    101     0.436154     0.484077     0.445235 
2000-2009    102     0.485306     0.538512     0.495182 
2000-2009    103     0.510586     0.501513     0.508935 
2000-2009    104     0.538165     0.557014     0.541602 
2000-2009    105     0.579285     0.666364     0.594853 
2000-2009    106     0.632653     0.663366     0.637726 
2000-2009    107     0.535916     0.820144     0.578220 
2000-2009    108     0.561873     0.387097     0.540646 
2000-2009    109     1.042781     0.800000     1.009217 
2000-2009    110+    0.723529     0.646154     0.711111 
2010-2014      0     0.002760     0.003100     0.002935 
2010-2014      1     0.000241     0.000252     0.000247 
2010-2014      2     0.000152     0.000165     0.000159 
2010-2014      3     0.000098     0.000118     0.000109 
2010-2014      4     0.000093     0.000107     0.000100 
2010-2014      5     0.000088     0.000093     0.000090 
2010-2014      6     0.000071     0.000096     0.000084 
2010-2014      7     0.000074     0.000095     0.000085 
2010-2014      8     0.000056     0.000082     0.000070 
2010-2014      9     0.000075     0.000098     0.000087 
2010-2014     10     0.000059     0.000091     0.000076 
2010-2014     11     0.000078     0.000078     0.000078 
2010-2014     12     0.000085     0.000100     0.000093 
2010-2014     13     0.000093     0.000124     0.000109 
2010-2014     14     0.000095     0.000137     0.000117 
2010-2014     15     0.000091     0.000166     0.000130 
2010-2014     16     0.000116     0.000189     0.000153 
2010-2014     17     0.000133     0.000231     0.000184 
2010-2014     18     0.000160     0.000288     0.000226 
2010-2014     19     0.000163     0.000346     0.000257 
2010-2014     20     0.000157     0.000395     0.000279 
2010-2014     21     0.000143     0.000395     0.000272 
2010-2014     22     0.000153     0.000406     0.000281 
2010-2014     23     0.000167     0.000368     0.000269 
2010-2014     24     0.000143     0.000399     0.000272 
2010-2014     25     0.000175     0.000416     0.000297 
2010-2014     26     0.000168     0.000398     0.000284 
2010-2014     27     0.000189     0.000430     0.000311 
2010-2014     28     0.000185     0.000414     0.000301 
2010-2014     29     0.000212     0.000467     0.000341 
2010-2014     30     0.000232     0.000510     0.000373 
2010-2014     31     0.000249     0.000511     0.000382 
2010-2014     32     0.000258     0.000528     0.000396 
2010-2014     33     0.000275     0.000594     0.000438 
2010-2014     34     0.000302     0.000620     0.000465 
2010-2014     35     0.000334     0.000651     0.000497 
2010-2014     36     0.000384     0.000695     0.000544 
2010-2014     37     0.000450     0.000754     0.000606 
2010-2014     38     0.000493     0.000809     0.000655 
2010-2014     39     0.000531     0.000955     0.000748 
2010-2014     40     0.000608     0.001071     0.000846 
2010-2014     41     0.000643     0.001202     0.000929 
2010-2014     42     0.000726     0.001381     0.001060 
2010-2014     43     0.000855     0.001568     0.001218 
2010-2014     44     0.000968     0.001745     0.001362 
2010-2014     45     0.001033     0.001995     0.001520 
2010-2014     46     0.001126     0.002229     0.001683 
2010-2014     47     0.001294     0.002519     0.001911 
2010-2014     48     0.001413     0.002820     0.002121 
2010-2014     49     0.001561     0.003150     0.002358 
2010-2014     50     0.001647     0.003452     0.002550 
2010-2014     51     0.001890     0.003849     0.002868 
2010-2014     52     0.001988     0.004422     0.003200 
2010-2014     53     0.002200     0.004585     0.003385 
2010-2014     54     0.002323     0.005084     0.003692 
2010-2014     55     0.002434     0.005573     0.003986 
2010-2014     56     0.002729     0.006173     0.004428 
2010-2014     57     0.002925     0.006717     0.004792 
2010-2014     58     0.003050     0.007210     0.005095 
2010-2014     59     0.003379     0.007922     0.005607 
2010-2014     60     0.003563     0.008648     0.006049 
2010-2014     61     0.003731     0.009239     0.006416 
2010-2014     62     0.004078     0.010091     0.006997 
2010-2014     63     0.004280     0.011050     0.007552 
2010-2014     64     0.004518     0.011841     0.008040 
2010-2014     65     0.004874     0.012966     0.008751 
2010-2014     66     0.005383     0.013896     0.009446 
2010-2014     67     0.006074     0.014843     0.010242 
2010-2014     68     0.006615     0.016280     0.011190 
2010-2014     69     0.007447     0.017514     0.012192 
2010-2014     70     0.008290     0.019606     0.013588 
2010-2014     71     0.009257     0.021031     0.014724 
2010-2014     72     0.010074     0.023505     0.016251 
2010-2014     73     0.011760     0.026270     0.018352 
2010-2014     74     0.013397     0.029208     0.020487 
2010-2014     75     0.015643     0.032264     0.023010 
2010-2014     76     0.017561     0.035385     0.025372 
2010-2014     77     0.020117     0.040119     0.028767 
2010-2014     78     0.023359     0.044174     0.032242 
2010-2014     79     0.027364     0.049875     0.036826 
2010-2014     80     0.031773     0.055976     0.041761 
2010-2014     81     0.036943     0.062971     0.047468 
2010-2014     82     0.042811     0.070659     0.053821 
2010-2014     83     0.050278     0.080565     0.061949 
2010-2014     84     0.057957     0.089366     0.069730 
2010-2014     85     0.067629     0.101427     0.079942 
2010-2014     86     0.077735     0.113338     0.090337 
2010-2014     87     0.089883     0.126369     0.102393 
2010-2014     88     0.103860     0.142867     0.116797 
2010-2014     89     0.118225     0.156390     0.130454 
2010-2014     90     0.135981     0.176671     0.148476 
2010-2014     91     0.154208     0.195682     0.166314 
2010-2014     92     0.171007     0.219592     0.184434 
2010-2014     93     0.193577     0.238793     0.205386 
2010-2014     94     0.216918     0.261315     0.227881 
2010-2014     95     0.242235     0.289398     0.253398 
2010-2014     96     0.267904     0.317085     0.279066 
2010-2014     97     0.291981     0.344664     0.303482 
2010-2014     98     0.321066     0.371707     0.331694 
2010-2014     99     0.352801     0.404666     0.363281 
2010-2014    100     0.390306     0.462212     0.404161 
2010-2014    101     0.411523     0.454428     0.419408 
2010-2014    102     0.439548     0.480307     0.446784 
2010-2014    103     0.490410     0.577437     0.505090 
2010-2014    104     0.513997     0.583481     0.524893 
2010-2014    105     0.535446     0.588019     0.543257 
2010-2014    106     0.572014     0.738775     0.595720 
2010-2014    107     0.659411     0.630162     0.655607 
2010-2014    108     0.702326     0.574513     0.683735 
2010-2014    109     0.609504     0.949033     0.661450 
2010-2014    110+    0.927536     0.647482     0.868241 
