Estonia, Death rates (period 1x10)     Last modified: 01-Dec-2014, MPv5 (May07)

   Year      Age       Female       Male         Total
1960-1969      0     0.020230     0.026448     0.023424 
1960-1969      1     0.002111     0.002348     0.002233 
1960-1969      2     0.001009     0.001371     0.001195 
1960-1969      3     0.000718     0.001082     0.000905 
1960-1969      4     0.000481     0.000925     0.000709 
1960-1969      5     0.000528     0.000682     0.000607 
1960-1969      6     0.000475     0.000761     0.000621 
1960-1969      7     0.000506     0.000891     0.000702 
1960-1969      8     0.000383     0.000706     0.000548 
1960-1969      9     0.000365     0.000668     0.000520 
1960-1969     10     0.000284     0.000490     0.000389 
1960-1969     11     0.000411     0.000539     0.000476 
1960-1969     12     0.000243     0.000607     0.000431 
1960-1969     13     0.000372     0.000647     0.000514 
1960-1969     14     0.000442     0.000784     0.000619 
1960-1969     15     0.000453     0.000808     0.000638 
1960-1969     16     0.000542     0.001090     0.000827 
1960-1969     17     0.000594     0.001329     0.000978 
1960-1969     18     0.000684     0.001856     0.001294 
1960-1969     19     0.000678     0.001972     0.001347 
1960-1969     20     0.000686     0.001891     0.001304 
1960-1969     21     0.000779     0.002246     0.001526 
1960-1969     22     0.000811     0.002360     0.001597 
1960-1969     23     0.000729     0.002726     0.001739 
1960-1969     24     0.000804     0.002791     0.001805 
1960-1969     25     0.001027     0.002496     0.001765 
1960-1969     26     0.000908     0.002729     0.001820 
1960-1969     27     0.000884     0.003131     0.002003 
1960-1969     28     0.000797     0.002826     0.001801 
1960-1969     29     0.000855     0.003188     0.002004 
1960-1969     30     0.000801     0.003426     0.002087 
1960-1969     31     0.001083     0.003514     0.002265 
1960-1969     32     0.000969     0.003628     0.002251 
1960-1969     33     0.001235     0.003635     0.002382 
1960-1969     34     0.001317     0.003829     0.002501 
1960-1969     35     0.001286     0.004013     0.002549 
1960-1969     36     0.001309     0.004369     0.002703 
1960-1969     37     0.001291     0.004745     0.002836 
1960-1969     38     0.001663     0.004123     0.002743 
1960-1969     39     0.001731     0.004586     0.002963 
1960-1969     40     0.001651     0.004980     0.003066 
1960-1969     41     0.002045     0.004886     0.003236 
1960-1969     42     0.001919     0.005378     0.003346 
1960-1969     43     0.002503     0.006166     0.003992 
1960-1969     44     0.002703     0.006657     0.004306 
1960-1969     45     0.002868     0.006711     0.004430 
1960-1969     46     0.002962     0.006962     0.004593 
1960-1969     47     0.003024     0.006911     0.004616 
1960-1969     48     0.003813     0.007845     0.005472 
1960-1969     49     0.003669     0.008607     0.005698 
1960-1969     50     0.004645     0.009308     0.006553 
1960-1969     51     0.004407     0.009766     0.006586 
1960-1969     52     0.004538     0.010815     0.007073 
1960-1969     53     0.005625     0.011427     0.007959 
1960-1969     54     0.005527     0.012410     0.008281 
1960-1969     55     0.006264     0.014469     0.009525 
1960-1969     56     0.006934     0.014685     0.009997 
1960-1969     57     0.007250     0.016639     0.010938 
1960-1969     58     0.007328     0.018035     0.011502 
1960-1969     59     0.008783     0.020932     0.013463 
1960-1969     60     0.009996     0.021738     0.014467 
1960-1969     61     0.011246     0.024152     0.016110 
1960-1969     62     0.012194     0.027644     0.017946 
1960-1969     63     0.013556     0.030216     0.019660 
1960-1969     64     0.014276     0.032359     0.020775 
1960-1969     65     0.016959     0.036733     0.023920 
1960-1969     66     0.019306     0.039166     0.026133 
1960-1969     67     0.021025     0.042141     0.028099 
1960-1969     68     0.022797     0.047445     0.030862 
1960-1969     69     0.026338     0.052835     0.034866 
1960-1969     70     0.029998     0.054564     0.037792 
1960-1969     71     0.033380     0.057189     0.040804 
1960-1969     72     0.037790     0.066992     0.046736 
1960-1969     73     0.043019     0.070294     0.051244 
1960-1969     74     0.046276     0.076686     0.055315 
1960-1969     75     0.054161     0.084041     0.062888 
1960-1969     76     0.060248     0.093468     0.069801 
1960-1969     77     0.066781     0.097944     0.075608 
1960-1969     78     0.078044     0.108450     0.086493 
1960-1969     79     0.086295     0.116688     0.094559 
1960-1969     80     0.095211     0.127036     0.103708 
1960-1969     81     0.104425     0.132920     0.111893 
1960-1969     82     0.116263     0.152082     0.125469 
1960-1969     83     0.128996     0.163459     0.137678 
1960-1969     84     0.140489     0.183494     0.151111 
1960-1969     85     0.161952     0.196303     0.170241 
1960-1969     86     0.178068     0.211486     0.185937 
1960-1969     87     0.196804     0.221962     0.202590 
1960-1969     88     0.213525     0.252359     0.222228 
1960-1969     89     0.228817     0.288593     0.241789 
1960-1969     90     0.251327     0.281260     0.257711 
1960-1969     91     0.273071     0.283152     0.275239 
1960-1969     92     0.287310     0.364167     0.303679 
1960-1969     93     0.328085     0.399394     0.342385 
1960-1969     94     0.314650     0.386674     0.327980 
1960-1969     95     0.360983     0.494563     0.383242 
1960-1969     96     0.407511     0.500899     0.421061 
1960-1969     97     0.422623     0.415534     0.421660 
1960-1969     98     0.390023     0.402031     0.391696 
1960-1969     99     0.391747     0.636943     0.423179 
1960-1969    100     0.532138     1.401225     0.607666 
1960-1969    101     0.618770     1.399361     0.651048 
1960-1969    102     0.784420     6.000000     0.818836 
1960-1969    103     0.920118            .     0.920118 
1960-1969    104     1.438914            .     1.438914 
1960-1969    105     2.385542            .     2.385542 
1960-1969    106            .            .            . 
1960-1969    107            .            .            . 
1960-1969    108            .            .            . 
1960-1969    109            .            .            . 
1960-1969    110+           .            .            . 
1970-1979      0     0.014572     0.020317     0.017514 
1970-1979      1     0.001598     0.002145     0.001877 
1970-1979      2     0.000986     0.001205     0.001098 
1970-1979      3     0.000625     0.001068     0.000851 
1970-1979      4     0.000601     0.000994     0.000802 
1970-1979      5     0.000467     0.000515     0.000492 
1970-1979      6     0.000450     0.000719     0.000587 
1970-1979      7     0.000342     0.000742     0.000547 
1970-1979      8     0.000354     0.000717     0.000539 
1970-1979      9     0.000264     0.000633     0.000452 
1970-1979     10     0.000345     0.000556     0.000453 
1970-1979     11     0.000326     0.000468     0.000398 
1970-1979     12     0.000294     0.000619     0.000461 
1970-1979     13     0.000354     0.000594     0.000477 
1970-1979     14     0.000291     0.000661     0.000481 
1970-1979     15     0.000358     0.000793     0.000582 
1970-1979     16     0.000484     0.001256     0.000883 
1970-1979     17     0.000472     0.001593     0.001053 
1970-1979     18     0.000694     0.002007     0.001377 
1970-1979     19     0.000602     0.002034     0.001352 
1970-1979     20     0.000634     0.001914     0.001304 
1970-1979     21     0.000654     0.002255     0.001492 
1970-1979     22     0.000667     0.002527     0.001638 
1970-1979     23     0.000533     0.002520     0.001566 
1970-1979     24     0.000680     0.002574     0.001660 
1970-1979     25     0.000570     0.002913     0.001776 
1970-1979     26     0.000663     0.002994     0.001854 
1970-1979     27     0.000805     0.003213     0.002028 
1970-1979     28     0.000706     0.003226     0.001979 
1970-1979     29     0.000714     0.002958     0.001841 
1970-1979     30     0.001015     0.003756     0.002386 
1970-1979     31     0.000952     0.003632     0.002288 
1970-1979     32     0.001005     0.003831     0.002411 
1970-1979     33     0.001102     0.004086     0.002581 
1970-1979     34     0.001240     0.004346     0.002775 
1970-1979     35     0.001208     0.004758     0.002958 
1970-1979     36     0.001298     0.004741     0.002988 
1970-1979     37     0.001330     0.005326     0.003281 
1970-1979     38     0.001395     0.005743     0.003509 
1970-1979     39     0.001731     0.005912     0.003757 
1970-1979     40     0.001752     0.006124     0.003862 
1970-1979     41     0.002037     0.006226     0.004048 
1970-1979     42     0.001980     0.006495     0.004139 
1970-1979     43     0.002335     0.007263     0.004677 
1970-1979     44     0.002725     0.008270     0.005323 
1970-1979     45     0.002644     0.008396     0.005292 
1970-1979     46     0.003371     0.008461     0.005673 
1970-1979     47     0.003141     0.009714     0.006059 
1970-1979     48     0.003455     0.010077     0.006337 
1970-1979     49     0.004128     0.010298     0.006761 
1970-1979     50     0.004819     0.011364     0.007560 
1970-1979     51     0.005354     0.013429     0.008678 
1970-1979     52     0.004920     0.013291     0.008299 
1970-1979     53     0.005912     0.014961     0.009501 
1970-1979     54     0.006156     0.015879     0.009985 
1970-1979     55     0.006614     0.016179     0.010371 
1970-1979     56     0.007526     0.018089     0.011670 
1970-1979     57     0.007889     0.019988     0.012638 
1970-1979     58     0.007753     0.020635     0.012806 
1970-1979     59     0.009238     0.021034     0.013837 
1970-1979     60     0.009555     0.023004     0.014743 
1970-1979     61     0.010534     0.024014     0.015669 
1970-1979     62     0.011762     0.028127     0.017916 
1970-1979     63     0.012850     0.029703     0.019125 
1970-1979     64     0.015035     0.032550     0.021477 
1970-1979     65     0.016253     0.036106     0.023452 
1970-1979     66     0.017371     0.039497     0.025293 
1970-1979     67     0.020181     0.042412     0.028044 
1970-1979     68     0.022632     0.045809     0.030709 
1970-1979     69     0.026200     0.053355     0.035477 
1970-1979     70     0.029099     0.053591     0.037291 
1970-1979     71     0.032298     0.059525     0.041221 
1970-1979     72     0.036810     0.066334     0.046271 
1970-1979     73     0.040270     0.071385     0.049963 
1970-1979     74     0.047064     0.079668     0.056907 
1970-1979     75     0.052780     0.082676     0.061550 
1970-1979     76     0.058620     0.094921     0.068921 
1970-1979     77     0.067617     0.107881     0.078616 
1970-1979     78     0.072824     0.111394     0.083025 
1970-1979     79     0.084094     0.123947     0.094400 
1970-1979     80     0.093811     0.131815     0.103397 
1970-1979     81     0.102482     0.145179     0.112981 
1970-1979     82     0.117953     0.149678     0.125579 
1970-1979     83     0.127900     0.157889     0.134978 
1970-1979     84     0.138586     0.181094     0.148413 
1970-1979     85     0.149903     0.189394     0.158825 
1970-1979     86     0.168649     0.227443     0.181642 
1970-1979     87     0.183857     0.226837     0.193172 
1970-1979     88     0.198674     0.233007     0.205997 
1970-1979     89     0.223886     0.276631     0.234811 
1970-1979     90     0.240303     0.278148     0.247849 
1970-1979     91     0.264425     0.307024     0.272643 
1970-1979     92     0.286446     0.299263     0.288870 
1970-1979     93     0.301623     0.337041     0.308326 
1970-1979     94     0.314797     0.352310     0.321911 
1970-1979     95     0.333456     0.395205     0.345018 
1970-1979     96     0.340156     0.400534     0.350933 
1970-1979     97     0.404296     0.373178     0.398909 
1970-1979     98     0.352512     0.408909     0.362220 
1970-1979     99     0.407071     0.177456     0.365503 
1970-1979    100     0.499172     0.544208     0.507871 
1970-1979    101     0.553989     0.628501     0.566360 
1970-1979    102     0.650488     0.377661     0.613848 
1970-1979    103     0.852916     0.219467     0.759528 
1970-1979    104     1.288486     0.000000     1.030523 
1970-1979    105     2.764045     0.000000     1.827637 
1970-1979    106            .            .            . 
1970-1979    107            .            .            . 
1970-1979    108            .            .            . 
1970-1979    109            .            .            . 
1970-1979    110+           .            .            . 
1980-1989      0     0.013291     0.017887     0.015643 
1980-1989      1     0.001575     0.001990     0.001787 
1980-1989      2     0.000985     0.001073     0.001030 
1980-1989      3     0.000606     0.000979     0.000796 
1980-1989      4     0.000466     0.000951     0.000713 
1980-1989      5     0.000551     0.000679     0.000616 
1980-1989      6     0.000483     0.000579     0.000532 
1980-1989      7     0.000468     0.000583     0.000526 
1980-1989      8     0.000478     0.000699     0.000591 
1980-1989      9     0.000258     0.000532     0.000398 
1980-1989     10     0.000259     0.000577     0.000421 
1980-1989     11     0.000289     0.000445     0.000369 
1980-1989     12     0.000226     0.000493     0.000363 
1980-1989     13     0.000411     0.000572     0.000494 
1980-1989     14     0.000330     0.000770     0.000556 
1980-1989     15     0.000333     0.000801     0.000574 
1980-1989     16     0.000542     0.000977     0.000767 
1980-1989     17     0.000505     0.001475     0.001008 
1980-1989     18     0.000594     0.001940     0.001292 
1980-1989     19     0.000609     0.001866     0.001260 
1980-1989     20     0.000700     0.001855     0.001297 
1980-1989     21     0.000594     0.001713     0.001170 
1980-1989     22     0.000601     0.002210     0.001428 
1980-1989     23     0.000523     0.002305     0.001438 
1980-1989     24     0.000778     0.002582     0.001702 
1980-1989     25     0.000586     0.002314     0.001468 
1980-1989     26     0.000835     0.002444     0.001653 
1980-1989     27     0.000758     0.002719     0.001752 
1980-1989     28     0.000795     0.003061     0.001938 
1980-1989     29     0.000736     0.003008     0.001878 
1980-1989     30     0.000762     0.002987     0.001877 
1980-1989     31     0.000974     0.003062     0.002016 
1980-1989     32     0.001023     0.003682     0.002345 
1980-1989     33     0.001087     0.003782     0.002422 
1980-1989     34     0.001124     0.003915     0.002501 
1980-1989     35     0.001201     0.004171     0.002662 
1980-1989     36     0.001225     0.004446     0.002804 
1980-1989     37     0.001259     0.004839     0.003009 
1980-1989     38     0.001400     0.005403     0.003352 
1980-1989     39     0.001731     0.005568     0.003596 
1980-1989     40     0.002020     0.005917     0.003909 
1980-1989     41     0.001983     0.006593     0.004212 
1980-1989     42     0.002090     0.006915     0.004416 
1980-1989     43     0.002259     0.007823     0.004931 
1980-1989     44     0.002622     0.007434     0.004926 
1980-1989     45     0.002878     0.008978     0.005791 
1980-1989     46     0.003248     0.010142     0.006526 
1980-1989     47     0.003303     0.010235     0.006581 
1980-1989     48     0.003512     0.010275     0.006695 
1980-1989     49     0.003805     0.011867     0.007582 
1980-1989     50     0.004161     0.012717     0.008147 
1980-1989     51     0.004849     0.013194     0.008707 
1980-1989     52     0.005339     0.015051     0.009799 
1980-1989     53     0.005827     0.015131     0.010061 
1980-1989     54     0.006291     0.016609     0.010906 
1980-1989     55     0.006911     0.019045     0.012222 
1980-1989     56     0.007454     0.019618     0.012661 
1980-1989     57     0.007919     0.021532     0.013608 
1980-1989     58     0.008535     0.023293     0.014551 
1980-1989     59     0.009712     0.024228     0.015490 
1980-1989     60     0.010648     0.026491     0.016811 
1980-1989     61     0.011237     0.028589     0.017848 
1980-1989     62     0.013108     0.030529     0.019584 
1980-1989     63     0.014212     0.032138     0.020714 
1980-1989     64     0.016178     0.036246     0.023368 
1980-1989     65     0.017844     0.036569     0.024517 
1980-1989     66     0.019407     0.041973     0.027404 
1980-1989     67     0.020853     0.043343     0.028776 
1980-1989     68     0.023936     0.048172     0.032414 
1980-1989     69     0.024815     0.051515     0.034007 
1980-1989     70     0.028574     0.055653     0.037716 
1980-1989     71     0.031092     0.060853     0.040923 
1980-1989     72     0.035529     0.068195     0.046075 
1980-1989     73     0.040129     0.068562     0.049134 
1980-1989     74     0.045354     0.075418     0.054665 
1980-1989     75     0.050079     0.084878     0.060582 
1980-1989     76     0.055526     0.086946     0.064808 
1980-1989     77     0.064069     0.100252     0.074520 
1980-1989     78     0.072077     0.110123     0.082758 
1980-1989     79     0.080811     0.116842     0.090625 
1980-1989     80     0.088863     0.124732     0.098300 
1980-1989     81     0.102253     0.136225     0.110905 
1980-1989     82     0.109510     0.153727     0.120383 
1980-1989     83     0.122889     0.160787     0.131833 
1980-1989     84     0.140398     0.182957     0.150072 
1980-1989     85     0.153046     0.195406     0.162300 
1980-1989     86     0.169020     0.203820     0.176286 
1980-1989     87     0.181155     0.235238     0.191882 
1980-1989     88     0.195463     0.236356     0.203217 
1980-1989     89     0.214438     0.263541     0.223520 
1980-1989     90     0.230873     0.290053     0.241410 
1980-1989     91     0.253229     0.301833     0.261582 
1980-1989     92     0.269973     0.331010     0.280109 
1980-1989     93     0.302428     0.371075     0.313256 
1980-1989     94     0.334399     0.363691     0.338921 
1980-1989     95     0.342486     0.338985     0.341943 
1980-1989     96     0.376020     0.406983     0.380873 
1980-1989     97     0.406250     0.419490     0.408362 
1980-1989     98     0.395868     0.493878     0.410890 
1980-1989     99     0.381720     0.453047     0.392083 
1980-1989    100     0.476516     0.728144     0.510619 
1980-1989    101     0.511595     0.907371     0.557921 
1980-1989    102     0.556494     1.204865     0.618327 
1980-1989    103     0.637163     1.212155     0.681950 
1980-1989    104     0.785795     0.819231     0.789020 
1980-1989    105     1.244418     0.773519     1.149355 
1980-1989    106     2.291581     1.163793     1.741325 
1980-1989    107            .     6.000000     6.000000 
1980-1989    108            .            .            . 
1980-1989    109            .            .            . 
1980-1989    110+           .            .            . 
1990-1999      0     0.010929     0.013960     0.012494 
1990-1999      1     0.001246     0.001351     0.001300 
1990-1999      2     0.000624     0.001107     0.000873 
1990-1999      3     0.000636     0.000738     0.000688 
1990-1999      4     0.000397     0.000606     0.000504 
1990-1999      5     0.000370     0.000552     0.000464 
1990-1999      6     0.000279     0.000587     0.000437 
1990-1999      7     0.000356     0.000554     0.000458 
1990-1999      8     0.000351     0.000502     0.000428 
1990-1999      9     0.000293     0.000482     0.000390 
1990-1999     10     0.000267     0.000493     0.000383 
1990-1999     11     0.000242     0.000498     0.000373 
1990-1999     12     0.000272     0.000531     0.000405 
1990-1999     13     0.000218     0.000481     0.000353 
1990-1999     14     0.000306     0.000713     0.000515 
1990-1999     15     0.000532     0.000769     0.000653 
1990-1999     16     0.000393     0.000900     0.000653 
1990-1999     17     0.000507     0.001482     0.001007 
1990-1999     18     0.000671     0.002067     0.001387 
1990-1999     19     0.000643     0.002558     0.001626 
1990-1999     20     0.000715     0.002758     0.001769 
1990-1999     21     0.000606     0.002643     0.001660 
1990-1999     22     0.000698     0.002890     0.001822 
1990-1999     23     0.000742     0.002950     0.001859 
1990-1999     24     0.000692     0.002782     0.001746 
1990-1999     25     0.000631     0.003109     0.001880 
1990-1999     26     0.000778     0.003286     0.002041 
1990-1999     27     0.000752     0.003420     0.002093 
1990-1999     28     0.000754     0.003392     0.002077 
1990-1999     29     0.000697     0.003451     0.002074 
1990-1999     30     0.000883     0.003632     0.002255 
1990-1999     31     0.000880     0.004066     0.002464 
1990-1999     32     0.000914     0.004538     0.002711 
1990-1999     33     0.001160     0.004690     0.002907 
1990-1999     34     0.001089     0.005065     0.003050 
1990-1999     35     0.001410     0.005412     0.003380 
1990-1999     36     0.001583     0.005700     0.003604 
1990-1999     37     0.001911     0.006415     0.004115 
1990-1999     38     0.001845     0.006545     0.004138 
1990-1999     39     0.002147     0.007293     0.004652 
1990-1999     40     0.002341     0.007864     0.005021 
1990-1999     41     0.002587     0.007786     0.005101 
1990-1999     42     0.002403     0.009107     0.005634 
1990-1999     43     0.002776     0.010280     0.006378 
1990-1999     44     0.003093     0.010389     0.006581 
1990-1999     45     0.003459     0.011289     0.007189 
1990-1999     46     0.003923     0.012664     0.008071 
1990-1999     47     0.003756     0.012661     0.007965 
1990-1999     48     0.004308     0.013863     0.008807 
1990-1999     49     0.004465     0.014742     0.009285 
1990-1999     50     0.005104     0.015855     0.010125 
1990-1999     51     0.005655     0.015897     0.010420 
1990-1999     52     0.006015     0.018868     0.011961 
1990-1999     53     0.006340     0.020192     0.012708 
1990-1999     54     0.006571     0.020528     0.012948 
1990-1999     55     0.007682     0.023292     0.014768 
1990-1999     56     0.007884     0.023450     0.014891 
1990-1999     57     0.008469     0.025639     0.016119 
1990-1999     58     0.009484     0.026012     0.016779 
1990-1999     59     0.009659     0.029160     0.018193 
1990-1999     60     0.010973     0.030316     0.019353 
1990-1999     61     0.012810     0.032793     0.021361 
1990-1999     62     0.013129     0.036138     0.022867 
1990-1999     63     0.014770     0.038847     0.024819 
1990-1999     64     0.015555     0.040573     0.025748 
1990-1999     65     0.017161     0.042283     0.027108 
1990-1999     66     0.018735     0.046089     0.029240 
1990-1999     67     0.020557     0.048800     0.031059 
1990-1999     68     0.022414     0.050110     0.032382 
1990-1999     69     0.024758     0.053507     0.034782 
1990-1999     70     0.027685     0.058113     0.037952 
1990-1999     71     0.030909     0.059730     0.040362 
1990-1999     72     0.034408     0.067049     0.044760 
1990-1999     73     0.036676     0.071367     0.047284 
1990-1999     74     0.042510     0.074463     0.052108 
1990-1999     75     0.047266     0.080836     0.057247 
1990-1999     76     0.050751     0.088150     0.061712 
1990-1999     77     0.057464     0.091493     0.067281 
1990-1999     78     0.066193     0.106384     0.077592 
1990-1999     79     0.070671     0.111523     0.081928 
1990-1999     80     0.081320     0.123503     0.092550 
1990-1999     81     0.095162     0.125047     0.102903 
1990-1999     82     0.100267     0.145922     0.111761 
1990-1999     83     0.113668     0.153629     0.123454 
1990-1999     84     0.125128     0.162045     0.133878 
1990-1999     85     0.141616     0.178822     0.150172 
1990-1999     86     0.155450     0.196005     0.164545 
1990-1999     87     0.171075     0.225937     0.183014 
1990-1999     88     0.189827     0.233391     0.198847 
1990-1999     89     0.204631     0.248024     0.213270 
1990-1999     90     0.232770     0.269677     0.239832 
1990-1999     91     0.257316     0.322838     0.269248 
1990-1999     92     0.270453     0.321396     0.279195 
1990-1999     93     0.297807     0.327766     0.302730 
1990-1999     94     0.322792     0.358115     0.328246 
1990-1999     95     0.371738     0.440586     0.381849 
1990-1999     96     0.398193     0.390409     0.397114 
1990-1999     97     0.398628     0.393870     0.398000 
1990-1999     98     0.452450     0.482971     0.456564 
1990-1999     99     0.538479     0.330667     0.507619 
1990-1999    100     0.546295     0.670586     0.566464 
1990-1999    101     0.606397     0.804610     0.634580 
1990-1999    102     0.693143     1.146363     0.739785 
1990-1999    103     0.842788     2.256499     0.898624 
1990-1999    104     1.203620     6.000000     1.223432 
1990-1999    105     2.254054            .     2.254054 
1990-1999    106     4.650000            .     4.650000 
1990-1999    107            .            .            . 
1990-1999    108            .            .            . 
1990-1999    109            .            .            . 
1990-1999    110+           .            .            . 
2000-2009      0     0.005087     0.006769     0.005952 
2000-2009      1     0.000541     0.000728     0.000637 
2000-2009      2     0.000357     0.000485     0.000423 
2000-2009      3     0.000269     0.000271     0.000270 
2000-2009      4     0.000305     0.000260     0.000282 
2000-2009      5     0.000355     0.000308     0.000331 
2000-2009      6     0.000193     0.000292     0.000244 
2000-2009      7     0.000190     0.000345     0.000270 
2000-2009      8     0.000184     0.000217     0.000201 
2000-2009      9     0.000118     0.000266     0.000194 
2000-2009     10     0.000070     0.000291     0.000184 
2000-2009     11     0.000158     0.000312     0.000238 
2000-2009     12     0.000125     0.000282     0.000206 
2000-2009     13     0.000238     0.000269     0.000254 
2000-2009     14     0.000275     0.000302     0.000289 
2000-2009     15     0.000287     0.000477     0.000385 
2000-2009     16     0.000331     0.000662     0.000502 
2000-2009     17     0.000167     0.000953     0.000572 
2000-2009     18     0.000462     0.001395     0.000944 
2000-2009     19     0.000409     0.001602     0.001024 
2000-2009     20     0.000615     0.001963     0.001309 
2000-2009     21     0.000435     0.001928     0.001203 
2000-2009     22     0.000532     0.002387     0.001485 
2000-2009     23     0.000672     0.002145     0.001427 
2000-2009     24     0.000580     0.002458     0.001542 
2000-2009     25     0.000604     0.002421     0.001536 
2000-2009     26     0.000545     0.002677     0.001637 
2000-2009     27     0.000568     0.002576     0.001596 
2000-2009     28     0.000406     0.002648     0.001553 
2000-2009     29     0.000575     0.002750     0.001685 
2000-2009     30     0.000679     0.002868     0.001794 
2000-2009     31     0.000562     0.002837     0.001718 
2000-2009     32     0.000818     0.003028     0.001937 
2000-2009     33     0.000855     0.003175     0.002025 
2000-2009     34     0.000997     0.003048     0.002028 
2000-2009     35     0.001138     0.003435     0.002289 
2000-2009     36     0.000987     0.003630     0.002309 
2000-2009     37     0.001122     0.004098     0.002605 
2000-2009     38     0.001434     0.004390     0.002901 
2000-2009     39     0.001296     0.004784     0.003020 
2000-2009     40     0.001692     0.005502     0.003567 
2000-2009     41     0.001884     0.005824     0.003818 
2000-2009     42     0.001933     0.006996     0.004408 
2000-2009     43     0.002139     0.007094     0.004551 
2000-2009     44     0.002421     0.008303     0.005272 
2000-2009     45     0.002879     0.008704     0.005688 
2000-2009     46     0.002904     0.009900     0.006258 
2000-2009     47     0.003284     0.010979     0.006949 
2000-2009     48     0.003544     0.010797     0.006980 
2000-2009     49     0.003900     0.011896     0.007666 
2000-2009     50     0.004492     0.013351     0.008637 
2000-2009     51     0.004662     0.014066     0.009031 
2000-2009     52     0.005161     0.015444     0.009906 
2000-2009     53     0.005296     0.016666     0.010504 
2000-2009     54     0.005593     0.017321     0.010925 
2000-2009     55     0.006400     0.019019     0.012093 
2000-2009     56     0.006602     0.019730     0.012481 
2000-2009     57     0.007468     0.021360     0.013640 
2000-2009     58     0.008310     0.021574     0.014157 
2000-2009     59     0.008436     0.023855     0.015177 
2000-2009     60     0.008810     0.026623     0.016523 
2000-2009     61     0.009181     0.028918     0.017633 
2000-2009     62     0.009799     0.029288     0.018032 
2000-2009     63     0.010634     0.031709     0.019423 
2000-2009     64     0.011007     0.035724     0.021173 
2000-2009     65     0.012799     0.037208     0.022695 
2000-2009     66     0.013380     0.039417     0.023756 
2000-2009     67     0.014511     0.040235     0.024597 
2000-2009     68     0.016555     0.044861     0.027458 
2000-2009     69     0.017302     0.046861     0.028490 
2000-2009     70     0.019895     0.050676     0.031326 
2000-2009     71     0.022448     0.052213     0.033280 
2000-2009     72     0.025242     0.058262     0.037043 
2000-2009     73     0.028079     0.063108     0.040280 
2000-2009     74     0.030812     0.069403     0.043771 
2000-2009     75     0.035903     0.070115     0.046958 
2000-2009     76     0.040383     0.075642     0.051337 
2000-2009     77     0.044123     0.082377     0.055516 
2000-2009     78     0.050593     0.086730     0.060900 
2000-2009     79     0.053910     0.096850     0.065627 
2000-2009     80     0.063976     0.104249     0.074484 
2000-2009     81     0.071910     0.113604     0.082351 
2000-2009     82     0.083175     0.122341     0.092523 
2000-2009     83     0.088435     0.127139     0.097289 
2000-2009     84     0.102613     0.145849     0.112269 
2000-2009     85     0.114924     0.155272     0.123748 
2000-2009     86     0.130712     0.170127     0.139193 
2000-2009     87     0.149381     0.182199     0.156398 
2000-2009     88     0.157590     0.203356     0.167242 
2000-2009     89     0.178605     0.210539     0.185126 
2000-2009     90     0.203277     0.256812     0.213791 
2000-2009     91     0.224200     0.271998     0.233242 
2000-2009     92     0.245940     0.287075     0.253515 
2000-2009     93     0.282851     0.299379     0.285828 
2000-2009     94     0.283096     0.334159     0.291945 
2000-2009     95     0.326952     0.346342     0.330153 
2000-2009     96     0.334753     0.383868     0.342871 
2000-2009     97     0.390165     0.516876     0.408931 
2000-2009     98     0.411033     0.398298     0.409286 
2000-2009     99     0.396917     0.332867     0.387563 
2000-2009    100     0.457929     0.500286     0.463744 
2000-2009    101     0.488336     0.573814     0.498532 
2000-2009    102     0.525111     0.661148     0.538847 
2000-2009    103     0.577774     0.697781     0.586117 
2000-2009    104     0.677322     0.526066     0.670099 
2000-2009    105     0.937876     0.000000     0.908874 
2000-2009    106     1.330483            .     1.330483 
2000-2009    107     2.347826            .     2.347826 
2000-2009    108            .            .            . 
2000-2009    109            .            .            . 
2000-2009    110+           .            .            . 
2010-2013      0     0.002770     0.002858     0.002815 
2010-2013      1     0.000501     0.000476     0.000488 
2010-2013      2     0.000229     0.000372     0.000303 
2010-2013      3     0.000164     0.000156     0.000160 
2010-2013      4     0.000101     0.000159     0.000131 
2010-2013      5     0.000210     0.000098     0.000152 
2010-2013      6     0.000146     0.000206     0.000177 
2010-2013      7     0.000114     0.000180     0.000148 
2010-2013      8     0.000118     0.000188     0.000154 
2010-2013      9     0.000040     0.000154     0.000099 
2010-2013     10     0.000249     0.000157     0.000202 
2010-2013     11     0.000042     0.000239     0.000144 
2010-2013     12     0.000173     0.000243     0.000209 
2010-2013     13     0.000130     0.000204     0.000168 
2010-2013     14     0.000215     0.000121     0.000167 
2010-2013     15     0.000334     0.000198     0.000264 
2010-2013     16     0.000120     0.000305     0.000215 
2010-2013     17     0.000265     0.000575     0.000424 
2010-2013     18     0.000387     0.000836     0.000618 
2010-2013     19     0.000195     0.000830     0.000522 
2010-2013     20     0.000298     0.001346     0.000839 
2010-2013     21     0.000333     0.001069     0.000713 
2010-2013     22     0.000238     0.001163     0.000716 
2010-2013     23     0.000284     0.001134     0.000724 
2010-2013     24     0.000285     0.001407     0.000865 
2010-2013     25     0.000446     0.001801     0.001145 
2010-2013     26     0.000424     0.001729     0.001096 
2010-2013     27     0.000508     0.002006     0.001278 
2010-2013     28     0.000459     0.002107     0.001303 
2010-2013     29     0.000710     0.002281     0.001517 
2010-2013     30     0.000555     0.002531     0.001569 
2010-2013     31     0.000759     0.002937     0.001877 
2010-2013     32     0.000509     0.002761     0.001667 
2010-2013     33     0.000566     0.002600     0.001611 
2010-2013     34     0.000592     0.002305     0.001470 
2010-2013     35     0.000756     0.002331     0.001561 
2010-2013     36     0.001032     0.002093     0.001573 
2010-2013     37     0.000917     0.002683     0.001816 
2010-2013     38     0.000824     0.002724     0.001788 
2010-2013     39     0.000924     0.003320     0.002137 
2010-2013     40     0.001160     0.003005     0.002090 
2010-2013     41     0.001462     0.003201     0.002334 
2010-2013     42     0.000992     0.003940     0.002462 
2010-2013     43     0.001273     0.004347     0.002797 
2010-2013     44     0.001670     0.005177     0.003400 
2010-2013     45     0.001846     0.004646     0.003220 
2010-2013     46     0.001823     0.006128     0.003930 
2010-2013     47     0.002091     0.005871     0.003938 
2010-2013     48     0.002215     0.006221     0.004164 
2010-2013     49     0.002462     0.007153     0.004728 
2010-2013     50     0.003381     0.007617     0.005413 
2010-2013     51     0.002730     0.009478     0.005941 
2010-2013     52     0.003241     0.008880     0.005906 
2010-2013     53     0.003061     0.009705     0.006178 
2010-2013     54     0.003831     0.011511     0.007396 
2010-2013     55     0.003772     0.012150     0.007622 
2010-2013     56     0.004923     0.013198     0.008697 
2010-2013     57     0.004787     0.014842     0.009339 
2010-2013     58     0.005316     0.015195     0.009743 
2010-2013     59     0.006118     0.018196     0.011463 
2010-2013     60     0.006671     0.020199     0.012583 
2010-2013     61     0.007049     0.021035     0.013082 
2010-2013     62     0.007069     0.024416     0.014468 
2010-2013     63     0.008905     0.025446     0.015883 
2010-2013     64     0.009180     0.025317     0.015910 
2010-2013     65     0.010751     0.028084     0.017905 
2010-2013     66     0.010988     0.032689     0.019823 
2010-2013     67     0.010830     0.030929     0.018911 
2010-2013     68     0.012239     0.034369     0.020969 
2010-2013     69     0.013556     0.035835     0.022197 
2010-2013     70     0.014647     0.038711     0.023764 
2010-2013     71     0.017814     0.041413     0.026524 
2010-2013     72     0.018538     0.045771     0.028331 
2010-2013     73     0.021209     0.053497     0.032524 
2010-2013     74     0.022200     0.053374     0.032878 
2010-2013     75     0.025926     0.059791     0.037246 
2010-2013     76     0.028531     0.061189     0.039204 
2010-2013     77     0.033869     0.067509     0.044597 
2010-2013     78     0.038315     0.075487     0.049822 
2010-2013     79     0.045811     0.076681     0.055151 
2010-2013     80     0.048719     0.092798     0.061718 
2010-2013     81     0.057301     0.093567     0.067574 
2010-2013     82     0.065707     0.107205     0.077157 
2010-2013     83     0.069959     0.116491     0.082188 
2010-2013     84     0.083257     0.126359     0.093823 
2010-2013     85     0.091970     0.130379     0.100758 
2010-2013     86     0.113050     0.148401     0.120458 
2010-2013     87     0.120734     0.169314     0.130147 
2010-2013     88     0.134421     0.185394     0.143847 
2010-2013     89     0.161169     0.194205     0.167116 
2010-2013     90     0.165388     0.211309     0.173553 
2010-2013     91     0.205550     0.244977     0.212473 
2010-2013     92     0.209942     0.264143     0.219333 
2010-2013     93     0.244032     0.324942     0.257163 
2010-2013     94     0.270950     0.269012     0.270640 
2010-2013     95     0.292952     0.298251     0.293859 
2010-2013     96     0.309748     0.380852     0.322045 
2010-2013     97     0.315005     0.396333     0.328283 
2010-2013     98     0.376479     0.359206     0.373672 
2010-2013     99     0.402478     0.437343     0.407828 
2010-2013    100     0.414662     0.460262     0.421529 
2010-2013    101     0.441660     0.528792     0.454873 
2010-2013    102     0.481829     0.662833     0.506510 
2010-2013    103     0.535450     0.969717     0.585167 
2010-2013    104     0.621463     1.531915     0.692065 
2010-2013    105     0.775587     2.655319     0.848385 
2010-2013    106     1.172068     6.000000     1.239424 
2010-2013    107     3.386819            .     3.386819 
2010-2013    108            .            .            . 
2010-2013    109            .            .            . 
2010-2013    110+           .            .            . 
