United Kingdom, Death rates (period 1x10)     Last modified: 29-Jan-2016, MPv5 (May07)

   Year      Age       Female       Male         Total
1922-1929      0     0.066447     0.087291     0.077038 
1922-1929      1     0.020611     0.023037     0.021838 
1922-1929      2     0.008861     0.009530     0.009199 
1922-1929      3     0.005265     0.005614     0.005442 
1922-1929      4     0.003795     0.004094     0.003946 
1922-1929      5     0.003337     0.003585     0.003462 
1922-1929      6     0.002633     0.002790     0.002712 
1922-1929      7     0.002151     0.002351     0.002252 
1922-1929      8     0.001853     0.002025     0.001939 
1922-1929      9     0.001674     0.001824     0.001749 
1922-1929     10     0.001537     0.001676     0.001607 
1922-1929     11     0.001505     0.001610     0.001558 
1922-1929     12     0.001591     0.001583     0.001587 
1922-1929     13     0.001702     0.001693     0.001698 
1922-1929     14     0.001926     0.001892     0.001909 
1922-1929     15     0.002132     0.002119     0.002126 
1922-1929     16     0.002402     0.002392     0.002397 
1922-1929     17     0.002552     0.002701     0.002626 
1922-1929     18     0.002721     0.002967     0.002843 
1922-1929     19     0.002844     0.003143     0.002991 
1922-1929     20     0.002940     0.003323     0.003127 
1922-1929     21     0.003050     0.003376     0.003209 
1922-1929     22     0.003102     0.003361     0.003227 
1922-1929     23     0.003183     0.003434     0.003304 
1922-1929     24     0.003288     0.003556     0.003416 
1922-1929     25     0.003339     0.003462     0.003397 
1922-1929     26     0.003380     0.003591     0.003478 
1922-1929     27     0.003483     0.003739     0.003602 
1922-1929     28     0.003591     0.003696     0.003639 
1922-1929     29     0.003532     0.003858     0.003681 
1922-1929     30     0.003667     0.003910     0.003777 
1922-1929     31     0.003576     0.003934     0.003739 
1922-1929     32     0.003849     0.004304     0.004056 
1922-1929     33     0.003826     0.004374     0.004076 
1922-1929     34     0.004027     0.004626     0.004301 
1922-1929     35     0.004153     0.004915     0.004503 
1922-1929     36     0.004340     0.005120     0.004698 
1922-1929     37     0.004453     0.005454     0.004914 
1922-1929     38     0.004864     0.006018     0.005396 
1922-1929     39     0.005002     0.006349     0.005624 
1922-1929     40     0.005122     0.006651     0.005830 
1922-1929     41     0.005122     0.006617     0.005816 
1922-1929     42     0.005848     0.007832     0.006771 
1922-1929     43     0.005813     0.007732     0.006708 
1922-1929     44     0.006038     0.008079     0.006993 
1922-1929     45     0.006456     0.008858     0.007583 
1922-1929     46     0.006826     0.009088     0.007891 
1922-1929     47     0.007265     0.009798     0.008464 
1922-1929     48     0.008142     0.010547     0.009285 
1922-1929     49     0.008752     0.011378     0.010004 
1922-1929     50     0.009260     0.012113     0.010623 
1922-1929     51     0.009221     0.011857     0.010484 
1922-1929     52     0.010801     0.014010     0.012344 
1922-1929     53     0.011385     0.014859     0.013059 
1922-1929     54     0.012567     0.016229     0.014332 
1922-1929     55     0.012214     0.016146     0.014106 
1922-1929     56     0.014305     0.018760     0.016445 
1922-1929     57     0.014852     0.019723     0.017187 
1922-1929     58     0.016921     0.022502     0.019589 
1922-1929     59     0.017930     0.024165     0.020900 
1922-1929     60     0.019385     0.025939     0.022493 
1922-1929     61     0.019461     0.026245     0.022662 
1922-1929     62     0.023582     0.031288     0.027201 
1922-1929     63     0.025922     0.034308     0.029841 
1922-1929     64     0.028571     0.037635     0.032782 
1922-1929     65     0.031946     0.042739     0.036929 
1922-1929     66     0.031316     0.042128     0.036274 
1922-1929     67     0.035113     0.046628     0.040355 
1922-1929     68     0.040511     0.053587     0.046418 
1922-1929     69     0.044725     0.059446     0.051322 
1922-1929     70     0.049204     0.063378     0.055499 
1922-1929     71     0.051349     0.065269     0.057466 
1922-1929     72     0.062400     0.078682     0.069471 
1922-1929     73     0.068730     0.086621     0.076393 
1922-1929     74     0.075773     0.095543     0.084116 
1922-1929     75     0.083665     0.104344     0.092259 
1922-1929     76     0.090973     0.114171     0.100463 
1922-1929     77     0.097550     0.121047     0.107008 
1922-1929     78     0.108840     0.135374     0.119346 
1922-1929     79     0.115120     0.144362     0.126512 
1922-1929     80     0.125549     0.153833     0.136260 
1922-1929     81     0.130049     0.160525     0.141381 
1922-1929     82     0.151678     0.186177     0.164243 
1922-1929     83     0.163538     0.199510     0.176356 
1922-1929     84     0.187294     0.222556     0.199597 
1922-1929     85     0.196404     0.236561     0.210118 
1922-1929     86     0.217374     0.262724     0.232493 
1922-1929     87     0.233250     0.277785     0.247697 
1922-1929     88     0.249832     0.294776     0.263995 
1922-1929     89     0.271050     0.317632     0.285308 
1922-1929     90     0.286016     0.330206     0.299170 
1922-1929     91     0.287097     0.336502     0.301397 
1922-1929     92     0.320200     0.378898     0.336634 
1922-1929     93     0.339424     0.390207     0.353167 
1922-1929     94     0.364687     0.410031     0.376598 
1922-1929     95     0.384302     0.415934     0.392399 
1922-1929     96     0.410995     0.481795     0.428649 
1922-1929     97     0.447737     0.493536     0.458799 
1922-1929     98     0.503089     0.551852     0.514683 
1922-1929     99     0.530398     0.565672     0.538642 
1922-1929    100     0.541517     0.709878     0.578614 
1922-1929    101     0.570017     0.581688     0.572371 
1922-1929    102     0.656440     0.656033     0.656357 
1922-1929    103     0.588878     0.892558     0.648488 
1922-1929    104     0.724402     0.310538     0.640972 
1922-1929    105     0.853288     0.952813     0.876824 
1922-1929    106     0.889768     1.239669     0.957320 
1922-1929    107     1.870324     2.112676     1.906780 
1922-1929    108            .            .            . 
1922-1929    109            .            .            . 
1922-1929    110+           .            .            . 
1930-1939      0     0.055931     0.073187     0.064726 
1930-1939      1     0.011536     0.013025     0.012292 
1930-1939      2     0.005224     0.005749     0.005490 
1930-1939      3     0.003656     0.003964     0.003812 
1930-1939      4     0.003060     0.003290     0.003177 
1930-1939      5     0.002805     0.003159     0.002984 
1930-1939      6     0.002289     0.002526     0.002409 
1930-1939      7     0.001832     0.002063     0.001948 
1930-1939      8     0.001573     0.001714     0.001644 
1930-1939      9     0.001374     0.001538     0.001457 
1930-1939     10     0.001236     0.001425     0.001331 
1930-1939     11     0.001208     0.001336     0.001273 
1930-1939     12     0.001266     0.001295     0.001281 
1930-1939     13     0.001364     0.001387     0.001376 
1930-1939     14     0.001470     0.001576     0.001524 
1930-1939     15     0.001741     0.001838     0.001790 
1930-1939     16     0.001940     0.002105     0.002023 
1930-1939     17     0.002088     0.002329     0.002208 
1930-1939     18     0.002267     0.002562     0.002413 
1930-1939     19     0.002472     0.002794     0.002631 
1930-1939     20     0.002512     0.002945     0.002725 
1930-1939     21     0.002685     0.003073     0.002875 
1930-1939     22     0.002712     0.003119     0.002910 
1930-1939     23     0.002743     0.003145     0.002938 
1930-1939     24     0.002799     0.003089     0.002940 
1930-1939     25     0.002778     0.003043     0.002907 
1930-1939     26     0.002824     0.003019     0.002918 
1930-1939     27     0.002871     0.003081     0.002973 
1930-1939     28     0.002929     0.003083     0.003004 
1930-1939     29     0.003017     0.003172     0.003093 
1930-1939     30     0.002998     0.003180     0.003087 
1930-1939     31     0.002987     0.003184     0.003082 
1930-1939     32     0.003167     0.003446     0.003301 
1930-1939     33     0.003192     0.003529     0.003353 
1930-1939     34     0.003324     0.003721     0.003513 
1930-1939     35     0.003435     0.004003     0.003704 
1930-1939     36     0.003644     0.004204     0.003907 
1930-1939     37     0.003696     0.004406     0.004027 
1930-1939     38     0.003987     0.004888     0.004405 
1930-1939     39     0.004129     0.005050     0.004553 
1930-1939     40     0.004321     0.005381     0.004807 
1930-1939     41     0.004289     0.005497     0.004843 
1930-1939     42     0.005022     0.006398     0.005652 
1930-1939     43     0.004913     0.006474     0.005628 
1930-1939     44     0.005127     0.006918     0.005949 
1930-1939     45     0.005531     0.007728     0.006541 
1930-1939     46     0.005947     0.008209     0.006989 
1930-1939     47     0.006501     0.008880     0.007599 
1930-1939     48     0.007049     0.009638     0.008245 
1930-1939     49     0.007664     0.010697     0.009067 
1930-1939     50     0.008119     0.011401     0.009639 
1930-1939     51     0.008183     0.011522     0.009731 
1930-1939     52     0.009701     0.013504     0.011466 
1930-1939     53     0.010016     0.014353     0.012033 
1930-1939     54     0.010899     0.015493     0.013041 
1930-1939     55     0.010860     0.015758     0.013151 
1930-1939     56     0.012480     0.017768     0.014961 
1930-1939     57     0.013311     0.018963     0.015969 
1930-1939     58     0.015107     0.021403     0.018071 
1930-1939     59     0.016154     0.023071     0.019411 
1930-1939     60     0.017451     0.024441     0.020739 
1930-1939     61     0.018178     0.025431     0.021588 
1930-1939     62     0.021461     0.029868     0.025409 
1930-1939     63     0.023762     0.032572     0.027888 
1930-1939     64     0.025928     0.035608     0.030445 
1930-1939     65     0.028342     0.038947     0.033263 
1930-1939     66     0.029326     0.039866     0.034187 
1930-1939     67     0.033124     0.045529     0.038808 
1930-1939     68     0.036963     0.050387     0.043063 
1930-1939     69     0.040858     0.056049     0.047694 
1930-1939     70     0.045564     0.060641     0.052273 
1930-1939     71     0.048048     0.064084     0.055099 
1930-1939     72     0.056812     0.075434     0.064898 
1930-1939     73     0.062522     0.082867     0.071243 
1930-1939     74     0.069354     0.092019     0.078944 
1930-1939     75     0.076328     0.098750     0.085688 
1930-1939     76     0.084448     0.109679     0.094826 
1930-1939     77     0.090120     0.118539     0.101612 
1930-1939     78     0.102056     0.132834     0.114273 
1930-1939     79     0.110438     0.144994     0.123899 
1930-1939     80     0.119467     0.151244     0.131648 
1930-1939     81     0.125056     0.158801     0.137724 
1930-1939     82     0.143581     0.181176     0.157367 
1930-1939     83     0.156896     0.195968     0.170854 
1930-1939     84     0.177726     0.219354     0.192192 
1930-1939     85     0.189584     0.233949     0.204553 
1930-1939     86     0.208246     0.255343     0.223645 
1930-1939     87     0.224414     0.275543     0.240599 
1930-1939     88     0.238740     0.288314     0.253945 
1930-1939     89     0.258162     0.314713     0.274942 
1930-1939     90     0.278813     0.333762     0.294528 
1930-1939     91     0.287532     0.348740     0.304365 
1930-1939     92     0.317284     0.367269     0.330541 
1930-1939     93     0.340328     0.406989     0.357427 
1930-1939     94     0.367912     0.449908     0.388011 
1930-1939     95     0.393905     0.451061     0.407274 
1930-1939     96     0.411591     0.504588     0.432322 
1930-1939     97     0.441710     0.496116     0.453158 
1930-1939     98     0.500264     0.524799     0.505312 
1930-1939     99     0.523168     0.645204     0.547480 
1930-1939    100     0.542101     0.586560     0.550358 
1930-1939    101     0.608612     0.576247     0.602487 
1930-1939    102     0.593014     0.664012     0.606977 
1930-1939    103     0.619256     0.656988     0.626333 
1930-1939    104     0.661608     0.697134     0.667682 
1930-1939    105     0.762672     0.619835     0.744036 
1930-1939    106     0.474308     1.165049     0.538117 
1930-1939    107     0.374649     2.112676     0.448430 
1930-1939    108     1.508621            .     1.508621 
1930-1939    109     2.054795            .     2.054795 
1930-1939    110+           .            .            . 
1940-1949      0     0.042926     0.055664     0.049461 
1940-1949      1     0.004874     0.005451     0.005170 
1940-1949      2     0.002640     0.002953     0.002800 
1940-1949      3     0.002044     0.002386     0.002218 
1940-1949      4     0.001674     0.002057     0.001869 
1940-1949      5     0.001554     0.001895     0.001727 
1940-1949      6     0.001273     0.001667     0.001473 
1940-1949      7     0.001069     0.001377     0.001225 
1940-1949      8     0.000938     0.001192     0.001067 
1940-1949      9     0.000828     0.001095     0.000964 
1940-1949     10     0.000805     0.001019     0.000914 
1940-1949     11     0.000780     0.000978     0.000880 
1940-1949     12     0.000846     0.001003     0.000925 
1940-1949     13     0.000936     0.001087     0.001012 
1940-1949     14     0.001085     0.001286     0.001186 
1940-1949     15     0.001330     0.001545     0.001436 
1940-1949     16     0.001497     0.001800     0.001645 
1940-1949     17     0.001651     0.002135     0.001879 
1940-1949     18     0.001838     0.002385     0.002076 
1940-1949     19     0.002036     0.002747     0.002320 
1940-1949     20     0.002175     0.003011     0.002489 
1940-1949     21     0.002251     0.003284     0.002621 
1940-1949     22     0.002299     0.003506     0.002721 
1940-1949     23     0.002336     0.003526     0.002754 
1940-1949     24     0.002340     0.003527     0.002770 
1940-1949     25     0.002372     0.003269     0.002712 
1940-1949     26     0.002324     0.003131     0.002643 
1940-1949     27     0.002311     0.003041     0.002608 
1940-1949     28     0.002334     0.003047     0.002629 
1940-1949     29     0.002368     0.003018     0.002639 
1940-1949     30     0.002406     0.003132     0.002711 
1940-1949     31     0.002324     0.003164     0.002680 
1940-1949     32     0.002430     0.003240     0.002777 
1940-1949     33     0.002439     0.003231     0.002783 
1940-1949     34     0.002501     0.003306     0.002854 
1940-1949     35     0.002579     0.003485     0.002982 
1940-1949     36     0.002648     0.003484     0.003024 
1940-1949     37     0.002714     0.003669     0.003149 
1940-1949     38     0.002927     0.003899     0.003374 
1940-1949     39     0.003063     0.004180     0.003581 
1940-1949     40     0.003191     0.004361     0.003737 
1940-1949     41     0.003295     0.004570     0.003893 
1940-1949     42     0.003707     0.005197     0.004406 
1940-1949     43     0.003869     0.005390     0.004581 
1940-1949     44     0.004054     0.005836     0.004886 
1940-1949     45     0.004450     0.006494     0.005400 
1940-1949     46     0.004775     0.006969     0.005789 
1940-1949     47     0.005162     0.007772     0.006362 
1940-1949     48     0.005631     0.008368     0.006884 
1940-1949     49     0.006232     0.009333     0.007647 
1940-1949     50     0.006592     0.010028     0.008158 
1940-1949     51     0.006743     0.010480     0.008446 
1940-1949     52     0.007694     0.012237     0.009765 
1940-1949     53     0.008166     0.013245     0.010482 
1940-1949     54     0.008935     0.014486     0.011466 
1940-1949     55     0.009060     0.014976     0.011755 
1940-1949     56     0.010217     0.017085     0.013340 
1940-1949     57     0.010893     0.018695     0.014434 
1940-1949     58     0.012341     0.020711     0.016133 
1940-1949     59     0.013558     0.022847     0.017760 
1940-1949     60     0.014585     0.024023     0.018847 
1940-1949     61     0.015043     0.025164     0.019605 
1940-1949     62     0.017837     0.028750     0.022746 
1940-1949     63     0.019633     0.031796     0.025095 
1940-1949     64     0.021441     0.034921     0.027484 
1940-1949     65     0.023567     0.037098     0.029622 
1940-1949     66     0.024746     0.038217     0.030767 
1940-1949     67     0.028533     0.043204     0.035082 
1940-1949     68     0.031630     0.046990     0.038470 
1940-1949     69     0.035249     0.051965     0.042666 
1940-1949     70     0.039364     0.055313     0.046413 
1940-1949     71     0.041255     0.057467     0.048390 
1940-1949     72     0.049037     0.067685     0.057198 
1940-1949     73     0.054615     0.073524     0.062821 
1940-1949     74     0.060176     0.081026     0.069119 
1940-1949     75     0.066121     0.087988     0.075364 
1940-1949     76     0.073936     0.098380     0.084105 
1940-1949     77     0.078833     0.105558     0.089760 
1940-1949     78     0.089399     0.118399     0.101027 
1940-1949     79     0.099254     0.131486     0.111901 
1940-1949     80     0.106499     0.138963     0.118965 
1940-1949     81     0.113565     0.146334     0.125885 
1940-1949     82     0.129598     0.168247     0.143809 
1940-1949     83     0.143976     0.185466     0.158849 
1940-1949     84     0.160900     0.204812     0.176205 
1940-1949     85     0.174466     0.219158     0.189580 
1940-1949     86     0.191683     0.242316     0.208266 
1940-1949     87     0.207373     0.262753     0.224852 
1940-1949     88     0.221182     0.272049     0.236619 
1940-1949     89     0.245062     0.304617     0.262412 
1940-1949     90     0.265044     0.318498     0.279955 
1940-1949     91     0.274223     0.334632     0.290380 
1940-1949     92     0.300915     0.358058     0.315536 
1940-1949     93     0.328530     0.379860     0.341123 
1940-1949     94     0.350239     0.418218     0.366213 
1940-1949     95     0.380638     0.452476     0.396656 
1940-1949     96     0.418165     0.485050     0.432288 
1940-1949     97     0.444980     0.515994     0.459174 
1940-1949     98     0.504118     0.551827     0.513161 
1940-1949     99     0.517029     0.615325     0.534600 
1940-1949    100     0.550846     0.539411     0.548890 
1940-1949    101     0.532900     0.652101     0.552683 
1940-1949    102     0.624229     0.781789     0.647446 
1940-1949    103     0.767283     0.442422     0.717879 
1940-1949    104     0.755551     0.674916     0.738313 
1940-1949    105     0.522030     0.765585     0.586460 
1940-1949    106     0.602637     0.336700     0.520427 
1940-1949    107     0.435941     0.506757     0.461752 
1940-1949    108     2.076125     1.027397     1.607348 
1940-1949    109            .     2.112676     2.112676 
1940-1949    110+           .            .            . 
1950-1959      0     0.023531     0.030416     0.027064 
1950-1959      1     0.001733     0.001965     0.001852 
1950-1959      2     0.001007     0.001192     0.001102 
1950-1959      3     0.000756     0.000923     0.000842 
1950-1959      4     0.000581     0.000762     0.000674 
1950-1959      5     0.000521     0.000680     0.000602 
1950-1959      6     0.000431     0.000604     0.000520 
1950-1959      7     0.000361     0.000560     0.000463 
1950-1959      8     0.000323     0.000483     0.000405 
1950-1959      9     0.000294     0.000425     0.000361 
1950-1959     10     0.000299     0.000427     0.000364 
1950-1959     11     0.000276     0.000404     0.000342 
1950-1959     12     0.000330     0.000448     0.000390 
1950-1959     13     0.000348     0.000479     0.000415 
1950-1959     14     0.000350     0.000549     0.000451 
1950-1959     15     0.000385     0.000662     0.000524 
1950-1959     16     0.000448     0.000770     0.000609 
1950-1959     17     0.000501     0.000875     0.000688 
1950-1959     18     0.000542     0.000989     0.000763 
1950-1959     19     0.000581     0.001061     0.000817 
1950-1959     20     0.000602     0.001168     0.000880 
1950-1959     21     0.000690     0.001210     0.000946 
1950-1959     22     0.000712     0.001215     0.000960 
1950-1959     23     0.000759     0.001204     0.000979 
1950-1959     24     0.000796     0.001195     0.000993 
1950-1959     25     0.000843     0.001216     0.001028 
1950-1959     26     0.000877     0.001245     0.001060 
1950-1959     27     0.000913     0.001228     0.001070 
1950-1959     28     0.000983     0.001299     0.001140 
1950-1959     29     0.001045     0.001348     0.001196 
1950-1959     30     0.001091     0.001407     0.001248 
1950-1959     31     0.001110     0.001360     0.001234 
1950-1959     32     0.001220     0.001494     0.001355 
1950-1959     33     0.001219     0.001565     0.001390 
1950-1959     34     0.001348     0.001629     0.001486 
1950-1959     35     0.001440     0.001845     0.001639 
1950-1959     36     0.001531     0.001875     0.001700 
1950-1959     37     0.001633     0.002046     0.001836 
1950-1959     38     0.001798     0.002261     0.002026 
1950-1959     39     0.001956     0.002446     0.002197 
1950-1959     40     0.002085     0.002647     0.002361 
1950-1959     41     0.002227     0.002907     0.002561 
1950-1959     42     0.002532     0.003351     0.002934 
1950-1959     43     0.002701     0.003571     0.003128 
1950-1959     44     0.002906     0.003953     0.003420 
1950-1959     45     0.003172     0.004485     0.003816 
1950-1959     46     0.003498     0.005075     0.004271 
1950-1959     47     0.003852     0.005672     0.004742 
1950-1959     48     0.004263     0.006399     0.005307 
1950-1959     49     0.004651     0.007359     0.005972 
1950-1959     50     0.005038     0.008107     0.006531 
1950-1959     51     0.005258     0.008884     0.007013 
1950-1959     52     0.005984     0.010299     0.008059 
1950-1959     53     0.006456     0.011614     0.008916 
1950-1959     54     0.007071     0.012882     0.009817 
1950-1959     55     0.007339     0.013794     0.010361 
1950-1959     56     0.008385     0.015834     0.011839 
1950-1959     57     0.009038     0.017767     0.013042 
1950-1959     58     0.010160     0.019875     0.014567 
1950-1959     59     0.011078     0.021624     0.015808 
1950-1959     60     0.012107     0.023109     0.016991 
1950-1959     61     0.012985     0.025037     0.018287 
1950-1959     62     0.015038     0.028738     0.021021 
1950-1959     63     0.016762     0.031721     0.023247 
1950-1959     64     0.018352     0.035172     0.025593 
1950-1959     65     0.020221     0.037871     0.027770 
1950-1959     66     0.021746     0.039319     0.029207 
1950-1959     67     0.024872     0.044644     0.033204 
1950-1959     68     0.027562     0.048457     0.036305 
1950-1959     69     0.031277     0.053177     0.040376 
1950-1959     70     0.034257     0.056983     0.043629 
1950-1959     71     0.036923     0.060182     0.046431 
1950-1959     72     0.043231     0.069808     0.054009 
1950-1959     73     0.048772     0.075912     0.059693 
1950-1959     74     0.054920     0.083084     0.066178 
1950-1959     75     0.060302     0.089508     0.071899 
1950-1959     76     0.067801     0.099187     0.080160 
1950-1959     77     0.073130     0.105675     0.085829 
1950-1959     78     0.083541     0.117866     0.096803 
1950-1959     79     0.092990     0.130168     0.107182 
1950-1959     80     0.101095     0.136810     0.114543 
1950-1959     81     0.108367     0.146812     0.122621 
1950-1959     82     0.123761     0.166271     0.139224 
1950-1959     83     0.137542     0.182289     0.153457 
1950-1959     84     0.154406     0.202614     0.171116 
1950-1959     85     0.166592     0.216708     0.183460 
1950-1959     86     0.186110     0.240889     0.203954 
1950-1959     87     0.199333     0.259768     0.218293 
1950-1959     88     0.215071     0.279220     0.234376 
1950-1959     89     0.237603     0.302319     0.256245 
1950-1959     90     0.254472     0.323091     0.273343 
1950-1959     91     0.269174     0.342397     0.288321 
1950-1959     92     0.296813     0.373225     0.315732 
1950-1959     93     0.318846     0.397485     0.337245 
1950-1959     94     0.343755     0.425753     0.361864 
1950-1959     95     0.368678     0.473706     0.390365 
1950-1959     96     0.403460     0.501339     0.422271 
1950-1959     97     0.436796     0.511633     0.450388 
1950-1959     98     0.457174     0.561194     0.475031 
1950-1959     99     0.490170     0.629769     0.511949 
1950-1959    100     0.521614     0.610473     0.533948 
1950-1959    101     0.555674     0.544271     0.554175 
1950-1959    102     0.592002     0.733883     0.609786 
1950-1959    103     0.670829     0.582725     0.660278 
1950-1959    104     0.514644     0.808898     0.549342 
1950-1959    105     0.736061     1.083358     0.768182 
1950-1959    106     0.688817     0.702576     0.689567 
1950-1959    107     1.160542     0.000000     1.137690 
1950-1959    108     1.083521            .     1.083521 
1950-1959    109     2.097902            .     2.097902 
1950-1959    110+           .            .            . 
1960-1969      0     0.018164     0.023648     0.020971 
1960-1969      1     0.001258     0.001471     0.001367 
1960-1969      2     0.000738     0.000932     0.000837 
1960-1969      3     0.000560     0.000701     0.000632 
1960-1969      4     0.000484     0.000608     0.000548 
1960-1969      5     0.000397     0.000555     0.000478 
1960-1969      6     0.000313     0.000493     0.000405 
1960-1969      7     0.000297     0.000452     0.000377 
1960-1969      8     0.000282     0.000420     0.000353 
1960-1969      9     0.000244     0.000413     0.000331 
1960-1969     10     0.000233     0.000378     0.000308 
1960-1969     11     0.000246     0.000364     0.000307 
1960-1969     12     0.000258     0.000388     0.000325 
1960-1969     13     0.000267     0.000424     0.000347 
1960-1969     14     0.000270     0.000479     0.000377 
1960-1969     15     0.000308     0.000542     0.000428 
1960-1969     16     0.000364     0.000844     0.000610 
1960-1969     17     0.000390     0.001044     0.000724 
1960-1969     18     0.000405     0.001122     0.000768 
1960-1969     19     0.000448     0.001145     0.000799 
1960-1969     20     0.000426     0.001104     0.000765 
1960-1969     21     0.000442     0.001085     0.000763 
1960-1969     22     0.000452     0.001059     0.000755 
1960-1969     23     0.000474     0.001001     0.000738 
1960-1969     24     0.000487     0.000998     0.000743 
1960-1969     25     0.000522     0.000975     0.000751 
1960-1969     26     0.000553     0.000993     0.000775 
1960-1969     27     0.000562     0.000974     0.000770 
1960-1969     28     0.000622     0.000997     0.000811 
1960-1969     29     0.000669     0.001050     0.000862 
1960-1969     30     0.000717     0.001091     0.000907 
1960-1969     31     0.000738     0.001108     0.000925 
1960-1969     32     0.000837     0.001190     0.001015 
1960-1969     33     0.000887     0.001246     0.001068 
1960-1969     34     0.000990     0.001390     0.001191 
1960-1969     35     0.001089     0.001519     0.001305 
1960-1969     36     0.001162     0.001647     0.001406 
1960-1969     37     0.001309     0.001793     0.001551 
1960-1969     38     0.001489     0.002052     0.001770 
1960-1969     39     0.001621     0.002237     0.001928 
1960-1969     40     0.001787     0.002515     0.002149 
1960-1969     41     0.001928     0.002724     0.002324 
1960-1969     42     0.002246     0.003148     0.002693 
1960-1969     43     0.002429     0.003445     0.002931 
1960-1969     44     0.002644     0.003787     0.003208 
1960-1969     45     0.002885     0.004304     0.003584 
1960-1969     46     0.003196     0.004769     0.003969 
1960-1969     47     0.003547     0.005418     0.004464 
1960-1969     48     0.003783     0.005953     0.004845 
1960-1969     49     0.004247     0.006747     0.005466 
1960-1969     50     0.004568     0.007448     0.005973 
1960-1969     51     0.004804     0.008221     0.006469 
1960-1969     52     0.005448     0.009430     0.007387 
1960-1969     53     0.005905     0.010516     0.008146 
1960-1969     54     0.006453     0.011772     0.009031 
1960-1969     55     0.006695     0.012931     0.009710 
1960-1969     56     0.007512     0.014755     0.011002 
1960-1969     57     0.008133     0.016402     0.012101 
1960-1969     58     0.009060     0.018528     0.013584 
1960-1969     59     0.009886     0.020608     0.014981 
1960-1969     60     0.010910     0.022613     0.016428 
1960-1969     61     0.011745     0.024594     0.017735 
1960-1969     62     0.013459     0.028181     0.020224 
1960-1969     63     0.014852     0.031097     0.022198 
1960-1969     64     0.016368     0.034593     0.024476 
1960-1969     65     0.017982     0.037353     0.026455 
1960-1969     66     0.019529     0.039770     0.028224 
1960-1969     67     0.022401     0.045170     0.031995 
1960-1969     68     0.024967     0.048671     0.034758 
1960-1969     69     0.027582     0.053233     0.037987 
1960-1969     70     0.030843     0.056986     0.041268 
1960-1969     71     0.033294     0.060858     0.044110 
1960-1969     72     0.038803     0.068815     0.050398 
1960-1969     73     0.043186     0.074729     0.055182 
1960-1969     74     0.048564     0.081647     0.060952 
1960-1969     75     0.053314     0.087545     0.065927 
1960-1969     76     0.059809     0.096116     0.072978 
1960-1969     77     0.064531     0.101706     0.077771 
1960-1969     78     0.073244     0.111498     0.086637 
1960-1969     79     0.080636     0.121454     0.094626 
1960-1969     80     0.089630     0.130058     0.103248 
1960-1969     81     0.097156     0.138576     0.110874 
1960-1969     82     0.110675     0.155958     0.125410 
1960-1969     83     0.123019     0.167982     0.137384 
1960-1969     84     0.136911     0.187921     0.152899 
1960-1969     85     0.149179     0.198378     0.164282 
1960-1969     86     0.166384     0.220064     0.182512 
1960-1969     87     0.180488     0.238338     0.197429 
1960-1969     88     0.193867     0.253465     0.210817 
1960-1969     89     0.212980     0.277495     0.230743 
1960-1969     90     0.231880     0.292368     0.247961 
1960-1969     91     0.245839     0.309772     0.262220 
1960-1969     92     0.273869     0.347165     0.291854 
1960-1969     93     0.298803     0.361856     0.313566 
1960-1969     94     0.318597     0.393909     0.335346 
1960-1969     95     0.340597     0.413293     0.355808 
1960-1969     96     0.379388     0.461688     0.395542 
1960-1969     97     0.385327     0.475287     0.401682 
1960-1969     98     0.429385     0.504835     0.442061 
1960-1969     99     0.421895     0.511356     0.435827 
1960-1969    100     0.484433     0.593569     0.499955 
1960-1969    101     0.507944     0.662176     0.527498 
1960-1969    102     0.513475     0.737487     0.537799 
1960-1969    103     0.619843     0.709864     0.628592 
1960-1969    104     0.601689     0.732047     0.613711 
1960-1969    105     0.802001     0.429236     0.765798 
1960-1969    106     0.609750     1.031941     0.659070 
1960-1969    107     0.534402     0.308483     0.505902 
1960-1969    108     0.737748     0.405405     0.669176 
1960-1969    109     0.875486     0.000000     0.552826 
1960-1969    110+    0.699301     1.034483     0.891972 
1970-1979      0     0.013984     0.018124     0.016110 
1970-1979      1     0.000975     0.001110     0.001044 
1970-1979      2     0.000568     0.000718     0.000645 
1970-1979      3     0.000461     0.000588     0.000526 
1970-1979      4     0.000365     0.000479     0.000423 
1970-1979      5     0.000316     0.000444     0.000381 
1970-1979      6     0.000269     0.000417     0.000345 
1970-1979      7     0.000244     0.000369     0.000308 
1970-1979      8     0.000227     0.000331     0.000280 
1970-1979      9     0.000213     0.000325     0.000270 
1970-1979     10     0.000212     0.000307     0.000261 
1970-1979     11     0.000200     0.000309     0.000256 
1970-1979     12     0.000206     0.000303     0.000256 
1970-1979     13     0.000207     0.000348     0.000279 
1970-1979     14     0.000234     0.000405     0.000321 
1970-1979     15     0.000275     0.000462     0.000371 
1970-1979     16     0.000362     0.000683     0.000526 
1970-1979     17     0.000395     0.001073     0.000741 
1970-1979     18     0.000408     0.001144     0.000783 
1970-1979     19     0.000402     0.001140     0.000778 
1970-1979     20     0.000428     0.001097     0.000768 
1970-1979     21     0.000409     0.001059     0.000739 
1970-1979     22     0.000416     0.001012     0.000718 
1970-1979     23     0.000426     0.000955     0.000694 
1970-1979     24     0.000428     0.000901     0.000667 
1970-1979     25     0.000446     0.000900     0.000675 
1970-1979     26     0.000470     0.000918     0.000696 
1970-1979     27     0.000483     0.000920     0.000704 
1970-1979     28     0.000505     0.000898     0.000704 
1970-1979     29     0.000550     0.000940     0.000747 
1970-1979     30     0.000580     0.000982     0.000784 
1970-1979     31     0.000592     0.001005     0.000801 
1970-1979     32     0.000691     0.001087     0.000891 
1970-1979     33     0.000749     0.001125     0.000939 
1970-1979     34     0.000821     0.001229     0.001028 
1970-1979     35     0.000884     0.001364     0.001127 
1970-1979     36     0.001010     0.001473     0.001244 
1970-1979     37     0.001150     0.001601     0.001378 
1970-1979     38     0.001239     0.001718     0.001481 
1970-1979     39     0.001371     0.001972     0.001674 
1970-1979     40     0.001564     0.002176     0.001872 
1970-1979     41     0.001718     0.002458     0.002090 
1970-1979     42     0.001954     0.002845     0.002401 
1970-1979     43     0.002167     0.003162     0.002666 
1970-1979     44     0.002424     0.003577     0.003001 
1970-1979     45     0.002680     0.004100     0.003389 
1970-1979     46     0.002999     0.004559     0.003776 
1970-1979     47     0.003381     0.005175     0.004272 
1970-1979     48     0.003726     0.005737     0.004722 
1970-1979     49     0.004115     0.006611     0.005349 
1970-1979     50     0.004547     0.007441     0.005973 
1970-1979     51     0.004899     0.008135     0.006490 
1970-1979     52     0.005375     0.009130     0.007216 
1970-1979     53     0.005787     0.010183     0.007934 
1970-1979     54     0.006249     0.011309     0.008711 
1970-1979     55     0.006821     0.012445     0.009547 
1970-1979     56     0.007350     0.013652     0.010391 
1970-1979     57     0.008117     0.015224     0.011532 
1970-1979     58     0.008820     0.016915     0.012692 
1970-1979     59     0.009568     0.018651     0.013891 
1970-1979     60     0.010479     0.020446     0.015198 
1970-1979     61     0.011363     0.022766     0.016732 
1970-1979     62     0.012581     0.025145     0.018461 
1970-1979     63     0.013673     0.027586     0.020138 
1970-1979     64     0.015116     0.030840     0.022363 
1970-1979     65     0.016556     0.033905     0.024476 
1970-1979     66     0.018127     0.037022     0.026657 
1970-1979     67     0.020169     0.041103     0.029502 
1970-1979     68     0.022080     0.045105     0.032199 
1970-1979     69     0.024705     0.049843     0.035563 
1970-1979     70     0.027424     0.054634     0.038943 
1970-1979     71     0.030107     0.059231     0.042154 
1970-1979     72     0.034178     0.065341     0.046743 
1970-1979     73     0.037922     0.072153     0.051340 
1970-1979     74     0.042462     0.078812     0.056294 
1970-1979     75     0.047031     0.085355     0.061180 
1970-1979     76     0.052833     0.092957     0.067200 
1970-1979     77     0.058475     0.099773     0.072809 
1970-1979     78     0.064878     0.108054     0.079389 
1970-1979     79     0.072868     0.117483     0.087398 
1970-1979     80     0.080927     0.127194     0.095480 
1970-1979     81     0.088816     0.135983     0.103229 
1970-1979     82     0.100040     0.149761     0.114816 
1970-1979     83     0.111305     0.161861     0.125913 
1970-1979     84     0.124103     0.176585     0.138845 
1970-1979     85     0.136578     0.190502     0.151288 
1970-1979     86     0.152100     0.206142     0.166408 
1970-1979     87     0.163605     0.222232     0.178649 
1970-1979     88     0.179701     0.239480     0.194547 
1970-1979     89     0.197923     0.258364     0.212443 
1970-1979     90     0.218282     0.278765     0.232324 
1970-1979     91     0.233991     0.299723     0.248729 
1970-1979     92     0.259173     0.327751     0.273974 
1970-1979     93     0.283954     0.349207     0.297500 
1970-1979     94     0.305819     0.375065     0.319660 
1970-1979     95     0.331664     0.410501     0.346743 
1970-1979     96     0.359129     0.437974     0.373484 
1970-1979     97     0.378265     0.466454     0.393472 
1970-1979     98     0.409087     0.502386     0.424190 
1970-1979     99     0.426421     0.526197     0.441513 
1970-1979    100     0.455516     0.566396     0.471068 
1970-1979    101     0.508052     0.655742     0.526936 
1970-1979    102     0.499869     0.543034     0.504902 
1970-1979    103     0.553324     0.645669     0.563382 
1970-1979    104     0.627784     0.811337     0.644826 
1970-1979    105     0.652448     0.857852     0.667037 
1970-1979    106     0.619783     0.849515     0.632660 
1970-1979    107     0.674278     0.884086     0.684649 
1970-1979    108     0.846470     0.000000     0.788436 
1970-1979    109     0.786222     0.681818     0.771456 
1970-1979    110+    0.815217     0.182927     0.482005 
1980-1989      0     0.008713     0.011327     0.010052 
1980-1989      1     0.000674     0.000776     0.000726 
1980-1989      2     0.000401     0.000479     0.000441 
1980-1989      3     0.000292     0.000380     0.000337 
1980-1989      4     0.000243     0.000310     0.000277 
1980-1989      5     0.000205     0.000276     0.000241 
1980-1989      6     0.000196     0.000252     0.000225 
1980-1989      7     0.000167     0.000254     0.000212 
1980-1989      8     0.000164     0.000236     0.000201 
1980-1989      9     0.000160     0.000215     0.000188 
1980-1989     10     0.000166     0.000219     0.000193 
1980-1989     11     0.000159     0.000250     0.000206 
1980-1989     12     0.000177     0.000246     0.000213 
1980-1989     13     0.000188     0.000287     0.000239 
1980-1989     14     0.000206     0.000347     0.000278 
1980-1989     15     0.000239     0.000416     0.000330 
1980-1989     16     0.000281     0.000540     0.000414 
1980-1989     17     0.000320     0.000889     0.000611 
1980-1989     18     0.000346     0.000971     0.000664 
1980-1989     19     0.000321     0.000961     0.000647 
1980-1989     20     0.000340     0.000967     0.000658 
1980-1989     21     0.000323     0.000894     0.000612 
1980-1989     22     0.000326     0.000885     0.000608 
1980-1989     23     0.000339     0.000836     0.000590 
1980-1989     24     0.000339     0.000827     0.000585 
1980-1989     25     0.000363     0.000820     0.000593 
1980-1989     26     0.000384     0.000843     0.000614 
1980-1989     27     0.000401     0.000845     0.000624 
1980-1989     28     0.000420     0.000881     0.000652 
1980-1989     29     0.000458     0.000865     0.000663 
1980-1989     30     0.000494     0.000910     0.000703 
1980-1989     31     0.000540     0.000933     0.000738 
1980-1989     32     0.000573     0.001002     0.000789 
1980-1989     33     0.000634     0.001053     0.000845 
1980-1989     34     0.000692     0.001095     0.000895 
1980-1989     35     0.000765     0.001179     0.000973 
1980-1989     36     0.000818     0.001247     0.001033 
1980-1989     37     0.000898     0.001364     0.001131 
1980-1989     38     0.001000     0.001453     0.001227 
1980-1989     39     0.001097     0.001602     0.001350 
1980-1989     40     0.001208     0.001852     0.001531 
1980-1989     41     0.001333     0.002023     0.001680 
1980-1989     42     0.001490     0.002218     0.001856 
1980-1989     43     0.001685     0.002481     0.002085 
1980-1989     44     0.001869     0.002845     0.002360 
1980-1989     45     0.002109     0.003251     0.002683 
1980-1989     46     0.002307     0.003620     0.002966 
1980-1989     47     0.002577     0.004048     0.003314 
1980-1989     48     0.002868     0.004494     0.003682 
1980-1989     49     0.003236     0.005103     0.004169 
1980-1989     50     0.003571     0.005728     0.004648 
1980-1989     51     0.003862     0.006351     0.005102 
1980-1989     52     0.004355     0.007109     0.005724 
1980-1989     53     0.004869     0.008125     0.006484 
1980-1989     54     0.005360     0.009170     0.007245 
1980-1989     55     0.005958     0.010195     0.008047 
1980-1989     56     0.006599     0.011499     0.009005 
1980-1989     57     0.007256     0.012848     0.009990 
1980-1989     58     0.008000     0.014336     0.011081 
1980-1989     59     0.008895     0.016046     0.012352 
1980-1989     60     0.009947     0.017969     0.013803 
1980-1989     61     0.010703     0.019650     0.014976 
1980-1989     62     0.011838     0.021601     0.016467 
1980-1989     63     0.012926     0.023812     0.018046 
1980-1989     64     0.014131     0.026325     0.019816 
1980-1989     65     0.015425     0.029004     0.021695 
1980-1989     66     0.016866     0.031565     0.023588 
1980-1989     67     0.018591     0.034852     0.025953 
1980-1989     68     0.020152     0.038269     0.028260 
1980-1989     69     0.022308     0.042049     0.031031 
1980-1989     70     0.024607     0.046126     0.033985 
1980-1989     71     0.026935     0.050585     0.037093 
1980-1989     72     0.030143     0.056382     0.041233 
1980-1989     73     0.033171     0.061567     0.044955 
1980-1989     74     0.036860     0.067538     0.049329 
1980-1989     75     0.040853     0.073704     0.053894 
1980-1989     76     0.045145     0.080833     0.058961 
1980-1989     77     0.049766     0.088121     0.064197 
1980-1989     78     0.055204     0.096109     0.070113 
1980-1989     79     0.061784     0.105135     0.077043 
1980-1989     80     0.069706     0.116057     0.085364 
1980-1989     81     0.077043     0.125372     0.092692 
1980-1989     82     0.086285     0.136853     0.101933 
1980-1989     83     0.095973     0.149363     0.111721 
1980-1989     84     0.106718     0.161474     0.122088 
1980-1989     85     0.118112     0.176086     0.133570 
1980-1989     86     0.132083     0.191891     0.147215 
1980-1989     87     0.145064     0.205324     0.159538 
1980-1989     88     0.159157     0.221908     0.173468 
1980-1989     89     0.177690     0.238598     0.190897 
1980-1989     90     0.195626     0.257501     0.208432 
1980-1989     91     0.212604     0.277018     0.225371 
1980-1989     92     0.235584     0.301478     0.248093 
1980-1989     93     0.257379     0.324706     0.269612 
1980-1989     94     0.278964     0.352968     0.291796 
1980-1989     95     0.300302     0.373372     0.312344 
1980-1989     96     0.327079     0.403184     0.338993 
1980-1989     97     0.347514     0.414693     0.357505 
1980-1989     98     0.367728     0.452715     0.379722 
1980-1989     99     0.386136     0.457774     0.395678 
1980-1989    100     0.444035     0.522460     0.453863 
1980-1989    101     0.470406     0.550609     0.479821 
1980-1989    102     0.500167     0.537204     0.504287 
1980-1989    103     0.500791     0.595181     0.510743 
1980-1989    104     0.558797     0.580605     0.560980 
1980-1989    105     0.635715     0.604676     0.632586 
1980-1989    106     0.608127     0.723484     0.619195 
1980-1989    107     0.692659     0.442338     0.669975 
1980-1989    108     1.108575     1.014493     1.099062 
1980-1989    109     0.900141     1.458080     0.940111 
1980-1989    110+    1.007388            .     1.007388 
1990-1999      0     0.005645     0.007208     0.006445 
1990-1999      1     0.000471     0.000551     0.000512 
1990-1999      2     0.000279     0.000343     0.000312 
1990-1999      3     0.000201     0.000254     0.000228 
1990-1999      4     0.000145     0.000211     0.000179 
1990-1999      5     0.000142     0.000179     0.000161 
1990-1999      6     0.000136     0.000169     0.000153 
1990-1999      7     0.000115     0.000154     0.000135 
1990-1999      8     0.000105     0.000161     0.000134 
1990-1999      9     0.000117     0.000158     0.000138 
1990-1999     10     0.000119     0.000159     0.000139 
1990-1999     11     0.000118     0.000171     0.000145 
1990-1999     12     0.000132     0.000195     0.000164 
1990-1999     13     0.000141     0.000221     0.000182 
1990-1999     14     0.000180     0.000268     0.000225 
1990-1999     15     0.000207     0.000341     0.000276 
1990-1999     16     0.000255     0.000465     0.000362 
1990-1999     17     0.000299     0.000681     0.000494 
1990-1999     18     0.000297     0.000844     0.000575 
1990-1999     19     0.000315     0.000869     0.000593 
1990-1999     20     0.000304     0.000885     0.000598 
1990-1999     21     0.000328     0.000916     0.000625 
1990-1999     22     0.000316     0.000909     0.000615 
1990-1999     23     0.000308     0.000916     0.000613 
1990-1999     24     0.000335     0.000913     0.000624 
1990-1999     25     0.000329     0.000916     0.000622 
1990-1999     26     0.000353     0.000936     0.000644 
1990-1999     27     0.000385     0.000946     0.000664 
1990-1999     28     0.000398     0.000956     0.000676 
1990-1999     29     0.000409     0.000994     0.000700 
1990-1999     30     0.000438     0.001006     0.000721 
1990-1999     31     0.000482     0.001061     0.000770 
1990-1999     32     0.000529     0.001084     0.000805 
1990-1999     33     0.000568     0.001130     0.000847 
1990-1999     34     0.000607     0.001148     0.000875 
1990-1999     35     0.000686     0.001211     0.000947 
1990-1999     36     0.000748     0.001283     0.001014 
1990-1999     37     0.000812     0.001368     0.001088 
1990-1999     38     0.000880     0.001478     0.001177 
1990-1999     39     0.000983     0.001629     0.001304 
1990-1999     40     0.001072     0.001725     0.001397 
1990-1999     41     0.001201     0.001911     0.001554 
1990-1999     42     0.001322     0.002047     0.001683 
1990-1999     43     0.001452     0.002259     0.001853 
1990-1999     44     0.001611     0.002405     0.002007 
1990-1999     45     0.001784     0.002687     0.002234 
1990-1999     46     0.001925     0.002959     0.002440 
1990-1999     47     0.002166     0.003220     0.002691 
1990-1999     48     0.002338     0.003529     0.002931 
1990-1999     49     0.002555     0.003939     0.003245 
1990-1999     50     0.002923     0.004389     0.003653 
1990-1999     51     0.003193     0.004893     0.004040 
1990-1999     52     0.003526     0.005500     0.004509 
1990-1999     53     0.003782     0.006176     0.004973 
1990-1999     54     0.004176     0.006825     0.005493 
1990-1999     55     0.004631     0.007626     0.006118 
1990-1999     56     0.005041     0.008444     0.006728 
1990-1999     57     0.005717     0.009566     0.007623 
1990-1999     58     0.006229     0.010494     0.008336 
1990-1999     59     0.007008     0.011653     0.009297 
1990-1999     60     0.007857     0.013069     0.010415 
1990-1999     61     0.008714     0.014578     0.011578 
1990-1999     62     0.009569     0.016228     0.012804 
1990-1999     63     0.010525     0.018190     0.014228 
1990-1999     64     0.011786     0.020459     0.015948 
1990-1999     65     0.013261     0.022859     0.017834 
1990-1999     66     0.014505     0.025211     0.019562 
1990-1999     67     0.016101     0.028325     0.021818 
1990-1999     68     0.017787     0.031001     0.023900 
1990-1999     69     0.019720     0.034363     0.026415 
1990-1999     70     0.022133     0.038233     0.029401 
1990-1999     71     0.024070     0.041963     0.032038 
1990-1999     72     0.026816     0.045855     0.035164 
1990-1999     73     0.029737     0.050438     0.038664 
1990-1999     74     0.032450     0.055529     0.042221 
1990-1999     75     0.035711     0.060481     0.045987 
1990-1999     76     0.039614     0.066638     0.050593 
1990-1999     77     0.043939     0.072983     0.055475 
1990-1999     78     0.048806     0.080427     0.061062 
1990-1999     79     0.054065     0.088550     0.067076 
1990-1999     80     0.060645     0.098194     0.074320 
1990-1999     81     0.067492     0.106932     0.081403 
1990-1999     82     0.075588     0.118169     0.090102 
1990-1999     83     0.083933     0.129520     0.098896 
1990-1999     84     0.093386     0.142106     0.108723 
1990-1999     85     0.104025     0.154372     0.119176 
1990-1999     86     0.116574     0.168667     0.131525 
1990-1999     87     0.129330     0.184871     0.144471 
1990-1999     88     0.143015     0.200718     0.157889 
1990-1999     89     0.159450     0.219686     0.174082 
1990-1999     90     0.177904     0.240576     0.192191 
1990-1999     91     0.196509     0.258335     0.209698 
1990-1999     92     0.217852     0.286617     0.231530 
1990-1999     93     0.240837     0.312303     0.254027 
1990-1999     94     0.265186     0.334356     0.277026 
1990-1999     95     0.288905     0.365807     0.301096 
1990-1999     96     0.318460     0.391321     0.329159 
1990-1999     97     0.342765     0.425469     0.354044 
1990-1999     98     0.364439     0.437336     0.373682 
1990-1999     99     0.395861     0.486031     0.406478 
1990-1999    100     0.435312     0.513442     0.443838 
1990-1999    101     0.468054     0.570032     0.478514 
1990-1999    102     0.499852     0.612309     0.510540 
1990-1999    103     0.524188     0.607423     0.531502 
1990-1999    104     0.573195     0.628667     0.577820 
1990-1999    105     0.608001     0.673296     0.613268 
1990-1999    106     0.655509     0.680919     0.657540 
1990-1999    107     0.650563     0.756382     0.658905 
1990-1999    108     0.708789     0.882872     0.720939 
1990-1999    109     0.811437     2.335929     0.874878 
1990-1999    110+    0.616916            .     0.616916 
2000-2009      0     0.004595     0.005635     0.005128 
2000-2009      1     0.000341     0.000394     0.000368 
2000-2009      2     0.000189     0.000238     0.000214 
2000-2009      3     0.000155     0.000171     0.000163 
2000-2009      4     0.000130     0.000138     0.000134 
2000-2009      5     0.000105     0.000122     0.000114 
2000-2009      6     0.000101     0.000122     0.000112 
2000-2009      7     0.000085     0.000102     0.000094 
2000-2009      8     0.000087     0.000109     0.000099 
2000-2009      9     0.000086     0.000111     0.000099 
2000-2009     10     0.000089     0.000109     0.000099 
2000-2009     11     0.000093     0.000123     0.000108 
2000-2009     12     0.000109     0.000136     0.000123 
2000-2009     13     0.000112     0.000164     0.000139 
2000-2009     14     0.000130     0.000191     0.000161 
2000-2009     15     0.000152     0.000252     0.000203 
2000-2009     16     0.000204     0.000345     0.000276 
2000-2009     17     0.000243     0.000534     0.000391 
2000-2009     18     0.000272     0.000670     0.000475 
2000-2009     19     0.000274     0.000685     0.000482 
2000-2009     20     0.000269     0.000742     0.000507 
2000-2009     21     0.000279     0.000718     0.000500 
2000-2009     22     0.000270     0.000752     0.000511 
2000-2009     23     0.000279     0.000769     0.000523 
2000-2009     24     0.000277     0.000763     0.000519 
2000-2009     25     0.000297     0.000791     0.000543 
2000-2009     26     0.000330     0.000795     0.000562 
2000-2009     27     0.000332     0.000827     0.000579 
2000-2009     28     0.000354     0.000844     0.000599 
2000-2009     29     0.000383     0.000898     0.000640 
2000-2009     30     0.000418     0.000938     0.000677 
2000-2009     31     0.000444     0.000971     0.000706 
2000-2009     32     0.000478     0.001057     0.000765 
2000-2009     33     0.000518     0.001087     0.000800 
2000-2009     34     0.000590     0.001138     0.000862 
2000-2009     35     0.000622     0.001231     0.000924 
2000-2009     36     0.000667     0.001277     0.000969 
2000-2009     37     0.000722     0.001351     0.001034 
2000-2009     38     0.000811     0.001406     0.001106 
2000-2009     39     0.000884     0.001522     0.001200 
2000-2009     40     0.000979     0.001650     0.001312 
2000-2009     41     0.001054     0.001774     0.001411 
2000-2009     42     0.001176     0.001898     0.001533 
2000-2009     43     0.001318     0.002078     0.001694 
2000-2009     44     0.001425     0.002182     0.001800 
2000-2009     45     0.001562     0.002421     0.001988 
2000-2009     46     0.001743     0.002645     0.002190 
2000-2009     47     0.001909     0.002932     0.002417 
2000-2009     48     0.002118     0.003176     0.002643 
2000-2009     49     0.002260     0.003507     0.002878 
2000-2009     50     0.002602     0.003858     0.003225 
2000-2009     51     0.002716     0.004213     0.003458 
2000-2009     52     0.003000     0.004562     0.003774 
2000-2009     53     0.003268     0.005030     0.004141 
2000-2009     54     0.003615     0.005445     0.004522 
2000-2009     55     0.003898     0.006060     0.004969 
2000-2009     56     0.004284     0.006639     0.005449 
2000-2009     57     0.004660     0.007268     0.005949 
2000-2009     58     0.004995     0.007944     0.006451 
2000-2009     59     0.005565     0.008693     0.007107 
2000-2009     60     0.006109     0.009787     0.007920 
2000-2009     61     0.006767     0.010754     0.008726 
2000-2009     62     0.007300     0.011973     0.009591 
2000-2009     63     0.008058     0.013080     0.010513 
2000-2009     64     0.008995     0.014496     0.011675 
2000-2009     65     0.009803     0.015927     0.012775 
2000-2009     66     0.010860     0.017554     0.014094 
2000-2009     67     0.011955     0.019404     0.015535 
2000-2009     68     0.013269     0.021494     0.017199 
2000-2009     69     0.014676     0.023793     0.019002 
2000-2009     70     0.016249     0.025957     0.020818 
2000-2009     71     0.018149     0.029141     0.023274 
2000-2009     72     0.020365     0.032388     0.025913 
2000-2009     73     0.022865     0.035848     0.028787 
2000-2009     74     0.025790     0.040127     0.032246 
2000-2009     75     0.028838     0.044473     0.035777 
2000-2009     76     0.032327     0.049517     0.039834 
2000-2009     77     0.036038     0.055026     0.044179 
2000-2009     78     0.040344     0.060772     0.048926 
2000-2009     79     0.045370     0.068017     0.054674 
2000-2009     80     0.051442     0.075919     0.061248 
2000-2009     81     0.057427     0.083902     0.067767 
2000-2009     82     0.064294     0.092678     0.075072 
2000-2009     83     0.072174     0.102556     0.083356 
2000-2009     84     0.080852     0.113633     0.092507 
2000-2009     85     0.091130     0.126370     0.103196 
2000-2009     86     0.101832     0.140518     0.114546 
2000-2009     87     0.114845     0.154630     0.127365 
2000-2009     88     0.129147     0.171489     0.141872 
2000-2009     89     0.144697     0.190853     0.157880 
2000-2009     90     0.160520     0.211277     0.174235 
2000-2009     91     0.180833     0.232808     0.194104 
2000-2009     92     0.202879     0.258415     0.216253 
2000-2009     93     0.226622     0.282725     0.239313 
2000-2009     94     0.249429     0.302975     0.260776 
2000-2009     95     0.276569     0.341852     0.289457 
2000-2009     96     0.302727     0.367733     0.314609 
2000-2009     97     0.328132     0.406467     0.341288 
2000-2009     98     0.360808     0.433333     0.371902 
2000-2009     99     0.384829     0.451085     0.394101 
2000-2009    100     0.421272     0.502653     0.431633 
2000-2009    101     0.461398     0.543619     0.470829 
2000-2009    102     0.498382     0.588373     0.507674 
2000-2009    103     0.535753     0.584787     0.540390 
2000-2009    104     0.562418     0.607504     0.566458 
2000-2009    105     0.604985     0.794398     0.620392 
2000-2009    106     0.624748     0.566064     0.620578 
2000-2009    107     0.624022     0.522552     0.616635 
2000-2009    108     0.633753     0.592398     0.630431 
2000-2009    109     0.899125     0.940767     0.902686 
2000-2009    110+    0.887601     1.525747     0.917108 
2010-2013      0     0.003721     0.004650     0.004197 
2010-2013      1     0.000292     0.000331     0.000312 
2010-2013      2     0.000137     0.000189     0.000163 
2010-2013      3     0.000118     0.000121     0.000120 
2010-2013      4     0.000097     0.000107     0.000102 
2010-2013      5     0.000088     0.000104     0.000096 
2010-2013      6     0.000081     0.000093     0.000087 
2010-2013      7     0.000068     0.000086     0.000077 
2010-2013      8     0.000077     0.000097     0.000087 
2010-2013      9     0.000066     0.000096     0.000081 
2010-2013     10     0.000069     0.000087     0.000078 
2010-2013     11     0.000075     0.000090     0.000082 
2010-2013     12     0.000083     0.000109     0.000096 
2010-2013     13     0.000082     0.000105     0.000094 
2010-2013     14     0.000110     0.000129     0.000120 
2010-2013     15     0.000125     0.000160     0.000143 
2010-2013     16     0.000140     0.000224     0.000183 
2010-2013     17     0.000181     0.000343     0.000264 
2010-2013     18     0.000189     0.000463     0.000329 
2010-2013     19     0.000214     0.000483     0.000351 
2010-2013     20     0.000210     0.000501     0.000358 
2010-2013     21     0.000206     0.000538     0.000374 
2010-2013     22     0.000208     0.000527     0.000370 
2010-2013     23     0.000240     0.000571     0.000406 
2010-2013     24     0.000237     0.000545     0.000391 
2010-2013     25     0.000261     0.000614     0.000437 
2010-2013     26     0.000268     0.000608     0.000438 
2010-2013     27     0.000317     0.000630     0.000473 
2010-2013     28     0.000342     0.000668     0.000504 
2010-2013     29     0.000314     0.000738     0.000525 
2010-2013     30     0.000388     0.000790     0.000588 
2010-2013     31     0.000413     0.000824     0.000617 
2010-2013     32     0.000447     0.000846     0.000646 
2010-2013     33     0.000475     0.000896     0.000685 
2010-2013     34     0.000525     0.000979     0.000752 
2010-2013     35     0.000581     0.001026     0.000803 
2010-2013     36     0.000613     0.001114     0.000862 
2010-2013     37     0.000672     0.001233     0.000951 
2010-2013     38     0.000743     0.001331     0.001035 
2010-2013     39     0.000816     0.001455     0.001133 
2010-2013     40     0.000875     0.001567     0.001218 
2010-2013     41     0.001000     0.001637     0.001315 
2010-2013     42     0.001062     0.001789     0.001421 
2010-2013     43     0.001157     0.001886     0.001517 
2010-2013     44     0.001288     0.002136     0.001706 
2010-2013     45     0.001377     0.002286     0.001825 
2010-2013     46     0.001505     0.002364     0.001929 
2010-2013     47     0.001628     0.002485     0.002051 
2010-2013     48     0.001764     0.002736     0.002244 
2010-2013     49     0.002008     0.002943     0.002470 
2010-2013     50     0.002175     0.003160     0.002663 
2010-2013     51     0.002426     0.003501     0.002959 
2010-2013     52     0.002670     0.003910     0.003284 
2010-2013     53     0.002896     0.004267     0.003576 
2010-2013     54     0.003167     0.004652     0.003903 
2010-2013     55     0.003444     0.005124     0.004276 
2010-2013     56     0.003794     0.005748     0.004761 
2010-2013     57     0.004161     0.006216     0.005176 
2010-2013     58     0.004465     0.006831     0.005632 
2010-2013     59     0.004935     0.007488     0.006192 
2010-2013     60     0.005357     0.008250     0.006779 
2010-2013     61     0.005892     0.008920     0.007378 
2010-2013     62     0.006331     0.009813     0.008039 
2010-2013     63     0.006947     0.010685     0.008778 
2010-2013     64     0.007467     0.011548     0.009464 
2010-2013     65     0.008196     0.012558     0.010327 
2010-2013     66     0.009074     0.014049     0.011499 
2010-2013     67     0.010000     0.015198     0.012525 
2010-2013     68     0.010966     0.016784     0.013779 
2010-2013     69     0.012149     0.018750     0.015323 
2010-2013     70     0.013704     0.021021     0.017200 
2010-2013     71     0.014822     0.023183     0.018793 
2010-2013     72     0.016882     0.025965     0.021173 
2010-2013     73     0.018597     0.028293     0.023153 
2010-2013     74     0.020782     0.031390     0.025733 
2010-2013     75     0.023047     0.034556     0.028373 
2010-2013     76     0.025891     0.038318     0.031582 
2010-2013     77     0.029213     0.042317     0.035141 
2010-2013     78     0.032890     0.047733     0.039512 
2010-2013     79     0.037240     0.052495     0.043934 
2010-2013     80     0.042401     0.059618     0.049814 
2010-2013     81     0.047960     0.067541     0.056219 
2010-2013     82     0.054447     0.076211     0.063427 
2010-2013     83     0.062107     0.084712     0.071225 
2010-2013     84     0.070758     0.095345     0.080433 
2010-2013     85     0.079947     0.107174     0.090364 
2010-2013     86     0.089991     0.119622     0.100958 
2010-2013     87     0.100992     0.133150     0.112447 
2010-2013     88     0.113729     0.147732     0.125337 
2010-2013     89     0.128443     0.164930     0.140348 
2010-2013     90     0.147614     0.185111     0.159287 
2010-2013     91     0.163657     0.205132     0.175949 
2010-2013     92     0.184342     0.227151     0.196358 
2010-2013     93     0.207412     0.258010     0.220764 
2010-2013     94     0.226834     0.274882     0.238696 
2010-2013     95     0.255395     0.308566     0.267690 
2010-2013     96     0.287096     0.338585     0.298219 
2010-2013     97     0.309562     0.373474     0.322372 
2010-2013     98     0.339491     0.403856     0.351370 
2010-2013     99     0.373078     0.433183     0.383268 
2010-2013    100     0.408225     0.487620     0.420493 
2010-2013    101     0.446280     0.534521     0.458572 
2010-2013    102     0.472241     0.528265     0.479247 
2010-2013    103     0.517420     0.512755     0.516878 
2010-2013    104     0.526028     0.617392     0.535824 
2010-2013    105     0.577628     0.678158     0.587036 
2010-2013    106     0.561288     0.496689     0.555452 
2010-2013    107     0.576860     0.600063     0.579053 
2010-2013    108     0.721563     0.899438     0.736372 
2010-2013    109     0.697005     0.000000     0.636399 
2010-2013    110+    1.005928     1.671309     1.057490 
