Hungary, Death rates (period 1x10)     Last modified: 18-Apr-2016, MPv5 (May07)

   Year      Age       Female       Male         Total
1950-1959      0     0.060849     0.076807     0.069032 
1950-1959      1     0.005261     0.005727     0.005499 
1950-1959      2     0.002061     0.002213     0.002139 
1950-1959      3     0.001346     0.001486     0.001418 
1950-1959      4     0.000989     0.001126     0.001059 
1950-1959      5     0.000740     0.000938     0.000841 
1950-1959      6     0.000674     0.000942     0.000810 
1950-1959      7     0.000649     0.000851     0.000752 
1950-1959      8     0.000471     0.000773     0.000625 
1950-1959      9     0.000499     0.000740     0.000622 
1950-1959     10     0.000477     0.000785     0.000634 
1950-1959     11     0.000495     0.000709     0.000604 
1950-1959     12     0.000542     0.000783     0.000664 
1950-1959     13     0.000589     0.000826     0.000709 
1950-1959     14     0.000667     0.000922     0.000796 
1950-1959     15     0.000772     0.001085     0.000930 
1950-1959     16     0.000841     0.001341     0.001092 
1950-1959     17     0.001015     0.001572     0.001294 
1950-1959     18     0.000982     0.001849     0.001415 
1950-1959     19     0.001126     0.001994     0.001558 
1950-1959     20     0.001269     0.002267     0.001763 
1950-1959     21     0.001256     0.002349     0.001797 
1950-1959     22     0.001270     0.002345     0.001801 
1950-1959     23     0.001307     0.002296     0.001796 
1950-1959     24     0.001402     0.002206     0.001798 
1950-1959     25     0.001441     0.002180     0.001804 
1950-1959     26     0.001489     0.002249     0.001862 
1950-1959     27     0.001522     0.002292     0.001898 
1950-1959     28     0.001618     0.002338     0.001968 
1950-1959     29     0.001575     0.002399     0.001974 
1950-1959     30     0.001641     0.002388     0.002000 
1950-1959     31     0.001724     0.002359     0.002028 
1950-1959     32     0.001797     0.002305     0.002040 
1950-1959     33     0.001681     0.002404     0.002025 
1950-1959     34     0.001912     0.002523     0.002202 
1950-1959     35     0.001931     0.002688     0.002288 
1950-1959     36     0.002130     0.002754     0.002423 
1950-1959     37     0.002209     0.003186     0.002668 
1950-1959     38     0.002457     0.003261     0.002835 
1950-1959     39     0.002644     0.003320     0.002962 
1950-1959     40     0.002773     0.003689     0.003206 
1950-1959     41     0.002844     0.004026     0.003404 
1950-1959     42     0.003141     0.004339     0.003709 
1950-1959     43     0.003264     0.004678     0.003935 
1950-1959     44     0.003531     0.004960     0.004211 
1950-1959     45     0.003948     0.005381     0.004631 
1950-1959     46     0.004131     0.005814     0.004935 
1950-1959     47     0.004531     0.006580     0.005512 
1950-1959     48     0.004876     0.006967     0.005879 
1950-1959     49     0.005392     0.007756     0.006526 
1950-1959     50     0.005730     0.008593     0.007105 
1950-1959     51     0.006230     0.009526     0.007812 
1950-1959     52     0.006872     0.010460     0.008590 
1950-1959     53     0.007472     0.011374     0.009328 
1950-1959     54     0.008012     0.012623     0.010189 
1950-1959     55     0.008932     0.013636     0.011135 
1950-1959     56     0.009462     0.014904     0.011988 
1950-1959     57     0.010528     0.016551     0.013296 
1950-1959     58     0.011463     0.018069     0.014468 
1950-1959     59     0.012833     0.019585     0.015875 
1950-1959     60     0.014432     0.021777     0.017708 
1950-1959     61     0.015476     0.023621     0.019064 
1950-1959     62     0.017871     0.026194     0.021504 
1950-1959     63     0.019426     0.028303     0.023288 
1950-1959     64     0.021656     0.031498     0.025924 
1950-1959     65     0.024769     0.034016     0.028769 
1950-1959     66     0.026914     0.036272     0.030958 
1950-1959     67     0.030179     0.040368     0.034574 
1950-1959     68     0.032845     0.044283     0.037763 
1950-1959     69     0.037352     0.048059     0.041945 
1950-1959     70     0.041619     0.052622     0.046334 
1950-1959     71     0.046653     0.058216     0.051610 
1950-1959     72     0.052611     0.064030     0.057505 
1950-1959     73     0.058785     0.069700     0.063461 
1950-1959     74     0.064974     0.078082     0.070586 
1950-1959     75     0.073272     0.086278     0.078835 
1950-1959     76     0.081823     0.095894     0.087828 
1950-1959     77     0.092843     0.104985     0.098016 
1950-1959     78     0.100901     0.114960     0.106894 
1950-1959     79     0.111347     0.124712     0.117045 
1950-1959     80     0.127941     0.139602     0.132935 
1950-1959     81     0.136882     0.153865     0.144153 
1950-1959     82     0.154976     0.170022     0.161419 
1950-1959     83     0.170246     0.189722     0.178545 
1950-1959     84     0.187596     0.205688     0.195258 
1950-1959     85     0.206268     0.228932     0.215812 
1950-1959     86     0.222087     0.246918     0.232448 
1950-1959     87     0.239778     0.270700     0.252500 
1950-1959     88     0.265646     0.289614     0.275326 
1950-1959     89     0.287511     0.316147     0.298870 
1950-1959     90     0.317850     0.344179     0.328104 
1950-1959     91     0.337431     0.355823     0.344500 
1950-1959     92     0.346613     0.406527     0.368978 
1950-1959     93     0.370227     0.430224     0.391619 
1950-1959     94     0.385426     0.466327     0.412863 
1950-1959     95     0.450603     0.452965     0.451396 
1950-1959     96     0.483773     0.501911     0.489778 
1950-1959     97     0.497714     0.488860     0.494771 
1950-1959     98     0.502190     0.558172     0.519647 
1950-1959     99     0.623027     0.744641     0.660487 
1950-1959    100     0.523219     0.718117     0.577009 
1950-1959    101     0.573698     0.890723     0.646340 
1950-1959    102     0.579755     1.078275     0.664760 
1950-1959    103     0.589693     1.728659     0.701043 
1950-1959    104     0.662367     6.000000     0.718468 
1950-1959    105     0.842975            .     0.842975 
1950-1959    106     2.171779            .     2.171779 
1950-1959    107            .            .            . 
1950-1959    108            .            .            . 
1950-1959    109            .            .            . 
1950-1959    110+           .            .            . 
1960-1969      0     0.037325     0.046418     0.042007 
1960-1969      1     0.002677     0.002876     0.002779 
1960-1969      2     0.001110     0.001224     0.001169 
1960-1969      3     0.000714     0.000843     0.000780 
1960-1969      4     0.000518     0.000651     0.000586 
1960-1969      5     0.000443     0.000555     0.000500 
1960-1969      6     0.000389     0.000509     0.000451 
1960-1969      7     0.000339     0.000516     0.000430 
1960-1969      8     0.000299     0.000469     0.000386 
1960-1969      9     0.000264     0.000444     0.000356 
1960-1969     10     0.000282     0.000458     0.000372 
1960-1969     11     0.000248     0.000461     0.000357 
1960-1969     12     0.000293     0.000460     0.000379 
1960-1969     13     0.000335     0.000521     0.000430 
1960-1969     14     0.000328     0.000634     0.000484 
1960-1969     15     0.000422     0.000681     0.000554 
1960-1969     16     0.000474     0.000866     0.000674 
1960-1969     17     0.000512     0.001057     0.000788 
1960-1969     18     0.000565     0.001232     0.000903 
1960-1969     19     0.000613     0.001476     0.001049 
1960-1969     20     0.000586     0.001473     0.001033 
1960-1969     21     0.000594     0.001404     0.001001 
1960-1969     22     0.000630     0.001530     0.001080 
1960-1969     23     0.000681     0.001553     0.001115 
1960-1969     24     0.000626     0.001553     0.001084 
1960-1969     25     0.000715     0.001508     0.001106 
1960-1969     26     0.000675     0.001612     0.001136 
1960-1969     27     0.000769     0.001599     0.001176 
1960-1969     28     0.000840     0.001586     0.001205 
1960-1969     29     0.000831     0.001665     0.001238 
1960-1969     30     0.000873     0.001733     0.001293 
1960-1969     31     0.000952     0.001910     0.001420 
1960-1969     32     0.001068     0.001962     0.001505 
1960-1969     33     0.001138     0.002118     0.001617 
1960-1969     34     0.001237     0.002109     0.001663 
1960-1969     35     0.001319     0.002217     0.001758 
1960-1969     36     0.001523     0.002450     0.001976 
1960-1969     37     0.001533     0.002537     0.002021 
1960-1969     38     0.001666     0.002743     0.002188 
1960-1969     39     0.001866     0.002949     0.002388 
1960-1969     40     0.001942     0.003130     0.002511 
1960-1969     41     0.002143     0.003403     0.002745 
1960-1969     42     0.002395     0.003624     0.002980 
1960-1969     43     0.002588     0.003898     0.003210 
1960-1969     44     0.002621     0.004064     0.003304 
1960-1969     45     0.002989     0.004462     0.003683 
1960-1969     46     0.003405     0.004921     0.004116 
1960-1969     47     0.003581     0.005379     0.004424 
1960-1969     48     0.003906     0.005953     0.004866 
1960-1969     49     0.004370     0.006315     0.005284 
1960-1969     50     0.004637     0.007023     0.005760 
1960-1969     51     0.004928     0.007709     0.006238 
1960-1969     52     0.005398     0.008403     0.006813 
1960-1969     53     0.005953     0.009469     0.007608 
1960-1969     54     0.006416     0.010659     0.008412 
1960-1969     55     0.006892     0.011678     0.009144 
1960-1969     56     0.007738     0.013213     0.010315 
1960-1969     57     0.008548     0.014560     0.011377 
1960-1969     58     0.009383     0.016441     0.012700 
1960-1969     59     0.010482     0.017804     0.013915 
1960-1969     60     0.011254     0.020354     0.015509 
1960-1969     61     0.012801     0.021963     0.017069 
1960-1969     62     0.014255     0.024280     0.018897 
1960-1969     63     0.015658     0.027331     0.021015 
1960-1969     64     0.017647     0.029542     0.023046 
1960-1969     65     0.019628     0.032651     0.025470 
1960-1969     66     0.022535     0.036138     0.028558 
1960-1969     67     0.024948     0.038703     0.030955 
1960-1969     68     0.028298     0.043152     0.034692 
1960-1969     69     0.032237     0.047444     0.038696 
1960-1969     70     0.035348     0.052615     0.042578 
1960-1969     71     0.040645     0.057872     0.047752 
1960-1969     72     0.045672     0.062988     0.052729 
1960-1969     73     0.051104     0.069235     0.058433 
1960-1969     74     0.057175     0.075174     0.064414 
1960-1969     75     0.064579     0.082996     0.071957 
1960-1969     76     0.071647     0.091626     0.079622 
1960-1969     77     0.080683     0.101043     0.088773 
1960-1969     78     0.090880     0.112393     0.099388 
1960-1969     79     0.099945     0.121182     0.108295 
1960-1969     80     0.112504     0.134390     0.121068 
1960-1969     81     0.125197     0.148705     0.134366 
1960-1969     82     0.138778     0.164407     0.148728 
1960-1969     83     0.154730     0.178690     0.164002 
1960-1969     84     0.169943     0.197361     0.180532 
1960-1969     85     0.188682     0.215236     0.198894 
1960-1969     86     0.204636     0.239594     0.217955 
1960-1969     87     0.223318     0.256069     0.235676 
1960-1969     88     0.241413     0.273482     0.253462 
1960-1969     89     0.269258     0.306340     0.283121 
1960-1969     90     0.284744     0.325309     0.299679 
1960-1969     91     0.309923     0.345547     0.322924 
1960-1969     92     0.332760     0.383619     0.351068 
1960-1969     93     0.359329     0.420790     0.381119 
1960-1969     94     0.377090     0.449480     0.401533 
1960-1969     95     0.434348     0.479068     0.449012 
1960-1969     96     0.410905     0.479399     0.432709 
1960-1969     97     0.511583     0.517240     0.513423 
1960-1969     98     0.503944     0.560526     0.522076 
1960-1969     99     0.699586     0.760974     0.719806 
1960-1969    100     0.644083     0.794553     0.690150 
1960-1969    101     0.745401     0.977615     0.812062 
1960-1969    102     0.962515     1.283350     1.043876 
1960-1969    103     1.404702     2.530744     1.616650 
1960-1969    104     2.616188     6.000000     2.755945 
1960-1969    105     2.563380            .     2.563380 
1960-1969    106     6.000000            .     6.000000 
1960-1969    107            .            .            . 
1960-1969    108            .            .            . 
1960-1969    109            .            .            . 
1960-1969    110+           .            .            . 
1970-1979      0     0.027826     0.035328     0.031682 
1970-1979      1     0.001243     0.001424     0.001336 
1970-1979      2     0.000659     0.000806     0.000734 
1970-1979      3     0.000476     0.000537     0.000507 
1970-1979      4     0.000357     0.000507     0.000434 
1970-1979      5     0.000337     0.000500     0.000421 
1970-1979      6     0.000331     0.000425     0.000380 
1970-1979      7     0.000260     0.000407     0.000336 
1970-1979      8     0.000289     0.000369     0.000330 
1970-1979      9     0.000225     0.000400     0.000315 
1970-1979     10     0.000235     0.000351     0.000295 
1970-1979     11     0.000251     0.000380     0.000317 
1970-1979     12     0.000283     0.000383     0.000335 
1970-1979     13     0.000228     0.000452     0.000343 
1970-1979     14     0.000297     0.000597     0.000451 
1970-1979     15     0.000389     0.000623     0.000509 
1970-1979     16     0.000453     0.000759     0.000610 
1970-1979     17     0.000409     0.001057     0.000742 
1970-1979     18     0.000491     0.001313     0.000912 
1970-1979     19     0.000474     0.001456     0.000976 
1970-1979     20     0.000474     0.001428     0.000961 
1970-1979     21     0.000539     0.001429     0.000993 
1970-1979     22     0.000483     0.001484     0.000993 
1970-1979     23     0.000528     0.001405     0.000974 
1970-1979     24     0.000546     0.001495     0.001028 
1970-1979     25     0.000556     0.001489     0.001029 
1970-1979     26     0.000609     0.001598     0.001109 
1970-1979     27     0.000719     0.001541     0.001134 
1970-1979     28     0.000745     0.001648     0.001200 
1970-1979     29     0.000778     0.001687     0.001236 
1970-1979     30     0.000796     0.001951     0.001376 
1970-1979     31     0.000901     0.002046     0.001474 
1970-1979     32     0.000955     0.002109     0.001529 
1970-1979     33     0.001033     0.002340     0.001680 
1970-1979     34     0.001188     0.002411     0.001791 
1970-1979     35     0.001252     0.002666     0.001947 
1970-1979     36     0.001375     0.002844     0.002094 
1970-1979     37     0.001505     0.003042     0.002255 
1970-1979     38     0.001664     0.003348     0.002484 
1970-1979     39     0.001813     0.003647     0.002705 
1970-1979     40     0.002058     0.003977     0.002990 
1970-1979     41     0.002207     0.004322     0.003234 
1970-1979     42     0.002410     0.004694     0.003520 
1970-1979     43     0.002722     0.005133     0.003894 
1970-1979     44     0.002837     0.005508     0.004134 
1970-1979     45     0.003226     0.006112     0.004624 
1970-1979     46     0.003514     0.006709     0.005059 
1970-1979     47     0.003698     0.007395     0.005479 
1970-1979     48     0.004206     0.007713     0.005887 
1970-1979     49     0.004546     0.008572     0.006465 
1970-1979     50     0.004874     0.009274     0.006959 
1970-1979     51     0.005382     0.010125     0.007617 
1970-1979     52     0.006012     0.011045     0.008373 
1970-1979     53     0.006332     0.011911     0.008939 
1970-1979     54     0.006877     0.012881     0.009670 
1970-1979     55     0.007400     0.013914     0.010412 
1970-1979     56     0.008015     0.015131     0.011286 
1970-1979     57     0.008979     0.016382     0.012372 
1970-1979     58     0.009698     0.017703     0.013365 
1970-1979     59     0.010731     0.019499     0.014746 
1970-1979     60     0.011266     0.021003     0.015721 
1970-1979     61     0.012775     0.023293     0.017573 
1970-1979     62     0.014151     0.025992     0.019528 
1970-1979     63     0.015543     0.028272     0.021293 
1970-1979     64     0.017295     0.031426     0.023646 
1970-1979     65     0.019072     0.034463     0.025956 
1970-1979     66     0.021198     0.038453     0.028875 
1970-1979     67     0.023923     0.041895     0.031868 
1970-1979     68     0.027119     0.046653     0.035696 
1970-1979     69     0.030005     0.051378     0.039308 
1970-1979     70     0.033505     0.056197     0.043288 
1970-1979     71     0.037957     0.062259     0.048323 
1970-1979     72     0.042278     0.068188     0.053181 
1970-1979     73     0.047767     0.074672     0.058906 
1970-1979     74     0.054321     0.081584     0.065401 
1970-1979     75     0.060291     0.090305     0.072255 
1970-1979     76     0.068149     0.097639     0.079661 
1970-1979     77     0.076676     0.106982     0.088270 
1970-1979     78     0.084515     0.115202     0.096004 
1970-1979     79     0.093767     0.126863     0.105912 
1970-1979     80     0.105404     0.138023     0.117104 
1970-1979     81     0.115367     0.151663     0.128113 
1970-1979     82     0.128545     0.164886     0.141075 
1970-1979     83     0.144091     0.181691     0.156861 
1970-1979     84     0.159540     0.198015     0.172457 
1970-1979     85     0.174264     0.209899     0.186101 
1970-1979     86     0.195059     0.230726     0.206828 
1970-1979     87     0.213848     0.250190     0.225737 
1970-1979     88     0.235871     0.274814     0.248505 
1970-1979     89     0.258080     0.289214     0.268083 
1970-1979     90     0.275399     0.314083     0.287692 
1970-1979     91     0.303347     0.324154     0.309932 
1970-1979     92     0.322087     0.377561     0.339525 
1970-1979     93     0.337242     0.390099     0.353515 
1970-1979     94     0.394296     0.415880     0.400849 
1970-1979     95     0.410611     0.439427     0.419295 
1970-1979     96     0.422908     0.493065     0.443748 
1970-1979     97     0.449575     0.533033     0.472627 
1970-1979     98     0.457491     0.595750     0.492479 
1970-1979     99     0.496240     0.600250     0.520733 
1970-1979    100     0.552730     0.681829     0.579536 
1970-1979    101     0.593535     0.800852     0.631885 
1970-1979    102     0.649946     1.139767     0.719282 
1970-1979    103     0.776307     1.840593     0.843794 
1970-1979    104     1.100404     6.000000     1.147335 
1970-1979    105     1.671569            .     1.671569 
1970-1979    106     2.250000            .     2.250000 
1970-1979    107            .            .            . 
1970-1979    108            .            .            . 
1970-1979    109            .            .            . 
1970-1979    110+           .            .            . 
1980-1989      0     0.016940     0.021554     0.019301 
1980-1989      1     0.000813     0.001054     0.000936 
1980-1989      2     0.000502     0.000610     0.000557 
1980-1989      3     0.000327     0.000434     0.000382 
1980-1989      4     0.000303     0.000438     0.000372 
1980-1989      5     0.000280     0.000340     0.000311 
1980-1989      6     0.000259     0.000365     0.000314 
1980-1989      7     0.000222     0.000329     0.000277 
1980-1989      8     0.000183     0.000318     0.000252 
1980-1989      9     0.000192     0.000291     0.000242 
1980-1989     10     0.000191     0.000352     0.000274 
1980-1989     11     0.000205     0.000281     0.000244 
1980-1989     12     0.000194     0.000302     0.000249 
1980-1989     13     0.000234     0.000393     0.000316 
1980-1989     14     0.000277     0.000431     0.000356 
1980-1989     15     0.000343     0.000571     0.000461 
1980-1989     16     0.000376     0.000710     0.000548 
1980-1989     17     0.000438     0.001005     0.000729 
1980-1989     18     0.000441     0.001212     0.000837 
1980-1989     19     0.000468     0.001461     0.000977 
1980-1989     20     0.000466     0.001419     0.000954 
1980-1989     21     0.000489     0.001417     0.000963 
1980-1989     22     0.000534     0.001407     0.000980 
1980-1989     23     0.000526     0.001431     0.000987 
1980-1989     24     0.000558     0.001630     0.001103 
1980-1989     25     0.000596     0.001640     0.001127 
1980-1989     26     0.000669     0.001791     0.001239 
1980-1989     27     0.000687     0.001866     0.001285 
1980-1989     28     0.000778     0.001944     0.001368 
1980-1989     29     0.000822     0.002035     0.001435 
1980-1989     30     0.000970     0.002309     0.001646 
1980-1989     31     0.001046     0.002588     0.001824 
1980-1989     32     0.001233     0.002723     0.001984 
1980-1989     33     0.001240     0.002923     0.002087 
1980-1989     34     0.001402     0.003353     0.002383 
1980-1989     35     0.001527     0.003519     0.002526 
1980-1989     36     0.001708     0.003804     0.002758 
1980-1989     37     0.001810     0.004223     0.003016 
1980-1989     38     0.002061     0.004645     0.003351 
1980-1989     39     0.002185     0.005181     0.003677 
1980-1989     40     0.002302     0.005484     0.003880 
1980-1989     41     0.002511     0.006077     0.004272 
1980-1989     42     0.002733     0.006847     0.004754 
1980-1989     43     0.003099     0.007323     0.005160 
1980-1989     44     0.003401     0.007973     0.005620 
1980-1989     45     0.003618     0.008887     0.006164 
1980-1989     46     0.003989     0.009468     0.006625 
1980-1989     47     0.004219     0.010304     0.007134 
1980-1989     48     0.004708     0.011181     0.007797 
1980-1989     49     0.005114     0.012117     0.008446 
1980-1989     50     0.005507     0.013189     0.009154 
1980-1989     51     0.005948     0.014275     0.009894 
1980-1989     52     0.006474     0.015684     0.010832 
1980-1989     53     0.006944     0.016779     0.011587 
1980-1989     54     0.007542     0.017697     0.012321 
1980-1989     55     0.008192     0.019310     0.013401 
1980-1989     56     0.009041     0.020793     0.014520 
1980-1989     57     0.009723     0.022501     0.015639 
1980-1989     58     0.010677     0.023968     0.016779 
1980-1989     59     0.011601     0.025639     0.017988 
1980-1989     60     0.012459     0.028034     0.019476 
1980-1989     61     0.013612     0.030274     0.021050 
1980-1989     62     0.014985     0.032855     0.022891 
1980-1989     63     0.016208     0.034983     0.024441 
1980-1989     64     0.018004     0.036986     0.026258 
1980-1989     65     0.019389     0.039546     0.028069 
1980-1989     66     0.021945     0.042293     0.030624 
1980-1989     67     0.024162     0.045583     0.033237 
1980-1989     68     0.026635     0.049077     0.036092 
1980-1989     69     0.029578     0.054024     0.039823 
1980-1989     70     0.033412     0.057708     0.043524 
1980-1989     71     0.037075     0.063969     0.048156 
1980-1989     72     0.040853     0.069632     0.052560 
1980-1989     73     0.045795     0.075918     0.057868 
1980-1989     74     0.050949     0.083488     0.063795 
1980-1989     75     0.056708     0.090259     0.069757 
1980-1989     76     0.063442     0.099144     0.077102 
1980-1989     77     0.070739     0.106773     0.084284 
1980-1989     78     0.079234     0.116922     0.093146 
1980-1989     79     0.089004     0.128214     0.103200 
1980-1989     80     0.099767     0.138851     0.113606 
1980-1989     81     0.111268     0.153291     0.125829 
1980-1989     82     0.123801     0.166359     0.138210 
1980-1989     83     0.136775     0.179507     0.150853 
1980-1989     84     0.153060     0.197191     0.167203 
1980-1989     85     0.165088     0.212853     0.179931 
1980-1989     86     0.181714     0.224951     0.194739 
1980-1989     87     0.202453     0.246851     0.215499 
1980-1989     88     0.221914     0.259338     0.232610 
1980-1989     89     0.239384     0.286631     0.252558 
1980-1989     90     0.262817     0.308063     0.275073 
1980-1989     91     0.282974     0.341331     0.298332 
1980-1989     92     0.307145     0.358400     0.320287 
1980-1989     93     0.334961     0.370187     0.343816 
1980-1989     94     0.350505     0.430809     0.370311 
1980-1989     95     0.396054     0.445735     0.408050 
1980-1989     96     0.393857     0.446522     0.406455 
1980-1989     97     0.440910     0.539978     0.464208 
1980-1989     98     0.459805     0.514225     0.472300 
1980-1989     99     0.501799     0.540435     0.510894 
1980-1989    100     0.525957     0.570422     0.535926 
1980-1989    101     0.555348     0.597309     0.564659 
1980-1989    102     0.589045     0.657068     0.603636 
1980-1989    103     0.645072     0.863330     0.685398 
1980-1989    104     0.738088     1.095436     0.782894 
1980-1989    105     0.943880     0.240000     0.884543 
1980-1989    106     1.510094     0.000000     1.075743 
1980-1989    107            .     0.000000     0.000000 
1980-1989    108            .            .            . 
1980-1989    109            .            .            . 
1980-1989    110+           .            .            . 
1990-1999      0     0.010659     0.013259     0.011993 
1990-1999      1     0.000675     0.000823     0.000751 
1990-1999      2     0.000402     0.000537     0.000471 
1990-1999      3     0.000293     0.000392     0.000344 
1990-1999      4     0.000251     0.000319     0.000285 
1990-1999      5     0.000191     0.000254     0.000223 
1990-1999      6     0.000203     0.000241     0.000222 
1990-1999      7     0.000189     0.000263     0.000227 
1990-1999      8     0.000180     0.000266     0.000224 
1990-1999      9     0.000181     0.000239     0.000210 
1990-1999     10     0.000152     0.000266     0.000210 
1990-1999     11     0.000139     0.000224     0.000182 
1990-1999     12     0.000189     0.000215     0.000202 
1990-1999     13     0.000195     0.000313     0.000256 
1990-1999     14     0.000237     0.000358     0.000299 
1990-1999     15     0.000263     0.000471     0.000369 
1990-1999     16     0.000318     0.000589     0.000457 
1990-1999     17     0.000372     0.000758     0.000570 
1990-1999     18     0.000316     0.000898     0.000615 
1990-1999     19     0.000378     0.001043     0.000719 
1990-1999     20     0.000427     0.001070     0.000756 
1990-1999     21     0.000383     0.001107     0.000753 
1990-1999     22     0.000415     0.001190     0.000811 
1990-1999     23     0.000409     0.001288     0.000858 
1990-1999     24     0.000436     0.001229     0.000841 
1990-1999     25     0.000445     0.001271     0.000866 
1990-1999     26     0.000506     0.001453     0.000989 
1990-1999     27     0.000517     0.001622     0.001079 
1990-1999     28     0.000580     0.001746     0.001172 
1990-1999     29     0.000707     0.001892     0.001307 
1990-1999     30     0.000777     0.002133     0.001462 
1990-1999     31     0.000965     0.002385     0.001681 
1990-1999     32     0.000964     0.002812     0.001894 
1990-1999     33     0.001196     0.003092     0.002148 
1990-1999     34     0.001304     0.003507     0.002407 
1990-1999     35     0.001512     0.003867     0.002690 
1990-1999     36     0.001838     0.004439     0.003137 
1990-1999     37     0.001960     0.005063     0.003507 
1990-1999     38     0.002227     0.005588     0.003899 
1990-1999     39     0.002332     0.006167     0.004235 
1990-1999     40     0.002626     0.006620     0.004606 
1990-1999     41     0.002854     0.007536     0.005170 
1990-1999     42     0.003088     0.008249     0.005636 
1990-1999     43     0.003325     0.008924     0.006084 
1990-1999     44     0.003614     0.009756     0.006633 
1990-1999     45     0.003869     0.010424     0.007081 
1990-1999     46     0.004168     0.011273     0.007638 
1990-1999     47     0.004435     0.012153     0.008192 
1990-1999     48     0.004867     0.013105     0.008862 
1990-1999     49     0.005163     0.013962     0.009411 
1990-1999     50     0.005495     0.015252     0.010176 
1990-1999     51     0.006003     0.016438     0.010973 
1990-1999     52     0.006353     0.017635     0.011681 
1990-1999     53     0.006822     0.018815     0.012432 
1990-1999     54     0.007217     0.020058     0.013171 
1990-1999     55     0.007814     0.021226     0.013985 
1990-1999     56     0.008680     0.022578     0.015028 
1990-1999     57     0.009373     0.023985     0.015996 
1990-1999     58     0.010049     0.026063     0.017253 
1990-1999     59     0.010778     0.027285     0.018152 
1990-1999     60     0.012006     0.029493     0.019771 
1990-1999     61     0.012581     0.031272     0.020829 
1990-1999     62     0.013918     0.033374     0.022448 
1990-1999     63     0.015173     0.035894     0.024194 
1990-1999     64     0.016305     0.038107     0.025713 
1990-1999     65     0.017982     0.040487     0.027593 
1990-1999     66     0.019961     0.043321     0.029830 
1990-1999     67     0.021669     0.046403     0.031986 
1990-1999     68     0.023868     0.049817     0.034537 
1990-1999     69     0.026252     0.052826     0.037004 
1990-1999     70     0.029154     0.057769     0.040538 
1990-1999     71     0.032300     0.061879     0.043878 
1990-1999     72     0.035628     0.065701     0.047213 
1990-1999     73     0.039267     0.070207     0.051009 
1990-1999     74     0.044183     0.074168     0.055400 
1990-1999     75     0.049183     0.080797     0.060831 
1990-1999     76     0.055057     0.087188     0.066716 
1990-1999     77     0.060472     0.094403     0.072621 
1990-1999     78     0.069016     0.103928     0.081348 
1990-1999     79     0.076511     0.110822     0.088457 
1990-1999     80     0.086190     0.123154     0.098832 
1990-1999     81     0.097373     0.135860     0.110275 
1990-1999     82     0.107930     0.144504     0.119894 
1990-1999     83     0.120956     0.159869     0.133374 
1990-1999     84     0.133766     0.170733     0.145277 
1990-1999     85     0.147464     0.188336     0.159888 
1990-1999     86     0.163048     0.201969     0.174566 
1990-1999     87     0.180309     0.218319     0.191246 
1990-1999     88     0.196180     0.246339     0.210151 
1990-1999     89     0.222291     0.265035     0.233795 
1990-1999     90     0.236245     0.289298     0.250090 
1990-1999     91     0.266207     0.308979     0.277009 
1990-1999     92     0.285542     0.336811     0.298113 
1990-1999     93     0.309950     0.362121     0.322205 
1990-1999     94     0.330839     0.385610     0.343176 
1990-1999     95     0.377389     0.430879     0.388929 
1990-1999     96     0.398743     0.436644     0.406580 
1990-1999     97     0.414086     0.469531     0.425299 
1990-1999     98     0.471935     0.494448     0.476291 
1990-1999     99     0.478107     0.480083     0.478487 
1990-1999    100     0.521894     0.498630     0.517602 
1990-1999    101     0.525888     0.604096     0.539818 
1990-1999    102     0.683064     0.549153     0.660070 
1990-1999    103     0.635704     0.607143     0.630105 
1990-1999    104     0.586207     0.404494     0.549199 
1990-1999    105     0.468750     0.393443     0.450593 
1990-1999    106     0.440367     0.400000     0.431655 
1990-1999    107     0.370370     0.375000     0.371134 
1990-1999    108     1.125000     1.500000     1.200000 
1990-1999    109     0.000000     1.200000     0.545455 
1990-1999    110+           .            .            . 
2000-2009      0     0.006235     0.007315     0.006790 
2000-2009      1     0.000444     0.000545     0.000496 
2000-2009      2     0.000273     0.000321     0.000298 
2000-2009      3     0.000189     0.000288     0.000240 
2000-2009      4     0.000164     0.000209     0.000187 
2000-2009      5     0.000137     0.000163     0.000150 
2000-2009      6     0.000136     0.000168     0.000152 
2000-2009      7     0.000133     0.000156     0.000145 
2000-2009      8     0.000116     0.000167     0.000142 
2000-2009      9     0.000124     0.000172     0.000149 
2000-2009     10     0.000123     0.000136     0.000130 
2000-2009     11     0.000125     0.000191     0.000159 
2000-2009     12     0.000152     0.000212     0.000183 
2000-2009     13     0.000152     0.000242     0.000198 
2000-2009     14     0.000169     0.000309     0.000241 
2000-2009     15     0.000186     0.000317     0.000253 
2000-2009     16     0.000240     0.000382     0.000313 
2000-2009     17     0.000236     0.000552     0.000397 
2000-2009     18     0.000296     0.000669     0.000487 
2000-2009     19     0.000274     0.000768     0.000526 
2000-2009     20     0.000277     0.000748     0.000517 
2000-2009     21     0.000240     0.000804     0.000528 
2000-2009     22     0.000286     0.000842     0.000570 
2000-2009     23     0.000274     0.000827     0.000556 
2000-2009     24     0.000297     0.000927     0.000619 
2000-2009     25     0.000330     0.000932     0.000637 
2000-2009     26     0.000307     0.000961     0.000641 
2000-2009     27     0.000340     0.001015     0.000684 
2000-2009     28     0.000382     0.001062     0.000729 
2000-2009     29     0.000429     0.001113     0.000778 
2000-2009     30     0.000455     0.001255     0.000863 
2000-2009     31     0.000474     0.001377     0.000933 
2000-2009     32     0.000605     0.001406     0.001012 
2000-2009     33     0.000639     0.001570     0.001112 
2000-2009     34     0.000708     0.001851     0.001287 
2000-2009     35     0.000861     0.002003     0.001439 
2000-2009     36     0.000919     0.002255     0.001594 
2000-2009     37     0.001156     0.002557     0.001862 
2000-2009     38     0.001248     0.003033     0.002146 
2000-2009     39     0.001530     0.003667     0.002601 
2000-2009     40     0.001714     0.004221     0.002966 
2000-2009     41     0.002062     0.004856     0.003452 
2000-2009     42     0.002258     0.005568     0.003898 
2000-2009     43     0.002605     0.006474     0.004515 
2000-2009     44     0.002840     0.007331     0.005048 
2000-2009     45     0.003236     0.008347     0.005738 
2000-2009     46     0.003543     0.008971     0.006191 
2000-2009     47     0.003936     0.009972     0.006869 
2000-2009     48     0.004527     0.011242     0.007775 
2000-2009     49     0.004706     0.011772     0.008108 
2000-2009     50     0.004982     0.012891     0.008774 
2000-2009     51     0.005473     0.014122     0.009603 
2000-2009     52     0.005912     0.015021     0.010241 
2000-2009     53     0.006273     0.016219     0.010977 
2000-2009     54     0.006514     0.017003     0.011448 
2000-2009     55     0.006965     0.017918     0.012084 
2000-2009     56     0.007525     0.019687     0.013169 
2000-2009     57     0.007876     0.020478     0.013684 
2000-2009     58     0.008622     0.022057     0.014768 
2000-2009     59     0.008925     0.023185     0.015389 
2000-2009     60     0.009868     0.025103     0.016702 
2000-2009     61     0.010437     0.026671     0.017635 
2000-2009     62     0.011320     0.028583     0.018874 
2000-2009     63     0.012290     0.030413     0.020105 
2000-2009     64     0.013421     0.032234     0.021421 
2000-2009     65     0.014205     0.034794     0.022852 
2000-2009     66     0.015649     0.036366     0.024236 
2000-2009     67     0.017268     0.038865     0.026105 
2000-2009     68     0.018872     0.041789     0.028128 
2000-2009     69     0.021042     0.044930     0.030564 
2000-2009     70     0.023127     0.047764     0.032824 
2000-2009     71     0.025661     0.052268     0.035995 
2000-2009     72     0.028545     0.055620     0.038919 
2000-2009     73     0.031592     0.060373     0.042458 
2000-2009     74     0.035468     0.064558     0.046266 
2000-2009     75     0.040211     0.070261     0.051160 
2000-2009     76     0.043928     0.075665     0.055269 
2000-2009     77     0.050313     0.083307     0.061859 
2000-2009     78     0.056296     0.088554     0.067332 
2000-2009     79     0.062982     0.096574     0.074208 
2000-2009     80     0.071915     0.105886     0.082959 
2000-2009     81     0.079909     0.116232     0.091443 
2000-2009     82     0.089862     0.125711     0.100979 
2000-2009     83     0.099989     0.136559     0.111091 
2000-2009     84     0.110752     0.147864     0.121790 
2000-2009     85     0.124893     0.159576     0.134996 
2000-2009     86     0.139495     0.176655     0.150094 
2000-2009     87     0.155301     0.195464     0.166527 
2000-2009     88     0.171858     0.208748     0.181988 
2000-2009     89     0.192449     0.231653     0.203005 
2000-2009     90     0.211626     0.252037     0.222286 
2000-2009     91     0.232791     0.276205     0.243923 
2000-2009     92     0.262623     0.298495     0.271548 
2000-2009     93     0.282531     0.330840     0.294145 
2000-2009     94     0.314288     0.345044     0.321466 
2000-2009     95     0.329788     0.373158     0.339585 
2000-2009     96     0.368237     0.410133     0.377269 
2000-2009     97     0.379391     0.451744     0.394244 
2000-2009     98     0.410479     0.424485     0.413201 
2000-2009     99     0.459852     0.468332     0.461470 
2000-2009    100     0.478459     0.520655     0.486597 
2000-2009    101     0.498111     0.781592     0.547093 
2000-2009    102     0.551843     0.547786     0.551204 
2000-2009    103     0.575640     0.826667     0.609595 
2000-2009    104     0.608583     0.347107     0.573034 
2000-2009    105     0.646900     0.688525     0.652778 
2000-2009    106     0.563536     0.642857     0.574163 
2000-2009    107     0.404494     1.384615     0.529412 
2000-2009    108     0.367347     1.200000     0.444444 
2000-2009    109     1.200000            .     1.200000 
2000-2009    110+    6.000000            .     6.000000 
2010-2014      0     0.004596     0.005304     0.004960 
2010-2014      1     0.000314     0.000374     0.000345 
2010-2014      2     0.000202     0.000171     0.000186 
2010-2014      3     0.000124     0.000159     0.000142 
2010-2014      4     0.000168     0.000112     0.000139 
2010-2014      5     0.000113     0.000095     0.000104 
2010-2014      6     0.000084     0.000111     0.000098 
2010-2014      7     0.000076     0.000088     0.000082 
2010-2014      8     0.000090     0.000105     0.000097 
2010-2014      9     0.000081     0.000110     0.000096 
2010-2014     10     0.000103     0.000195     0.000150 
2010-2014     11     0.000073     0.000150     0.000112 
2010-2014     12     0.000068     0.000109     0.000089 
2010-2014     13     0.000135     0.000179     0.000158 
2010-2014     14     0.000115     0.000213     0.000165 
2010-2014     15     0.000157     0.000272     0.000216 
2010-2014     16     0.000195     0.000338     0.000269 
2010-2014     17     0.000197     0.000393     0.000297 
2010-2014     18     0.000196     0.000433     0.000317 
2010-2014     19     0.000210     0.000565     0.000392 
2010-2014     20     0.000209     0.000548     0.000383 
2010-2014     21     0.000172     0.000567     0.000375 
2010-2014     22     0.000236     0.000666     0.000457 
2010-2014     23     0.000220     0.000661     0.000446 
2010-2014     24     0.000220     0.000633     0.000432 
2010-2014     25     0.000275     0.000657     0.000471 
2010-2014     26     0.000283     0.000740     0.000517 
2010-2014     27     0.000293     0.000698     0.000500 
2010-2014     28     0.000292     0.000768     0.000535 
2010-2014     29     0.000367     0.000769     0.000572 
2010-2014     30     0.000329     0.000771     0.000554 
2010-2014     31     0.000403     0.000923     0.000667 
2010-2014     32     0.000423     0.000889     0.000659 
2010-2014     33     0.000468     0.001043     0.000759 
2010-2014     34     0.000484     0.001185     0.000840 
2010-2014     35     0.000628     0.001227     0.000932 
2010-2014     36     0.000625     0.001406     0.001022 
2010-2014     37     0.000677     0.001553     0.001121 
2010-2014     38     0.000832     0.001720     0.001282 
2010-2014     39     0.000935     0.001936     0.001442 
2010-2014     40     0.001073     0.002234     0.001660 
2010-2014     41     0.001256     0.002689     0.001980 
2010-2014     42     0.001445     0.002921     0.002189 
2010-2014     43     0.001524     0.003626     0.002581 
2010-2014     44     0.001900     0.004055     0.002981 
2010-2014     45     0.002169     0.004767     0.003467 
2010-2014     46     0.002553     0.005243     0.003892 
2010-2014     47     0.002822     0.006369     0.004581 
2010-2014     48     0.003286     0.007298     0.005265 
2010-2014     49     0.003759     0.008296     0.005986 
2010-2014     50     0.004275     0.009485     0.006814 
2010-2014     51     0.004529     0.010312     0.007326 
2010-2014     52     0.004918     0.011966     0.008305 
2010-2014     53     0.005446     0.013018     0.009063 
2010-2014     54     0.005911     0.014534     0.010004 
2010-2014     55     0.006249     0.015939     0.010822 
2010-2014     56     0.007097     0.016907     0.011705 
2010-2014     57     0.007401     0.018410     0.012534 
2010-2014     58     0.007949     0.019281     0.013190 
2010-2014     59     0.008804     0.020518     0.014180 
2010-2014     60     0.009360     0.022385     0.015289 
2010-2014     61     0.010244     0.023696     0.016310 
2010-2014     62     0.010885     0.025685     0.017502 
2010-2014     63     0.011598     0.027220     0.018534 
2010-2014     64     0.012358     0.028699     0.019545 
2010-2014     65     0.013419     0.030094     0.020666 
2010-2014     66     0.014108     0.032465     0.021996 
2010-2014     67     0.015288     0.033176     0.022881 
2010-2014     68     0.016598     0.035441     0.024481 
2010-2014     69     0.017986     0.037654     0.026094 
2010-2014     70     0.020361     0.041675     0.029000 
2010-2014     71     0.021711     0.043732     0.030435 
2010-2014     72     0.024040     0.048673     0.033562 
2010-2014     73     0.026876     0.051992     0.036325 
2010-2014     74     0.030146     0.056415     0.039781 
2010-2014     75     0.033529     0.060554     0.043248 
2010-2014     76     0.038304     0.066601     0.048303 
2010-2014     77     0.042579     0.072275     0.052912 
2010-2014     78     0.048191     0.079591     0.058974 
2010-2014     79     0.055025     0.084999     0.065159 
2010-2014     80     0.062398     0.094100     0.072907 
2010-2014     81     0.070837     0.102132     0.080944 
2010-2014     82     0.080663     0.112659     0.090747 
2010-2014     83     0.091759     0.123373     0.101438 
2010-2014     84     0.101399     0.135864     0.111594 
2010-2014     85     0.115822     0.150195     0.125636 
2010-2014     86     0.129996     0.164098     0.139431 
2010-2014     87     0.144994     0.175930     0.153356 
2010-2014     88     0.160814     0.189476     0.168413 
2010-2014     89     0.171841     0.203868     0.180165 
2010-2014     90     0.196675     0.227714     0.204540 
2010-2014     91     0.216623     0.235920     0.221365 
2010-2014     92     0.231966     0.270441     0.241199 
2010-2014     93     0.255302     0.285670     0.262395 
2010-2014     94     0.275950     0.333630     0.289122 
2010-2014     95     0.318697     0.356164     0.326967 
2010-2014     96     0.340865     0.365933     0.346294 
2010-2014     97     0.382818     0.402166     0.387016 
2010-2014     98     0.389064     0.415668     0.394571 
2010-2014     99     0.416795     0.474327     0.428382 
2010-2014    100     0.463245     0.406903     0.451884 
2010-2014    101     0.479986     0.487369     0.481419 
2010-2014    102     0.555642     0.476963     0.540052 
2010-2014    103     0.579933     0.459221     0.555278 
2010-2014    104     0.691506     0.494777     0.644620 
2010-2014    105     0.586162     0.508744     0.566989 
2010-2014    106     0.874878     0.739220     0.840598 
2010-2014    107     0.951039     0.674157     0.884956 
2010-2014    108     1.401869     0.000000     1.094891 
2010-2014    109     0.545455     0.000000     0.352941 
2010-2014    110+    1.200000     6.000000     2.000000 
