Ireland, Death rates (period 1x10)     Last modified: 20-Nov-2015, MPv5 (May07)

   Year      Age       Female       Male         Total
1950-1959      0     0.033904     0.044136     0.039137 
1950-1959      1     0.002985     0.003402     0.003198 
1950-1959      2     0.001636     0.001987     0.001815 
1950-1959      3     0.001098     0.001335     0.001219 
1950-1959      4     0.000924     0.001087     0.001007 
1950-1959      5     0.000785     0.000805     0.000795 
1950-1959      6     0.000662     0.000631     0.000646 
1950-1959      7     0.000572     0.000717     0.000646 
1950-1959      8     0.000482     0.000626     0.000556 
1950-1959      9     0.000371     0.000521     0.000448 
1950-1959     10     0.000446     0.000536     0.000492 
1950-1959     11     0.000431     0.000488     0.000460 
1950-1959     12     0.000448     0.000518     0.000484 
1950-1959     13     0.000471     0.000501     0.000487 
1950-1959     14     0.000606     0.000572     0.000589 
1950-1959     15     0.000651     0.000701     0.000676 
1950-1959     16     0.000797     0.000750     0.000773 
1950-1959     17     0.000793     0.000969     0.000883 
1950-1959     18     0.000852     0.001096     0.000978 
1950-1959     19     0.000898     0.001249     0.001079 
1950-1959     20     0.001078     0.001219     0.001151 
1950-1959     21     0.001055     0.001495     0.001283 
1950-1959     22     0.001134     0.001312     0.001226 
1950-1959     23     0.001386     0.001490     0.001440 
1950-1959     24     0.001376     0.001570     0.001475 
1950-1959     25     0.001321     0.001525     0.001425 
1950-1959     26     0.001428     0.001509     0.001469 
1950-1959     27     0.001457     0.001805     0.001633 
1950-1959     28     0.001670     0.001792     0.001732 
1950-1959     29     0.001839     0.001765     0.001802 
1950-1959     30     0.002002     0.002203     0.002103 
1950-1959     31     0.001657     0.001610     0.001634 
1950-1959     32     0.002128     0.002300     0.002214 
1950-1959     33     0.001936     0.002125     0.002030 
1950-1959     34     0.002142     0.002219     0.002180 
1950-1959     35     0.002419     0.002622     0.002521 
1950-1959     36     0.002449     0.002560     0.002505 
1950-1959     37     0.002294     0.002539     0.002417 
1950-1959     38     0.003376     0.002830     0.003100 
1950-1959     39     0.002794     0.002789     0.002792 
1950-1959     40     0.003734     0.004153     0.003947 
1950-1959     41     0.002497     0.002825     0.002665 
1950-1959     42     0.003941     0.004249     0.004099 
1950-1959     43     0.003580     0.003855     0.003722 
1950-1959     44     0.003520     0.004131     0.003835 
1950-1959     45     0.004480     0.005354     0.004931 
1950-1959     46     0.004657     0.005169     0.004922 
1950-1959     47     0.004463     0.005601     0.005052 
1950-1959     48     0.005789     0.006801     0.006311 
1950-1959     49     0.005196     0.006771     0.006006 
1950-1959     50     0.008836     0.011171     0.010033 
1950-1959     51     0.005381     0.007053     0.006235 
1950-1959     52     0.008175     0.010237     0.009226 
1950-1959     53     0.008083     0.010397     0.009259 
1950-1959     54     0.009238     0.012730     0.011008 
1950-1959     55     0.009063     0.013099     0.011105 
1950-1959     56     0.011882     0.015555     0.013737 
1950-1959     57     0.009714     0.014793     0.012273 
1950-1959     58     0.013311     0.018070     0.015703 
1950-1959     59     0.010950     0.017140     0.014057 
1950-1959     60     0.021536     0.027856     0.024706 
1950-1959     61     0.012856     0.017891     0.015378 
1950-1959     62     0.018642     0.024881     0.021764 
1950-1959     63     0.019091     0.024756     0.021924 
1950-1959     64     0.022575     0.028542     0.025560 
1950-1959     65     0.028461     0.038710     0.033580 
1950-1959     66     0.021691     0.029670     0.025667 
1950-1959     67     0.024178     0.034162     0.029140 
1950-1959     68     0.033252     0.044506     0.038820 
1950-1959     69     0.031285     0.044675     0.037876 
1950-1959     70     0.047996     0.056694     0.052262 
1950-1959     71     0.038377     0.047007     0.042601 
1950-1959     72     0.053556     0.064237     0.058773 
1950-1959     73     0.056932     0.069919     0.063261 
1950-1959     74     0.066119     0.080398     0.073053 
1950-1959     75     0.074848     0.090969     0.082643 
1950-1959     76     0.079660     0.095829     0.087450 
1950-1959     77     0.076977     0.095396     0.085818 
1950-1959     78     0.096445     0.117486     0.106497 
1950-1959     79     0.086995     0.108317     0.097141 
1950-1959     80     0.133919     0.153065     0.142990 
1950-1959     81     0.096271     0.117309     0.106182 
1950-1959     82     0.134762     0.155668     0.144555 
1950-1959     83     0.138390     0.161270     0.149019 
1950-1959     84     0.175478     0.214088     0.193138 
1950-1959     85     0.175557     0.209007     0.190551 
1950-1959     86     0.208919     0.241069     0.223067 
1950-1959     87     0.207089     0.243368     0.222709 
1950-1959     88     0.206968     0.250171     0.225052 
1950-1959     89     0.203742     0.266681     0.229192 
1950-1959     90     0.283328     0.328551     0.300998 
1950-1959     91     0.210665     0.259217     0.229047 
1950-1959     92     0.273158     0.299140     0.282708 
1950-1959     93     0.291858     0.318495     0.301460 
1950-1959     94     0.316760     0.354274     0.330089 
1950-1959     95     0.347707     0.378324     0.358426 
1950-1959     96     0.368957     0.441545     0.393567 
1950-1959     97     0.413112     0.415124     0.413773 
1950-1959     98     0.448675     0.649508     0.511861 
1950-1959     99     0.611575     0.629985     0.616963 
1950-1959    100     0.538622     0.737475     0.595839 
1950-1959    101     0.509923     0.824942     0.591973 
1950-1959    102     0.709857     1.060045     0.791525 
1950-1959    103     0.858416     1.620479     1.017338 
1950-1959    104     1.357834     1.154213     1.317984 
1950-1959    105     3.425287     4.449438     3.840547 
1950-1959    106            .            .            . 
1950-1959    107            .            .            . 
1950-1959    108            .            .            . 
1950-1959    109            .            .            . 
1950-1959    110+           .            .            . 
1960-1969      0     0.022990     0.028964     0.026049 
1960-1969      1     0.001524     0.001727     0.001628 
1960-1969      2     0.000988     0.001061     0.001025 
1960-1969      3     0.000707     0.000773     0.000741 
1960-1969      4     0.000477     0.000676     0.000579 
1960-1969      5     0.000462     0.000537     0.000500 
1960-1969      6     0.000436     0.000539     0.000489 
1960-1969      7     0.000279     0.000442     0.000362 
1960-1969      8     0.000361     0.000450     0.000406 
1960-1969      9     0.000302     0.000468     0.000386 
1960-1969     10     0.000290     0.000407     0.000349 
1960-1969     11     0.000298     0.000306     0.000302 
1960-1969     12     0.000282     0.000409     0.000347 
1960-1969     13     0.000245     0.000415     0.000332 
1960-1969     14     0.000284     0.000347     0.000316 
1960-1969     15     0.000310     0.000525     0.000420 
1960-1969     16     0.000287     0.000632     0.000464 
1960-1969     17     0.000424     0.000687     0.000559 
1960-1969     18     0.000352     0.000776     0.000570 
1960-1969     19     0.000499     0.001062     0.000788 
1960-1969     20     0.000500     0.001136     0.000827 
1960-1969     21     0.000454     0.000980     0.000724 
1960-1969     22     0.000562     0.001032     0.000803 
1960-1969     23     0.000640     0.000998     0.000822 
1960-1969     24     0.000549     0.000953     0.000754 
1960-1969     25     0.000664     0.001118     0.000894 
1960-1969     26     0.000595     0.001184     0.000891 
1960-1969     27     0.000758     0.001214     0.000987 
1960-1969     28     0.000790     0.001085     0.000938 
1960-1969     29     0.000858     0.001296     0.001078 
1960-1969     30     0.001135     0.001258     0.001196 
1960-1969     31     0.000863     0.001197     0.001030 
1960-1969     32     0.001178     0.001372     0.001275 
1960-1969     33     0.001135     0.001498     0.001316 
1960-1969     34     0.001295     0.001630     0.001462 
1960-1969     35     0.001393     0.001828     0.001609 
1960-1969     36     0.001600     0.001840     0.001719 
1960-1969     37     0.001368     0.001984     0.001672 
1960-1969     38     0.001845     0.002493     0.002165 
1960-1969     39     0.001830     0.002307     0.002066 
1960-1969     40     0.002463     0.003041     0.002749 
1960-1969     41     0.001932     0.002635     0.002280 
1960-1969     42     0.002907     0.003377     0.003140 
1960-1969     43     0.002691     0.003483     0.003085 
1960-1969     44     0.002667     0.003926     0.003296 
1960-1969     45     0.003711     0.005004     0.004359 
1960-1969     46     0.003559     0.004603     0.004084 
1960-1969     47     0.003868     0.005056     0.004467 
1960-1969     48     0.004467     0.005806     0.005145 
1960-1969     49     0.004668     0.005671     0.005179 
1960-1969     50     0.006784     0.009439     0.008141 
1960-1969     51     0.004816     0.006435     0.005646 
1960-1969     52     0.007202     0.009379     0.008321 
1960-1969     53     0.006581     0.009937     0.008308 
1960-1969     54     0.007968     0.011368     0.009717 
1960-1969     55     0.007277     0.012557     0.009989 
1960-1969     56     0.009315     0.013987     0.011710 
1960-1969     57     0.008646     0.013922     0.011344 
1960-1969     58     0.010975     0.017464     0.014279 
1960-1969     59     0.010149     0.017222     0.013728 
1960-1969     60     0.016242     0.025080     0.020681 
1960-1969     61     0.011126     0.019340     0.015225 
1960-1969     62     0.016691     0.026618     0.021614 
1960-1969     63     0.016663     0.027266     0.021895 
1960-1969     64     0.019061     0.030603     0.024732 
1960-1969     65     0.023821     0.039519     0.031501 
1960-1969     66     0.019854     0.032382     0.025955 
1960-1969     67     0.022045     0.035076     0.028362 
1960-1969     68     0.028565     0.045653     0.036802 
1960-1969     69     0.028326     0.045400     0.036507 
1960-1969     70     0.041581     0.056356     0.048619 
1960-1969     71     0.031088     0.046269     0.038276 
1960-1969     72     0.046610     0.063720     0.054675 
1960-1969     73     0.048452     0.068886     0.058043 
1960-1969     74     0.057658     0.075727     0.066108 
1960-1969     75     0.064417     0.086488     0.074706 
1960-1969     76     0.071316     0.090704     0.080314 
1960-1969     77     0.067977     0.091309     0.078745 
1960-1969     78     0.085451     0.107557     0.095570 
1960-1969     79     0.079169     0.102194     0.089606 
1960-1969     80     0.120339     0.140359     0.129280 
1960-1969     81     0.090323     0.112036     0.099969 
1960-1969     82     0.119884     0.152191     0.134107 
1960-1969     83     0.129590     0.153028     0.139821 
1960-1969     84     0.162959     0.201780     0.179751 
1960-1969     85     0.163767     0.204313     0.181015 
1960-1969     86     0.187969     0.231400     0.206111 
1960-1969     87     0.189570     0.244359     0.211983 
1960-1969     88     0.215517     0.251638     0.230014 
1960-1969     89     0.208607     0.264570     0.230677 
1960-1969     90     0.270131     0.323832     0.290808 
1960-1969     91     0.213163     0.281170     0.238656 
1960-1969     92     0.271849     0.330100     0.292984 
1960-1969     93     0.290045     0.336217     0.306305 
1960-1969     94     0.319524     0.402183     0.347803 
1960-1969     95     0.339469     0.377900     0.352207 
1960-1969     96     0.430482     0.567708     0.474143 
1960-1969     97     0.454587     0.460478     0.456376 
1960-1969     98     0.549403     0.696223     0.592342 
1960-1969     99     0.603160     0.648781     0.615163 
1960-1969    100     0.543204     0.519964     0.537299 
1960-1969    101     0.577754     0.558368     0.572811 
1960-1969    102     0.749798     0.317811     0.629490 
1960-1969    103     0.773844     0.087209     0.510695 
1960-1969    104     0.590981     0.451128     0.523189 
1960-1969    105     0.465340     0.337079     0.394810 
1960-1969    106     0.913242     0.508475     0.653239 
1960-1969    107     0.000000     0.000000     0.000000 
1960-1969    108     2.083333     0.405405     0.678733 
1960-1969    109            .     0.681818     0.681818 
1960-1969    110+           .     2.142857     2.142857 
1970-1979      0     0.014937     0.018883     0.016960 
1970-1979      1     0.001126     0.001285     0.001208 
1970-1979      2     0.000687     0.000785     0.000737 
1970-1979      3     0.000495     0.000721     0.000611 
1970-1979      4     0.000399     0.000538     0.000470 
1970-1979      5     0.000303     0.000521     0.000415 
1970-1979      6     0.000306     0.000499     0.000405 
1970-1979      7     0.000255     0.000385     0.000322 
1970-1979      8     0.000272     0.000409     0.000342 
1970-1979      9     0.000248     0.000354     0.000302 
1970-1979     10     0.000168     0.000311     0.000241 
1970-1979     11     0.000233     0.000408     0.000322 
1970-1979     12     0.000212     0.000357     0.000286 
1970-1979     13     0.000247     0.000392     0.000321 
1970-1979     14     0.000247     0.000411     0.000331 
1970-1979     15     0.000280     0.000459     0.000371 
1970-1979     16     0.000425     0.000629     0.000529 
1970-1979     17     0.000377     0.000932     0.000660 
1970-1979     18     0.000403     0.001123     0.000771 
1970-1979     19     0.000394     0.001169     0.000790 
1970-1979     20     0.000459     0.001154     0.000814 
1970-1979     21     0.000438     0.001308     0.000882 
1970-1979     22     0.000482     0.001184     0.000840 
1970-1979     23     0.000402     0.001289     0.000854 
1970-1979     24     0.000498     0.001165     0.000838 
1970-1979     25     0.000499     0.001012     0.000760 
1970-1979     26     0.000501     0.001113     0.000812 
1970-1979     27     0.000478     0.001214     0.000852 
1970-1979     28     0.000674     0.001246     0.000965 
1970-1979     29     0.000617     0.001263     0.000946 
1970-1979     30     0.000605     0.001157     0.000887 
1970-1979     31     0.000670     0.000976     0.000826 
1970-1979     32     0.000694     0.001273     0.000990 
1970-1979     33     0.000703     0.001427     0.001073 
1970-1979     34     0.000868     0.001380     0.001129 
1970-1979     35     0.000934     0.001540     0.001243 
1970-1979     36     0.001131     0.001535     0.001337 
1970-1979     37     0.001051     0.001813     0.001440 
1970-1979     38     0.001533     0.002116     0.001830 
1970-1979     39     0.001337     0.002057     0.001704 
1970-1979     40     0.001840     0.002791     0.002324 
1970-1979     41     0.001784     0.002689     0.002244 
1970-1979     42     0.002374     0.003646     0.003020 
1970-1979     43     0.001922     0.003280     0.002609 
1970-1979     44     0.002492     0.003682     0.003092 
1970-1979     45     0.003001     0.004677     0.003844 
1970-1979     46     0.003371     0.004682     0.004029 
1970-1979     47     0.003407     0.005159     0.004285 
1970-1979     48     0.004088     0.005838     0.004964 
1970-1979     49     0.004314     0.006299     0.005306 
1970-1979     50     0.005634     0.008433     0.007032 
1970-1979     51     0.004496     0.007529     0.006010 
1970-1979     52     0.006122     0.009926     0.008020 
1970-1979     53     0.006388     0.010110     0.008246 
1970-1979     54     0.007010     0.011958     0.009483 
1970-1979     55     0.007062     0.012392     0.009726 
1970-1979     56     0.008528     0.014288     0.011407 
1970-1979     57     0.008846     0.014841     0.011845 
1970-1979     58     0.009919     0.017621     0.013776 
1970-1979     59     0.010020     0.017407     0.013724 
1970-1979     60     0.014754     0.023011     0.018899 
1970-1979     61     0.011152     0.019771     0.015480 
1970-1979     62     0.014929     0.025010     0.019982 
1970-1979     63     0.015394     0.026778     0.021081 
1970-1979     64     0.016982     0.030196     0.023551 
1970-1979     65     0.020000     0.035301     0.027568 
1970-1979     66     0.018321     0.033279     0.025685 
1970-1979     67     0.021791     0.039748     0.030580 
1970-1979     68     0.027089     0.045398     0.035970 
1970-1979     69     0.027853     0.047888     0.037444 
1970-1979     70     0.038039     0.057551     0.047248 
1970-1979     71     0.030576     0.052654     0.040845 
1970-1979     72     0.039845     0.067040     0.052283 
1970-1979     73     0.045591     0.069967     0.056564 
1970-1979     74     0.051873     0.079912     0.064337 
1970-1979     75     0.058125     0.086625     0.070660 
1970-1979     76     0.064988     0.094918     0.078030 
1970-1979     77     0.062830     0.093242     0.075953 
1970-1979     78     0.079947     0.113005     0.094067 
1970-1979     79     0.076533     0.110899     0.091082 
1970-1979     80     0.109026     0.139559     0.121700 
1970-1979     81     0.084330     0.116284     0.097478 
1970-1979     82     0.112194     0.148690     0.127054 
1970-1979     83     0.124770     0.158047     0.138169 
1970-1979     84     0.151765     0.194707     0.168854 
1970-1979     85     0.149320     0.193046     0.166487 
1970-1979     86     0.183899     0.230257     0.201846 
1970-1979     87     0.177039     0.230198     0.197249 
1970-1979     88     0.200446     0.252117     0.219661 
1970-1979     89     0.211326     0.253856     0.226779 
1970-1979     90     0.241239     0.290717     0.258768 
1970-1979     91     0.225674     0.268591     0.240489 
1970-1979     92     0.270101     0.334066     0.291620 
1970-1979     93     0.295109     0.366192     0.318181 
1970-1979     94     0.317177     0.393240     0.340737 
1970-1979     95     0.328730     0.405407     0.351342 
1970-1979     96     0.421527     0.480014     0.438064 
1970-1979     97     0.397948     0.500913     0.425293 
1970-1979     98     0.542343     0.632179     0.564416 
1970-1979     99     0.638757     0.824440     0.681386 
1970-1979    100     0.478369     0.569223     0.497397 
1970-1979    101     0.477693     0.608810     0.503665 
1970-1979    102     0.756100     0.778577     0.760491 
1970-1979    103     0.428099     0.271064     0.393066 
1970-1979    104     0.736422     0.456795     0.656096 
1970-1979    105     0.223547     0.523104     0.313234 
1970-1979    106     0.000000     0.000000     0.000000 
1970-1979    107     0.918836     2.142857     1.134931 
1970-1979    108     2.112676            .     2.112676 
1970-1979    109            .            .            . 
1970-1979    110+           .            .            . 
1980-1989      0     0.008489     0.010386     0.009464 
1980-1989      1     0.000661     0.000870     0.000768 
1980-1989      2     0.000432     0.000600     0.000518 
1980-1989      3     0.000326     0.000423     0.000376 
1980-1989      4     0.000311     0.000407     0.000360 
1980-1989      5     0.000263     0.000344     0.000304 
1980-1989      6     0.000184     0.000290     0.000238 
1980-1989      7     0.000162     0.000300     0.000233 
1980-1989      8     0.000168     0.000285     0.000228 
1980-1989      9     0.000156     0.000333     0.000247 
1980-1989     10     0.000148     0.000315     0.000233 
1980-1989     11     0.000142     0.000271     0.000208 
1980-1989     12     0.000196     0.000223     0.000210 
1980-1989     13     0.000173     0.000297     0.000236 
1980-1989     14     0.000230     0.000375     0.000304 
1980-1989     15     0.000210     0.000455     0.000336 
1980-1989     16     0.000305     0.000610     0.000461 
1980-1989     17     0.000324     0.000844     0.000591 
1980-1989     18     0.000389     0.000980     0.000692 
1980-1989     19     0.000338     0.001249     0.000804 
1980-1989     20     0.000349     0.001118     0.000741 
1980-1989     21     0.000377     0.001225     0.000808 
1980-1989     22     0.000354     0.001075     0.000719 
1980-1989     23     0.000385     0.001135     0.000762 
1980-1989     24     0.000374     0.001084     0.000730 
1980-1989     25     0.000330     0.000980     0.000656 
1980-1989     26     0.000327     0.000988     0.000658 
1980-1989     27     0.000351     0.000988     0.000670 
1980-1989     28     0.000408     0.001071     0.000740 
1980-1989     29     0.000373     0.000934     0.000654 
1980-1989     30     0.000534     0.001101     0.000819 
1980-1989     31     0.000436     0.001004     0.000722 
1980-1989     32     0.000593     0.001095     0.000846 
1980-1989     33     0.000597     0.001178     0.000891 
1980-1989     34     0.000651     0.001151     0.000904 
1980-1989     35     0.000699     0.001395     0.001051 
1980-1989     36     0.000733     0.001354     0.001048 
1980-1989     37     0.000813     0.001274     0.001047 
1980-1989     38     0.000857     0.001513     0.001191 
1980-1989     39     0.000993     0.001694     0.001350 
1980-1989     40     0.001240     0.002070     0.001664 
1980-1989     41     0.001334     0.002053     0.001702 
1980-1989     42     0.001554     0.002690     0.002136 
1980-1989     43     0.001654     0.002500     0.002087 
1980-1989     44     0.001819     0.002667     0.002253 
1980-1989     45     0.002185     0.003410     0.002812 
1980-1989     46     0.002222     0.003859     0.003061 
1980-1989     47     0.002665     0.004145     0.003423 
1980-1989     48     0.002785     0.004666     0.003747 
1980-1989     49     0.003153     0.005086     0.004140 
1980-1989     50     0.004315     0.006395     0.005376 
1980-1989     51     0.003722     0.006243     0.005006 
1980-1989     52     0.004563     0.007947     0.006281 
1980-1989     53     0.004981     0.008311     0.006663 
1980-1989     54     0.005833     0.010295     0.008076 
1980-1989     55     0.006177     0.010894     0.008536 
1980-1989     56     0.006593     0.011861     0.009212 
1980-1989     57     0.007419     0.013944     0.010644 
1980-1989     58     0.008446     0.015992     0.012154 
1980-1989     59     0.009523     0.016452     0.012910 
1980-1989     60     0.011031     0.019762     0.015278 
1980-1989     61     0.010575     0.019419     0.014858 
1980-1989     62     0.013607     0.023646     0.018453 
1980-1989     63     0.013765     0.025468     0.019401 
1980-1989     64     0.015360     0.027538     0.021215 
1980-1989     65     0.016489     0.032231     0.024027 
1980-1989     66     0.018166     0.034131     0.025770 
1980-1989     67     0.019671     0.035739     0.027295 
1980-1989     68     0.022199     0.041370     0.031259 
1980-1989     69     0.024676     0.043459     0.033511 
1980-1989     70     0.029152     0.051063     0.039407 
1980-1989     71     0.028445     0.050768     0.038835 
1980-1989     72     0.035206     0.061479     0.047338 
1980-1989     73     0.037550     0.066639     0.050836 
1980-1989     74     0.043504     0.074911     0.057650 
1980-1989     75     0.047340     0.082399     0.062882 
1980-1989     76     0.055235     0.087106     0.069146 
1980-1989     77     0.055836     0.091664     0.071211 
1980-1989     78     0.064140     0.103423     0.080627 
1980-1989     79     0.070662     0.114365     0.088487 
1980-1989     80     0.086603     0.126556     0.102382 
1980-1989     81     0.082393     0.122796     0.097949 
1980-1989     82     0.101570     0.149190     0.119432 
1980-1989     83     0.109452     0.158163     0.127227 
1980-1989     84     0.129461     0.184975     0.149152 
1980-1989     85     0.135078     0.182186     0.151354 
1980-1989     86     0.160180     0.210316     0.177111 
1980-1989     87     0.168020     0.227259     0.187486 
1980-1989     88     0.180882     0.237264     0.198904 
1980-1989     89     0.187319     0.256285     0.208831 
1980-1989     90     0.216554     0.278999     0.235552 
1980-1989     91     0.214785     0.274161     0.232442 
1980-1989     92     0.266083     0.340955     0.287769 
1980-1989     93     0.263132     0.358350     0.289570 
1980-1989     94     0.301776     0.376824     0.321632 
1980-1989     95     0.325654     0.420512     0.349745 
1980-1989     96     0.347587     0.438517     0.369764 
1980-1989     97     0.399061     0.528095     0.429179 
1980-1989     98     0.468486     0.666520     0.511223 
1980-1989     99     0.466973     0.627779     0.497424 
1980-1989    100     0.489627     0.472342     0.486675 
1980-1989    101     0.542413     0.512894     0.537485 
1980-1989    102     0.482976     0.841515     0.535323 
1980-1989    103     0.381437     0.705384     0.415512 
1980-1989    104     0.563733     0.445931     0.551074 
1980-1989    105     0.648357     1.023309     0.699627 
1980-1989    106     1.142585     0.684932     1.063620 
1980-1989    107     0.405132     2.142857     0.681431 
1980-1989    108     0.678733            .     0.678733 
1980-1989    109     0.000000            .     0.000000 
1980-1989    110+    0.678733            .     0.678733 
1990-1999      0     0.005764     0.007140     0.006473 
1990-1999      1     0.000448     0.000486     0.000467 
1990-1999      2     0.000281     0.000392     0.000338 
1990-1999      3     0.000253     0.000331     0.000293 
1990-1999      4     0.000194     0.000213     0.000204 
1990-1999      5     0.000122     0.000207     0.000166 
1990-1999      6     0.000111     0.000208     0.000161 
1990-1999      7     0.000105     0.000213     0.000160 
1990-1999      8     0.000092     0.000185     0.000140 
1990-1999      9     0.000123     0.000155     0.000139 
1990-1999     10     0.000136     0.000162     0.000149 
1990-1999     11     0.000133     0.000215     0.000175 
1990-1999     12     0.000118     0.000223     0.000172 
1990-1999     13     0.000171     0.000251     0.000212 
1990-1999     14     0.000166     0.000311     0.000240 
1990-1999     15     0.000224     0.000359     0.000293 
1990-1999     16     0.000244     0.000535     0.000393 
1990-1999     17     0.000331     0.000659     0.000499 
1990-1999     18     0.000319     0.000976     0.000655 
1990-1999     19     0.000338     0.001156     0.000755 
1990-1999     20     0.000354     0.001157     0.000764 
1990-1999     21     0.000339     0.001170     0.000764 
1990-1999     22     0.000320     0.001252     0.000796 
1990-1999     23     0.000322     0.001268     0.000805 
1990-1999     24     0.000329     0.001345     0.000846 
1990-1999     25     0.000352     0.001243     0.000802 
1990-1999     26     0.000370     0.001102     0.000736 
1990-1999     27     0.000384     0.001222     0.000797 
1990-1999     28     0.000404     0.001201     0.000797 
1990-1999     29     0.000450     0.001212     0.000825 
1990-1999     30     0.000479     0.001183     0.000825 
1990-1999     31     0.000438     0.001091     0.000757 
1990-1999     32     0.000425     0.001137     0.000775 
1990-1999     33     0.000607     0.001232     0.000916 
1990-1999     34     0.000604     0.001214     0.000906 
1990-1999     35     0.000613     0.001413     0.001008 
1990-1999     36     0.000751     0.001276     0.001011 
1990-1999     37     0.000782     0.001166     0.000972 
1990-1999     38     0.000790     0.001480     0.001131 
1990-1999     39     0.000904     0.001502     0.001202 
1990-1999     40     0.001032     0.001633     0.001332 
1990-1999     41     0.001048     0.001848     0.001449 
1990-1999     42     0.001281     0.002007     0.001645 
1990-1999     43     0.001465     0.002186     0.001826 
1990-1999     44     0.001564     0.002351     0.001959 
1990-1999     45     0.001773     0.002702     0.002240 
1990-1999     46     0.001971     0.003106     0.002543 
1990-1999     47     0.002247     0.003212     0.002736 
1990-1999     48     0.002303     0.003732     0.003028 
1990-1999     49     0.002626     0.003896     0.003270 
1990-1999     50     0.002852     0.004523     0.003701 
1990-1999     51     0.003016     0.004521     0.003782 
1990-1999     52     0.003471     0.005752     0.004633 
1990-1999     53     0.003897     0.006000     0.004967 
1990-1999     54     0.004610     0.006997     0.005822 
1990-1999     55     0.004719     0.008037     0.006396 
1990-1999     56     0.005146     0.009034     0.007118 
1990-1999     57     0.005584     0.010305     0.007970 
1990-1999     58     0.006346     0.011421     0.008899 
1990-1999     59     0.006998     0.012465     0.009745 
1990-1999     60     0.008020     0.014142     0.011082 
1990-1999     61     0.008291     0.015145     0.011706 
1990-1999     62     0.010110     0.018167     0.014097 
1990-1999     63     0.011244     0.019973     0.015529 
1990-1999     64     0.011433     0.022226     0.016714 
1990-1999     65     0.013176     0.024564     0.018690 
1990-1999     66     0.015281     0.027088     0.020959 
1990-1999     67     0.016201     0.030944     0.023204 
1990-1999     68     0.018003     0.033685     0.025339 
1990-1999     69     0.021322     0.038451     0.029265 
1990-1999     70     0.023016     0.043333     0.032311 
1990-1999     71     0.024242     0.045106     0.033709 
1990-1999     72     0.029165     0.054327     0.040367 
1990-1999     73     0.032190     0.055715     0.042624 
1990-1999     74     0.036404     0.063971     0.048434 
1990-1999     75     0.041257     0.069621     0.053508 
1990-1999     76     0.045868     0.077362     0.059214 
1990-1999     77     0.050114     0.084279     0.064432 
1990-1999     78     0.055881     0.090663     0.070280 
1990-1999     79     0.062705     0.103977     0.079491 
1990-1999     80     0.071792     0.112031     0.087698 
1990-1999     81     0.075986     0.120741     0.093261 
1990-1999     82     0.087941     0.135052     0.105653 
1990-1999     83     0.096687     0.152457     0.117017 
1990-1999     84     0.112022     0.162685     0.129863 
1990-1999     85     0.119557     0.178402     0.139551 
1990-1999     86     0.137312     0.201797     0.158385 
1990-1999     87     0.148108     0.206548     0.166463 
1990-1999     88     0.161533     0.219068     0.178883 
1990-1999     89     0.190157     0.242024     0.205156 
1990-1999     90     0.203110     0.262902     0.219703 
1990-1999     91     0.217787     0.283124     0.235119 
1990-1999     92     0.253552     0.319488     0.270201 
1990-1999     93     0.266788     0.320471     0.279819 
1990-1999     94     0.289710     0.349560     0.303840 
1990-1999     95     0.317899     0.380303     0.332086 
1990-1999     96     0.345908     0.411460     0.360147 
1990-1999     97     0.373040     0.488093     0.396474 
1990-1999     98     0.416186     0.508741     0.433590 
1990-1999     99     0.476123     0.423535     0.466345 
1990-1999    100     0.444357     0.514046     0.457601 
1990-1999    101     0.464354     0.720131     0.508773 
1990-1999    102     0.511044     0.619128     0.527392 
1990-1999    103     0.624820     0.350058     0.581995 
1990-1999    104     0.739330     0.265018     0.643374 
1990-1999    105     0.529606     1.003344     0.628528 
1990-1999    106     0.803320     1.219512     0.851769 
1990-1999    107     0.681818     0.000000     0.657174 
1990-1999    108     1.250000            .     1.250000 
1990-1999    109     0.000000            .     0.000000 
1990-1999    110+    2.142857            .     2.142857 
2000-2009      0     0.004088     0.004954     0.004532 
2000-2009      1     0.000343     0.000413     0.000379 
2000-2009      2     0.000184     0.000265     0.000226 
2000-2009      3     0.000134     0.000178     0.000156 
2000-2009      4     0.000138     0.000121     0.000129 
2000-2009      5     0.000117     0.000132     0.000125 
2000-2009      6     0.000097     0.000106     0.000102 
2000-2009      7     0.000076     0.000138     0.000108 
2000-2009      8     0.000092     0.000070     0.000080 
2000-2009      9     0.000059     0.000164     0.000112 
2000-2009     10     0.000088     0.000122     0.000105 
2000-2009     11     0.000095     0.000139     0.000118 
2000-2009     12     0.000091     0.000138     0.000115 
2000-2009     13     0.000184     0.000154     0.000169 
2000-2009     14     0.000167     0.000232     0.000200 
2000-2009     15     0.000214     0.000359     0.000288 
2000-2009     16     0.000193     0.000442     0.000320 
2000-2009     17     0.000256     0.000652     0.000459 
2000-2009     18     0.000302     0.000933     0.000623 
2000-2009     19     0.000413     0.001035     0.000728 
2000-2009     20     0.000284     0.001049     0.000668 
2000-2009     21     0.000290     0.001056     0.000674 
2000-2009     22     0.000287     0.000983     0.000636 
2000-2009     23     0.000284     0.000999     0.000643 
2000-2009     24     0.000288     0.000966     0.000627 
2000-2009     25     0.000309     0.000915     0.000612 
2000-2009     26     0.000314     0.001011     0.000663 
2000-2009     27     0.000316     0.001033     0.000675 
2000-2009     28     0.000305     0.000965     0.000637 
2000-2009     29     0.000380     0.001033     0.000710 
2000-2009     30     0.000383     0.001068     0.000728 
2000-2009     31     0.000422     0.000935     0.000678 
2000-2009     32     0.000405     0.001035     0.000721 
2000-2009     33     0.000494     0.001108     0.000803 
2000-2009     34     0.000464     0.001091     0.000780 
2000-2009     35     0.000654     0.001107     0.000882 
2000-2009     36     0.000606     0.001187     0.000898 
2000-2009     37     0.000673     0.001201     0.000939 
2000-2009     38     0.000759     0.001300     0.001031 
2000-2009     39     0.000860     0.001405     0.001134 
2000-2009     40     0.000890     0.001502     0.001196 
2000-2009     41     0.000937     0.001764     0.001351 
2000-2009     42     0.001018     0.001876     0.001446 
2000-2009     43     0.001196     0.001819     0.001507 
2000-2009     44     0.001394     0.002036     0.001715 
2000-2009     45     0.001305     0.002237     0.001771 
2000-2009     46     0.001741     0.002514     0.002127 
2000-2009     47     0.001867     0.002700     0.002284 
2000-2009     48     0.002003     0.002973     0.002490 
2000-2009     49     0.002252     0.003198     0.002727 
2000-2009     50     0.002300     0.003599     0.002953 
2000-2009     51     0.002678     0.004056     0.003372 
2000-2009     52     0.002939     0.004460     0.003705 
2000-2009     53     0.003168     0.004955     0.004069 
2000-2009     54     0.003438     0.005277     0.004368 
2000-2009     55     0.003805     0.005805     0.004815 
2000-2009     56     0.003884     0.006731     0.005323 
2000-2009     57     0.004405     0.006998     0.005719 
2000-2009     58     0.004836     0.007795     0.006331 
2000-2009     59     0.005385     0.008815     0.007121 
2000-2009     60     0.005473     0.009993     0.007754 
2000-2009     61     0.006512     0.010507     0.008532 
2000-2009     62     0.007209     0.011587     0.009418 
2000-2009     63     0.007954     0.012880     0.010426 
2000-2009     64     0.008641     0.015057     0.011855 
2000-2009     65     0.008913     0.016731     0.012801 
2000-2009     66     0.010963     0.018442     0.014668 
2000-2009     67     0.011498     0.019711     0.015543 
2000-2009     68     0.012366     0.021813     0.016999 
2000-2009     69     0.014346     0.024760     0.019428 
2000-2009     70     0.015963     0.027084     0.021335 
2000-2009     71     0.017983     0.030877     0.024136 
2000-2009     72     0.019862     0.034818     0.026898 
2000-2009     73     0.022149     0.039416     0.030111 
2000-2009     74     0.026277     0.042995     0.033900 
2000-2009     75     0.029558     0.048475     0.038018 
2000-2009     76     0.034274     0.054580     0.043185 
2000-2009     77     0.036500     0.059611     0.046435 
2000-2009     78     0.042964     0.066955     0.053001 
2000-2009     79     0.048268     0.076631     0.059905 
2000-2009     80     0.054382     0.084665     0.066531 
2000-2009     81     0.060372     0.094122     0.073528 
2000-2009     82     0.070890     0.106039     0.084186 
2000-2009     83     0.077117     0.111350     0.089758 
2000-2009     84     0.085830     0.127358     0.100753 
2000-2009     85     0.096693     0.136213     0.110419 
2000-2009     86     0.110746     0.155195     0.125618 
2000-2009     87     0.127344     0.176445     0.143132 
2000-2009     88     0.135981     0.191937     0.153223 
2000-2009     89     0.159240     0.218057     0.176537 
2000-2009     90     0.173073     0.224268     0.187433 
2000-2009     91     0.188162     0.261723     0.207770 
2000-2009     92     0.212610     0.273816     0.228084 
2000-2009     93     0.230683     0.324833     0.253116 
2000-2009     94     0.250546     0.329064     0.267891 
2000-2009     95     0.284547     0.360504     0.300209 
2000-2009     96     0.318637     0.380361     0.330714 
2000-2009     97     0.340623     0.419042     0.355278 
2000-2009     98     0.345154     0.420678     0.358414 
2000-2009     99     0.400636     0.480732     0.413794 
2000-2009    100     0.440646     0.548849     0.457319 
2000-2009    101     0.411624     0.604644     0.438130 
2000-2009    102     0.511061     0.335008     0.488728 
2000-2009    103     0.520988     0.714736     0.546423 
2000-2009    104     0.665995     0.384615     0.627115 
2000-2009    105     0.603521     0.895077     0.645578 
2000-2009    106     0.543881     0.826446     0.574078 
2000-2009    107     0.265879     2.857143     0.417246 
2000-2009    108     0.633747            .     0.633747 
2000-2009    109     2.142857            .     2.142857 
2000-2009    110+           .            .            . 
2010-2014      0     0.003222     0.003699     0.003466 
2010-2014      1     0.000220     0.000302     0.000262 
2010-2014      2     0.000117     0.000156     0.000137 
2010-2014      3     0.000062     0.000076     0.000070 
2010-2014      4     0.000076     0.000112     0.000094 
2010-2014      5     0.000089     0.000092     0.000090 
2010-2014      6     0.000085     0.000123     0.000104 
2010-2014      7     0.000087     0.000084     0.000086 
2010-2014      8     0.000102     0.000085     0.000093 
2010-2014      9     0.000052     0.000093     0.000073 
2010-2014     10     0.000104     0.000094     0.000099 
2010-2014     11     0.000060     0.000101     0.000081 
2010-2014     12     0.000087     0.000064     0.000075 
2010-2014     13     0.000068     0.000110     0.000090 
2010-2014     14     0.000083     0.000164     0.000124 
2010-2014     15     0.000211     0.000246     0.000229 
2010-2014     16     0.000143     0.000270     0.000208 
2010-2014     17     0.000138     0.000365     0.000255 
2010-2014     18     0.000204     0.000430     0.000320 
2010-2014     19     0.000232     0.000725     0.000484 
2010-2014     20     0.000252     0.000739     0.000500 
2010-2014     21     0.000210     0.001118     0.000668 
2010-2014     22     0.000255     0.000889     0.000573 
2010-2014     23     0.000303     0.000705     0.000504 
2010-2014     24     0.000229     0.001006     0.000613 
2010-2014     25     0.000261     0.000910     0.000577 
2010-2014     26     0.000384     0.000922     0.000644 
2010-2014     27     0.000239     0.000796     0.000507 
2010-2014     28     0.000206     0.000736     0.000460 
2010-2014     29     0.000282     0.000867     0.000563 
2010-2014     30     0.000284     0.000911     0.000586 
2010-2014     31     0.000325     0.000807     0.000559 
2010-2014     32     0.000340     0.001034     0.000678 
2010-2014     33     0.000483     0.000909     0.000692 
2010-2014     34     0.000520     0.000971     0.000742 
2010-2014     35     0.000398     0.000915     0.000654 
2010-2014     36     0.000556     0.001092     0.000822 
2010-2014     37     0.000537     0.001045     0.000790 
2010-2014     38     0.000532     0.001202     0.000866 
2010-2014     39     0.000668     0.001230     0.000949 
2010-2014     40     0.000746     0.001426     0.001087 
2010-2014     41     0.000861     0.001507     0.001184 
2010-2014     42     0.000901     0.001480     0.001192 
2010-2014     43     0.001006     0.001663     0.001336 
2010-2014     44     0.001028     0.001647     0.001338 
2010-2014     45     0.001227     0.001942     0.001585 
2010-2014     46     0.001281     0.002182     0.001731 
2010-2014     47     0.001421     0.002297     0.001857 
2010-2014     48     0.001809     0.002749     0.002276 
2010-2014     49     0.001550     0.002726     0.002133 
2010-2014     50     0.002050     0.002974     0.002509 
2010-2014     51     0.002150     0.003598     0.002869 
2010-2014     52     0.002364     0.003746     0.003052 
2010-2014     53     0.002511     0.003984     0.003243 
2010-2014     54     0.002995     0.004409     0.003699 
2010-2014     55     0.003325     0.004612     0.003966 
2010-2014     56     0.003541     0.005422     0.004478 
2010-2014     57     0.003704     0.005420     0.004561 
2010-2014     58     0.004064     0.006559     0.005309 
2010-2014     59     0.004248     0.007102     0.005674 
2010-2014     60     0.005014     0.007156     0.006084 
2010-2014     61     0.005121     0.008675     0.006895 
2010-2014     62     0.005578     0.009748     0.007661 
2010-2014     63     0.006703     0.010468     0.008584 
2010-2014     64     0.007495     0.011629     0.009564 
2010-2014     65     0.007996     0.012873     0.010437 
2010-2014     66     0.008466     0.013834     0.011151 
2010-2014     67     0.009451     0.015376     0.012405 
2010-2014     68     0.010744     0.016597     0.013652 
2010-2014     69     0.012481     0.018253     0.015337 
2010-2014     70     0.012394     0.020504     0.016385 
2010-2014     71     0.013784     0.023073     0.018325 
2010-2014     72     0.015802     0.025058     0.020309 
2010-2014     73     0.017364     0.027707     0.022336 
2010-2014     74     0.020050     0.031990     0.025746 
2010-2014     75     0.022565     0.035458     0.028643 
2010-2014     76     0.025038     0.039000     0.031548 
2010-2014     77     0.029260     0.044106     0.036099 
2010-2014     78     0.032706     0.051767     0.041336 
2010-2014     79     0.036205     0.054291     0.044264 
2010-2014     80     0.042289     0.063424     0.051554 
2010-2014     81     0.048833     0.073777     0.059499 
2010-2014     82     0.057371     0.084123     0.068438 
2010-2014     83     0.064254     0.095493     0.076717 
2010-2014     84     0.072714     0.102406     0.084156 
2010-2014     85     0.085606     0.115981     0.096912 
2010-2014     86     0.092866     0.133933     0.107599 
2010-2014     87     0.110510     0.152259     0.124961 
2010-2014     88     0.124849     0.160714     0.136857 
2010-2014     89     0.133418     0.173697     0.146457 
2010-2014     90     0.148157     0.195393     0.162755 
2010-2014     91     0.171928     0.211528     0.183550 
2010-2014     92     0.200195     0.240879     0.211538 
2010-2014     93     0.205550     0.258994     0.219557 
2010-2014     94     0.237473     0.266593     0.244634 
2010-2014     95     0.250912     0.312662     0.265094 
2010-2014     96     0.272457     0.345855     0.287821 
2010-2014     97     0.323394     0.396893     0.337369 
2010-2014     98     0.350334     0.420542     0.362599 
2010-2014     99     0.366196     0.454974     0.380382 
2010-2014    100     0.386022     0.521089     0.405114 
2010-2014    101     0.420019     0.588953     0.441008 
2010-2014    102     0.481740     0.718600     0.507936 
2010-2014    103     0.517157     1.185458     0.571453 
2010-2014    104     0.570121     0.777538     0.579996 
2010-2014    105     0.519609     0.384615     0.511449 
2010-2014    106     0.903695     1.176471     0.926302 
2010-2014    107     0.815402     0.000000     0.717846 
2010-2014    108     0.914634     2.173913     1.069519 
2010-2014    109     2.142857            .     2.142857 
2010-2014    110+           .            .            . 
