Poland, Death rates (period 1x10)     Last modified: 26-Nov-2015, MPv5 (May07)

   Year      Age       Female       Male         Total
1958-1959      0     0.065818     0.083154     0.074702 
1958-1959      1     0.004812     0.005112     0.004965 
1958-1959      2     0.001791     0.002002     0.001899 
1958-1959      3     0.001164     0.001456     0.001313 
1958-1959      4     0.000926     0.001077     0.001003 
1958-1959      5     0.000711     0.000922     0.000819 
1958-1959      6     0.000625     0.000819     0.000724 
1958-1959      7     0.000574     0.000809     0.000694 
1958-1959      8     0.000477     0.000719     0.000600 
1958-1959      9     0.000411     0.000639     0.000527 
1958-1959     10     0.000416     0.000657     0.000539 
1958-1959     11     0.000416     0.000656     0.000538 
1958-1959     12     0.000435     0.000627     0.000532 
1958-1959     13     0.000442     0.000676     0.000561 
1958-1959     14     0.000459     0.000820     0.000641 
1958-1959     15     0.000518     0.000871     0.000696 
1958-1959     16     0.000621     0.001026     0.000826 
1958-1959     17     0.000589     0.001278     0.000938 
1958-1959     18     0.000771     0.001413     0.001098 
1958-1959     19     0.000821     0.001816     0.001330 
1958-1959     20     0.000889     0.002012     0.001461 
1958-1959     21     0.000888     0.002069     0.001484 
1958-1959     22     0.000944     0.001987     0.001467 
1958-1959     23     0.001012     0.001940     0.001476 
1958-1959     24     0.001090     0.002124     0.001608 
1958-1959     25     0.001134     0.002153     0.001645 
1958-1959     26     0.001177     0.002111     0.001645 
1958-1959     27     0.001198     0.002087     0.001644 
1958-1959     28     0.001286     0.002179     0.001733 
1958-1959     29     0.001373     0.002372     0.001870 
1958-1959     30     0.001443     0.002463     0.001945 
1958-1959     31     0.001341     0.002502     0.001902 
1958-1959     32     0.001499     0.002515     0.001980 
1958-1959     33     0.001583     0.002654     0.002083 
1958-1959     34     0.001811     0.002746     0.002245 
1958-1959     35     0.001813     0.002806     0.002273 
1958-1959     36     0.001829     0.002850     0.002304 
1958-1959     37     0.001886     0.002987     0.002403 
1958-1959     38     0.002150     0.003387     0.002733 
1958-1959     39     0.002330     0.003489     0.002871 
1958-1959     40     0.002376     0.003634     0.002958 
1958-1959     41     0.002547     0.003698     0.003080 
1958-1959     42     0.002629     0.004225     0.003362 
1958-1959     43     0.003073     0.004446     0.003698 
1958-1959     44     0.003095     0.005002     0.003966 
1958-1959     45     0.003295     0.005064     0.004111 
1958-1959     46     0.003473     0.005699     0.004506 
1958-1959     47     0.003969     0.006186     0.005006 
1958-1959     48     0.004254     0.006692     0.005403 
1958-1959     49     0.004830     0.007344     0.006019 
1958-1959     50     0.004922     0.008221     0.006485 
1958-1959     51     0.005530     0.008993     0.007169 
1958-1959     52     0.005740     0.010331     0.007900 
1958-1959     53     0.006369     0.010945     0.008502 
1958-1959     54     0.006816     0.012045     0.009249 
1958-1959     55     0.007544     0.012966     0.010060 
1958-1959     56     0.008193     0.015167     0.011401 
1958-1959     57     0.009047     0.016547     0.012422 
1958-1959     58     0.009726     0.018419     0.013546 
1958-1959     59     0.011544     0.020348     0.015396 
1958-1959     60     0.013202     0.023026     0.017481 
1958-1959     61     0.014009     0.025052     0.018748 
1958-1959     62     0.015865     0.027414     0.020739 
1958-1959     63     0.017225     0.028860     0.022072 
1958-1959     64     0.019212     0.031455     0.024299 
1958-1959     65     0.021104     0.034511     0.026630 
1958-1959     66     0.023812     0.037301     0.029305 
1958-1959     67     0.026918     0.042585     0.033208 
1958-1959     68     0.029681     0.046886     0.036465 
1958-1959     69     0.033605     0.049822     0.039928 
1958-1959     70     0.036306     0.053368     0.042886 
1958-1959     71     0.042605     0.060400     0.049424 
1958-1959     72     0.047195     0.066722     0.054599 
1958-1959     73     0.051677     0.070797     0.058801 
1958-1959     74     0.056231     0.076159     0.063642 
1958-1959     75     0.064505     0.085128     0.072135 
1958-1959     76     0.070188     0.094856     0.079198 
1958-1959     77     0.081956     0.100932     0.088873 
1958-1959     78     0.092390     0.118422     0.101766 
1958-1959     79     0.094454     0.116592     0.102295 
1958-1959     80     0.110704     0.134791     0.119215 
1958-1959     81     0.121754     0.144494     0.129676 
1958-1959     82     0.134587     0.157492     0.142403 
1958-1959     83     0.146002     0.176729     0.156353 
1958-1959     84     0.158887     0.186967     0.168280 
1958-1959     85     0.171176     0.217405     0.186241 
1958-1959     86     0.180485     0.215906     0.191723 
1958-1959     87     0.199325     0.241779     0.212495 
1958-1959     88     0.216356     0.258349     0.228962 
1958-1959     89     0.246012     0.296014     0.260836 
1958-1959     90     0.247392     0.283321     0.257932 
1958-1959     91     0.274252     0.334938     0.291143 
1958-1959     92     0.305940     0.357145     0.319523 
1958-1959     93     0.312878     0.369976     0.327068 
1958-1959     94     0.302309     0.371961     0.318771 
1958-1959     95     0.378199     0.358094     0.373474 
1958-1959     96     0.355192     0.458145     0.378554 
1958-1959     97     0.394466     0.255902     0.363175 
1958-1959     98     0.427018     0.397907     0.419347 
1958-1959     99     0.689704     0.799699     0.720081 
1958-1959    100     0.479888     0.714852     0.532079 
1958-1959    101     0.495600     0.987936     0.576626 
1958-1959    102     0.549934     1.872910     0.690423 
1958-1959    103     0.686907     2.535849     0.829880 
1958-1959    104     1.256293     6.000000     1.438944 
1958-1959    105     6.000000            .     6.000000 
1958-1959    106            .            .            . 
1958-1959    107            .            .            . 
1958-1959    108            .            .            . 
1958-1959    109            .            .            . 
1958-1959    110+           .            .            . 
1960-1969      0     0.040234     0.051944     0.046257 
1960-1969      1     0.002657     0.002912     0.002788 
1960-1969      2     0.001191     0.001370     0.001283 
1960-1969      3     0.000785     0.000983     0.000886 
1960-1969      4     0.000622     0.000816     0.000721 
1960-1969      5     0.000510     0.000705     0.000609 
1960-1969      6     0.000433     0.000626     0.000532 
1960-1969      7     0.000381     0.000579     0.000482 
1960-1969      8     0.000349     0.000536     0.000445 
1960-1969      9     0.000314     0.000496     0.000407 
1960-1969     10     0.000283     0.000489     0.000388 
1960-1969     11     0.000288     0.000480     0.000386 
1960-1969     12     0.000290     0.000481     0.000387 
1960-1969     13     0.000313     0.000513     0.000415 
1960-1969     14     0.000375     0.000596     0.000488 
1960-1969     15     0.000402     0.000725     0.000566 
1960-1969     16     0.000424     0.000798     0.000614 
1960-1969     17     0.000463     0.001009     0.000740 
1960-1969     18     0.000512     0.001258     0.000890 
1960-1969     19     0.000595     0.001519     0.001063 
1960-1969     20     0.000634     0.001605     0.001126 
1960-1969     21     0.000663     0.001637     0.001156 
1960-1969     22     0.000677     0.001751     0.001221 
1960-1969     23     0.000673     0.001850     0.001267 
1960-1969     24     0.000756     0.001893     0.001329 
1960-1969     25     0.000787     0.001948     0.001371 
1960-1969     26     0.000753     0.001914     0.001336 
1960-1969     27     0.000860     0.001956     0.001410 
1960-1969     28     0.000927     0.001997     0.001463 
1960-1969     29     0.000956     0.002110     0.001534 
1960-1969     30     0.001009     0.002128     0.001569 
1960-1969     31     0.001051     0.002223     0.001636 
1960-1969     32     0.001118     0.002353     0.001733 
1960-1969     33     0.001214     0.002465     0.001835 
1960-1969     34     0.001278     0.002563     0.001911 
1960-1969     35     0.001380     0.002677     0.002015 
1960-1969     36     0.001487     0.002823     0.002136 
1960-1969     37     0.001574     0.002972     0.002248 
1960-1969     38     0.001739     0.003175     0.002426 
1960-1969     39     0.001854     0.003377     0.002578 
1960-1969     40     0.002032     0.003604     0.002774 
1960-1969     41     0.002117     0.003812     0.002911 
1960-1969     42     0.002253     0.004108     0.003117 
1960-1969     43     0.002466     0.004415     0.003370 
1960-1969     44     0.002729     0.004708     0.003645 
1960-1969     45     0.002980     0.005083     0.003951 
1960-1969     46     0.003223     0.005640     0.004337 
1960-1969     47     0.003587     0.005796     0.004605 
1960-1969     48     0.003773     0.006363     0.004965 
1960-1969     49     0.004219     0.007106     0.005547 
1960-1969     50     0.004502     0.007748     0.005996 
1960-1969     51     0.004915     0.008425     0.006534 
1960-1969     52     0.005380     0.009375     0.007225 
1960-1969     53     0.005734     0.010246     0.007820 
1960-1969     54     0.006237     0.011322     0.008587 
1960-1969     55     0.006807     0.012348     0.009369 
1960-1969     56     0.007241     0.013860     0.010300 
1960-1969     57     0.008053     0.015365     0.011425 
1960-1969     58     0.008664     0.016864     0.012433 
1960-1969     59     0.009794     0.018796     0.013899 
1960-1969     60     0.011104     0.021174     0.015651 
1960-1969     61     0.011957     0.022515     0.016679 
1960-1969     62     0.013166     0.025308     0.018535 
1960-1969     63     0.014803     0.027601     0.020387 
1960-1969     64     0.016338     0.030769     0.022548 
1960-1969     65     0.018643     0.034173     0.025227 
1960-1969     66     0.020725     0.037215     0.027608 
1960-1969     67     0.023480     0.040251     0.030366 
1960-1969     68     0.026005     0.044220     0.033363 
1960-1969     69     0.029551     0.049218     0.037378 
1960-1969     70     0.033123     0.052725     0.040808 
1960-1969     71     0.037036     0.057858     0.045069 
1960-1969     72     0.040963     0.062355     0.049086 
1960-1969     73     0.046201     0.068580     0.054573 
1960-1969     74     0.051409     0.074394     0.059883 
1960-1969     75     0.056874     0.081293     0.065740 
1960-1969     76     0.063385     0.088605     0.072402 
1960-1969     77     0.070618     0.096464     0.079714 
1960-1969     78     0.078716     0.104662     0.087717 
1960-1969     79     0.087432     0.114000     0.096535 
1960-1969     80     0.098192     0.128479     0.108436 
1960-1969     81     0.109143     0.137198     0.118502 
1960-1969     82     0.120528     0.151185     0.130621 
1960-1969     83     0.131956     0.163564     0.142219 
1960-1969     84     0.145228     0.177701     0.155615 
1960-1969     85     0.159453     0.191944     0.169689 
1960-1969     86     0.177469     0.206954     0.186619 
1960-1969     87     0.192557     0.225984     0.202768 
1960-1969     88     0.208368     0.239437     0.217674 
1960-1969     89     0.226707     0.260472     0.236635 
1960-1969     90     0.247810     0.277420     0.256324 
1960-1969     91     0.261984     0.296824     0.271824 
1960-1969     92     0.279718     0.315466     0.289541 
1960-1969     93     0.309658     0.324801     0.313693 
1960-1969     94     0.318930     0.376654     0.333924 
1960-1969     95     0.334486     0.367249     0.342622 
1960-1969     96     0.357668     0.412149     0.370682 
1960-1969     97     0.369472     0.364856     0.368415 
1960-1969     98     0.337980     0.349683     0.340646 
1960-1969     99     0.466243     0.540140     0.482856 
1960-1969    100     0.402586     0.417108     0.405627 
1960-1969    101     0.415780     0.438695     0.420367 
1960-1969    102     0.435591     0.491478     0.445847 
1960-1969    103     0.469919     0.580870     0.487633 
1960-1969    104     0.505030     0.660738     0.524096 
1960-1969    105     0.576342     0.757241     0.590056 
1960-1969    106     0.727532     0.000000     0.708432 
1960-1969    107     1.124803            .     1.124803 
1960-1969    108     1.210300            .     1.210300 
1960-1969    109            .            .            . 
1960-1969    110+           .            .            . 
1970-1979      0     0.026369     0.034699     0.030649 
1970-1979      1     0.001356     0.001610     0.001486 
1970-1979      2     0.000722     0.000934     0.000830 
1970-1979      3     0.000547     0.000764     0.000658 
1970-1979      4     0.000461     0.000642     0.000553 
1970-1979      5     0.000391     0.000584     0.000490 
1970-1979      6     0.000363     0.000504     0.000435 
1970-1979      7     0.000338     0.000518     0.000430 
1970-1979      8     0.000327     0.000458     0.000394 
1970-1979      9     0.000269     0.000444     0.000358 
1970-1979     10     0.000260     0.000409     0.000336 
1970-1979     11     0.000233     0.000385     0.000311 
1970-1979     12     0.000255     0.000406     0.000333 
1970-1979     13     0.000265     0.000434     0.000352 
1970-1979     14     0.000304     0.000517     0.000413 
1970-1979     15     0.000350     0.000615     0.000486 
1970-1979     16     0.000373     0.000747     0.000565 
1970-1979     17     0.000430     0.000926     0.000684 
1970-1979     18     0.000470     0.001232     0.000859 
1970-1979     19     0.000478     0.001472     0.000986 
1970-1979     20     0.000483     0.001577     0.001041 
1970-1979     21     0.000502     0.001675     0.001098 
1970-1979     22     0.000491     0.001738     0.001125 
1970-1979     23     0.000514     0.001810     0.001172 
1970-1979     24     0.000548     0.001808     0.001187 
1970-1979     25     0.000558     0.001877     0.001226 
1970-1979     26     0.000597     0.001899     0.001255 
1970-1979     27     0.000624     0.001966     0.001302 
1970-1979     28     0.000646     0.001922     0.001290 
1970-1979     29     0.000679     0.002057     0.001373 
1970-1979     30     0.000730     0.002189     0.001464 
1970-1979     31     0.000828     0.002275     0.001554 
1970-1979     32     0.000854     0.002352     0.001604 
1970-1979     33     0.000963     0.002562     0.001762 
1970-1979     34     0.001012     0.002726     0.001868 
1970-1979     35     0.001079     0.002904     0.001989 
1970-1979     36     0.001182     0.003077     0.002127 
1970-1979     37     0.001230     0.003262     0.002242 
1970-1979     38     0.001380     0.003510     0.002440 
1970-1979     39     0.001554     0.003820     0.002681 
1970-1979     40     0.001665     0.004082     0.002866 
1970-1979     41     0.001851     0.004409     0.003120 
1970-1979     42     0.001952     0.004802     0.003361 
1970-1979     43     0.002203     0.005257     0.003706 
1970-1979     44     0.002409     0.005649     0.003992 
1970-1979     45     0.002608     0.006160     0.004330 
1970-1979     46     0.002886     0.006788     0.004762 
1970-1979     47     0.003158     0.007326     0.005145 
1970-1979     48     0.003490     0.007863     0.005557 
1970-1979     49     0.003870     0.008700     0.006136 
1970-1979     50     0.004184     0.009404     0.006613 
1970-1979     51     0.004550     0.010001     0.007064 
1970-1979     52     0.004964     0.010897     0.007681 
1970-1979     53     0.005417     0.011626     0.008245 
1970-1979     54     0.005801     0.012743     0.008949 
1970-1979     55     0.006384     0.013669     0.009675 
1970-1979     56     0.006824     0.014430     0.010250 
1970-1979     57     0.007607     0.016201     0.011468 
1970-1979     58     0.008377     0.017772     0.012584 
1970-1979     59     0.009076     0.019002     0.013502 
1970-1979     60     0.010242     0.021146     0.015088 
1970-1979     61     0.010906     0.022748     0.016159 
1970-1979     62     0.012019     0.024581     0.017575 
1970-1979     63     0.013376     0.027021     0.019387 
1970-1979     64     0.014613     0.029840     0.021289 
1970-1979     65     0.016242     0.032807     0.023469 
1970-1979     66     0.017954     0.036418     0.025958 
1970-1979     67     0.020335     0.039997     0.028786 
1970-1979     68     0.023098     0.044189     0.032069 
1970-1979     69     0.025835     0.048450     0.035310 
1970-1979     70     0.029411     0.053571     0.039354 
1970-1979     71     0.032786     0.058876     0.043327 
1970-1979     72     0.036537     0.063909     0.047367 
1970-1979     73     0.041403     0.070072     0.052493 
1970-1979     74     0.046934     0.076892     0.058263 
1970-1979     75     0.052356     0.084546     0.064242 
1970-1979     76     0.058893     0.091742     0.070725 
1970-1979     77     0.066573     0.100845     0.078614 
1970-1979     78     0.074639     0.109391     0.086543 
1970-1979     79     0.084385     0.120256     0.096392 
1970-1979     80     0.092157     0.127620     0.103759 
1970-1979     81     0.102721     0.137322     0.113794 
1970-1979     82     0.113405     0.147984     0.124243 
1970-1979     83     0.126938     0.160648     0.137291 
1970-1979     84     0.140459     0.175644     0.151055 
1970-1979     85     0.153000     0.191487     0.164352 
1970-1979     86     0.171574     0.206297     0.181604 
1970-1979     87     0.189007     0.225129     0.199240 
1970-1979     88     0.201916     0.242745     0.213254 
1970-1979     89     0.220781     0.258302     0.230987 
1970-1979     90     0.242574     0.280467     0.252690 
1970-1979     91     0.261261     0.293320     0.269670 
1970-1979     92     0.283872     0.304706     0.289271 
1970-1979     93     0.302415     0.333938     0.310524 
1970-1979     94     0.324565     0.349575     0.330935 
1970-1979     95     0.349838     0.361299     0.352726 
1970-1979     96     0.353322     0.382195     0.360503 
1970-1979     97     0.392296     0.383223     0.390041 
1970-1979     98     0.352665     0.358803     0.354219 
1970-1979     99     0.377891     0.386175     0.379989 
1970-1979    100     0.473182     0.478749     0.474596 
1970-1979    101     0.500196     0.507392     0.502041 
1970-1979    102     0.528521     0.538721     0.531132 
1970-1979    103     0.568014     0.585798     0.572501 
1970-1979    104     0.612322     0.664842     0.625257 
1970-1979    105     0.672810     0.822376     0.707135 
1970-1979    106     0.780066     1.135854     0.848281 
1970-1979    107     1.038383     1.642276     1.117703 
1970-1979    108     1.782266     2.354430     1.823583 
1970-1979    109     6.000000            .     6.000000 
1970-1979    110+           .            .            . 
1980-1989      0     0.019846     0.025871     0.022936 
1980-1989      1     0.001051     0.001188     0.001121 
1980-1989      2     0.000555     0.000701     0.000630 
1980-1989      3     0.000395     0.000578     0.000489 
1980-1989      4     0.000313     0.000472     0.000395 
1980-1989      5     0.000284     0.000425     0.000356 
1980-1989      6     0.000275     0.000411     0.000344 
1980-1989      7     0.000246     0.000401     0.000325 
1980-1989      8     0.000251     0.000377     0.000315 
1980-1989      9     0.000217     0.000383     0.000302 
1980-1989     10     0.000203     0.000355     0.000280 
1980-1989     11     0.000199     0.000347     0.000275 
1980-1989     12     0.000218     0.000342     0.000282 
1980-1989     13     0.000207     0.000387     0.000299 
1980-1989     14     0.000236     0.000444     0.000342 
1980-1989     15     0.000294     0.000577     0.000439 
1980-1989     16     0.000314     0.000702     0.000513 
1980-1989     17     0.000359     0.000915     0.000644 
1980-1989     18     0.000393     0.001254     0.000833 
1980-1989     19     0.000400     0.001437     0.000932 
1980-1989     20     0.000390     0.001486     0.000952 
1980-1989     21     0.000418     0.001477     0.000961 
1980-1989     22     0.000447     0.001563     0.001019 
1980-1989     23     0.000432     0.001658     0.001060 
1980-1989     24     0.000461     0.001659     0.001074 
1980-1989     25     0.000501     0.001719     0.001123 
1980-1989     26     0.000495     0.001762     0.001141 
1980-1989     27     0.000546     0.001825     0.001197 
1980-1989     28     0.000575     0.001949     0.001274 
1980-1989     29     0.000636     0.002002     0.001329 
1980-1989     30     0.000695     0.002178     0.001446 
1980-1989     31     0.000738     0.002271     0.001514 
1980-1989     32     0.000788     0.002396     0.001601 
1980-1989     33     0.000855     0.002517     0.001694 
1980-1989     34     0.000949     0.002730     0.001846 
1980-1989     35     0.001034     0.002945     0.001995 
1980-1989     36     0.001176     0.003146     0.002165 
1980-1989     37     0.001266     0.003462     0.002366 
1980-1989     38     0.001387     0.003755     0.002571 
1980-1989     39     0.001562     0.004191     0.002874 
1980-1989     40     0.001719     0.004577     0.003141 
1980-1989     41     0.001856     0.004956     0.003395 
1980-1989     42     0.002038     0.005428     0.003716 
1980-1989     43     0.002222     0.005932     0.004052 
1980-1989     44     0.002442     0.006531     0.004455 
1980-1989     45     0.002698     0.007142     0.004883 
1980-1989     46     0.002941     0.007615     0.005234 
1980-1989     47     0.003167     0.008376     0.005718 
1980-1989     48     0.003491     0.009135     0.006250 
1980-1989     49     0.003836     0.010085     0.006883 
1980-1989     50     0.004231     0.010867     0.007458 
1980-1989     51     0.004660     0.011943     0.008190 
1980-1989     52     0.005028     0.013028     0.008887 
1980-1989     53     0.005484     0.013985     0.009554 
1980-1989     54     0.005929     0.015310     0.010379 
1980-1989     55     0.006473     0.016562     0.011208 
1980-1989     56     0.007199     0.017859     0.012146 
1980-1989     57     0.007769     0.019258     0.013041 
1980-1989     58     0.008679     0.020985     0.014261 
1980-1989     59     0.009540     0.022600     0.015403 
1980-1989     60     0.010521     0.024599     0.016769 
1980-1989     61     0.011555     0.026412     0.018067 
1980-1989     62     0.012537     0.028289     0.019362 
1980-1989     63     0.013933     0.030208     0.020920 
1980-1989     64     0.015166     0.032958     0.022739 
1980-1989     65     0.016793     0.035567     0.024717 
1980-1989     66     0.018405     0.038155     0.026682 
1980-1989     67     0.020418     0.040802     0.028889 
1980-1989     68     0.022306     0.044314     0.031370 
1980-1989     69     0.025128     0.048099     0.034497 
1980-1989     70     0.027420     0.052191     0.037418 
1980-1989     71     0.030971     0.057092     0.041404 
1980-1989     72     0.034442     0.062817     0.045643 
1980-1989     73     0.038784     0.068326     0.050296 
1980-1989     74     0.043411     0.074996     0.055534 
1980-1989     75     0.048877     0.081761     0.061296 
1980-1989     76     0.054666     0.089902     0.067739 
1980-1989     77     0.061221     0.098097     0.074615 
1980-1989     78     0.068607     0.107335     0.082359 
1980-1989     79     0.077402     0.116796     0.091014 
1980-1989     80     0.088022     0.129513     0.101937 
1980-1989     81     0.097416     0.140245     0.111345 
1980-1989     82     0.109307     0.151634     0.122632 
1980-1989     83     0.121209     0.164807     0.134492 
1980-1989     84     0.137244     0.179981     0.149852 
1980-1989     85     0.151331     0.192355     0.163053 
1980-1989     86     0.165692     0.209328     0.177780 
1980-1989     87     0.184482     0.224542     0.195255 
1980-1989     88     0.202324     0.243142     0.213025 
1980-1989     89     0.221332     0.262588     0.231848 
1980-1989     90     0.240971     0.275828     0.249648 
1980-1989     91     0.261701     0.295460     0.269977 
1980-1989     92     0.281463     0.308909     0.288087 
1980-1989     93     0.303027     0.331220     0.309737 
1980-1989     94     0.319803     0.338949     0.324322 
1980-1989     95     0.346642     0.359504     0.349682 
1980-1989     96     0.365474     0.381662     0.369295 
1980-1989     97     0.378659     0.378415     0.378602 
1980-1989     98     0.383246     0.362366     0.378325 
1980-1989     99     0.329281     0.342914     0.332497 
1980-1989    100     0.453826     0.431797     0.448647 
1980-1989    101     0.478347     0.450289     0.471701 
1980-1989    102     0.501984     0.468486     0.493980 
1980-1989    103     0.526911     0.493232     0.518768 
1980-1989    104     0.552192     0.530910     0.547029 
1980-1989    105     0.584327     0.601960     0.588461 
1980-1989    106     0.646114     0.790920     0.676300 
1980-1989    107     0.762604     1.269385     0.838830 
1980-1989    108     1.062797     2.168675     1.118108 
1980-1989    109     2.045455            .     2.045455 
1980-1989    110+    6.000000            .     6.000000 
1990-1999      0     0.012844     0.015878     0.014401 
1990-1999      1     0.000708     0.000820     0.000765 
1990-1999      2     0.000414     0.000524     0.000470 
1990-1999      3     0.000300     0.000416     0.000359 
1990-1999      4     0.000264     0.000341     0.000304 
1990-1999      5     0.000219     0.000288     0.000254 
1990-1999      6     0.000213     0.000275     0.000245 
1990-1999      7     0.000189     0.000260     0.000225 
1990-1999      8     0.000189     0.000286     0.000239 
1990-1999      9     0.000165     0.000255     0.000211 
1990-1999     10     0.000170     0.000277     0.000225 
1990-1999     11     0.000158     0.000254     0.000207 
1990-1999     12     0.000161     0.000275     0.000219 
1990-1999     13     0.000178     0.000306     0.000243 
1990-1999     14     0.000214     0.000402     0.000310 
1990-1999     15     0.000276     0.000519     0.000400 
1990-1999     16     0.000318     0.000685     0.000505 
1990-1999     17     0.000342     0.000928     0.000641 
1990-1999     18     0.000366     0.001205     0.000794 
1990-1999     19     0.000382     0.001372     0.000887 
1990-1999     20     0.000338     0.001371     0.000865 
1990-1999     21     0.000359     0.001414     0.000897 
1990-1999     22     0.000363     0.001498     0.000942 
1990-1999     23     0.000354     0.001434     0.000905 
1990-1999     24     0.000369     0.001526     0.000959 
1990-1999     25     0.000356     0.001496     0.000937 
1990-1999     26     0.000411     0.001576     0.001004 
1990-1999     27     0.000432     0.001662     0.001058 
1990-1999     28     0.000487     0.001748     0.001128 
1990-1999     29     0.000484     0.001876     0.001191 
1990-1999     30     0.000551     0.002028     0.001300 
1990-1999     31     0.000593     0.002158     0.001386 
1990-1999     32     0.000664     0.002315     0.001500 
1990-1999     33     0.000735     0.002471     0.001613 
1990-1999     34     0.000840     0.002778     0.001819 
1990-1999     35     0.000924     0.003043     0.001993 
1990-1999     36     0.001057     0.003211     0.002142 
1990-1999     37     0.001149     0.003556     0.002359 
1990-1999     38     0.001285     0.003887     0.002590 
1990-1999     39     0.001432     0.004412     0.002925 
1990-1999     40     0.001635     0.004731     0.003183 
1990-1999     41     0.001796     0.005189     0.003489 
1990-1999     42     0.001994     0.005638     0.003809 
1990-1999     43     0.002199     0.006249     0.004211 
1990-1999     44     0.002439     0.006720     0.004559 
1990-1999     45     0.002634     0.007336     0.004956 
1990-1999     46     0.002886     0.008024     0.005415 
1990-1999     47     0.003120     0.008671     0.005844 
1990-1999     48     0.003394     0.009338     0.006302 
1990-1999     49     0.003818     0.010179     0.006919 
1990-1999     50     0.004070     0.011282     0.007571 
1990-1999     51     0.004398     0.012195     0.008164 
1990-1999     52     0.004776     0.013295     0.008870 
1990-1999     53     0.005083     0.014414     0.009545 
1990-1999     54     0.005397     0.015625     0.010265 
1990-1999     55     0.006033     0.016953     0.011205 
1990-1999     56     0.006606     0.018098     0.012022 
1990-1999     57     0.007038     0.019751     0.012998 
1990-1999     58     0.007610     0.021084     0.013890 
1990-1999     59     0.008448     0.022882     0.015134 
1990-1999     60     0.009468     0.025075     0.016648 
1990-1999     61     0.010200     0.026782     0.017768 
1990-1999     62     0.011450     0.028703     0.019250 
1990-1999     63     0.012380     0.030488     0.020470 
1990-1999     64     0.013881     0.033167     0.022372 
1990-1999     65     0.015248     0.035982     0.024227 
1990-1999     66     0.017150     0.038355     0.026176 
1990-1999     67     0.018851     0.041460     0.028306 
1990-1999     68     0.020862     0.044364     0.030520 
1990-1999     69     0.023066     0.048032     0.033147 
1990-1999     70     0.025907     0.052264     0.036353 
1990-1999     71     0.028677     0.055516     0.039105 
1990-1999     72     0.031868     0.059865     0.042541 
1990-1999     73     0.035628     0.064792     0.046557 
1990-1999     74     0.039847     0.069802     0.050887 
1990-1999     75     0.044700     0.076351     0.056173 
1990-1999     76     0.050757     0.083201     0.062332 
1990-1999     77     0.056711     0.091019     0.068746 
1990-1999     78     0.063683     0.099731     0.076081 
1990-1999     79     0.071954     0.109543     0.084603 
1990-1999     80     0.079356     0.119002     0.092345 
1990-1999     81     0.089646     0.129149     0.102303 
1990-1999     82     0.100296     0.141659     0.113234 
1990-1999     83     0.112557     0.153718     0.125095 
1990-1999     84     0.124917     0.167660     0.137589 
1990-1999     85     0.137832     0.180327     0.150088 
1990-1999     86     0.153794     0.196099     0.165645 
1990-1999     87     0.171673     0.214807     0.183386 
1990-1999     88     0.189277     0.228995     0.199739 
1990-1999     89     0.208423     0.251285     0.219338 
1990-1999     90     0.231795     0.271779     0.241636 
1990-1999     91     0.253238     0.290439     0.262057 
1990-1999     92     0.280475     0.314481     0.288273 
1990-1999     93     0.302611     0.335788     0.309978 
1990-1999     94     0.326971     0.366538     0.335481 
1990-1999     95     0.351604     0.376333     0.356774 
1990-1999     96     0.374696     0.384124     0.376637 
1990-1999     97     0.398426     0.434210     0.405767 
1990-1999     98     0.384730     0.376601     0.383045 
1990-1999     99     0.408218     0.420657     0.410854 
1990-1999    100     0.599856     0.601984     0.600309 
1990-1999    101     0.483479     0.459482     0.478063 
1990-1999    102     0.510179     0.465341     0.499131 
1990-1999    103     0.499559     0.446104     0.485841 
1990-1999    104     0.423679     0.404324     0.418515 
1990-1999    105     0.480839     0.400262     0.458092 
1990-1999    106     0.381745     0.401734     0.387222 
1990-1999    107     0.411787     0.217787     0.356676 
1990-1999    108     0.427218     0.358808     0.405276 
1990-1999    109     0.472042     0.336852     0.426274 
1990-1999    110+    0.814687     0.965295     0.853076 
2000-2009      0     0.005904     0.007155     0.006546 
2000-2009      1     0.000382     0.000488     0.000436 
2000-2009      2     0.000225     0.000284     0.000255 
2000-2009      3     0.000184     0.000217     0.000201 
2000-2009      4     0.000167     0.000211     0.000190 
2000-2009      5     0.000135     0.000200     0.000168 
2000-2009      6     0.000138     0.000176     0.000157 
2000-2009      7     0.000129     0.000182     0.000156 
2000-2009      8     0.000133     0.000182     0.000158 
2000-2009      9     0.000122     0.000176     0.000150 
2000-2009     10     0.000132     0.000184     0.000158 
2000-2009     11     0.000119     0.000183     0.000152 
2000-2009     12     0.000145     0.000195     0.000170 
2000-2009     13     0.000146     0.000237     0.000193 
2000-2009     14     0.000181     0.000291     0.000237 
2000-2009     15     0.000205     0.000372     0.000290 
2000-2009     16     0.000272     0.000486     0.000381 
2000-2009     17     0.000273     0.000669     0.000475 
2000-2009     18     0.000304     0.000927     0.000622 
2000-2009     19     0.000279     0.001004     0.000648 
2000-2009     20     0.000289     0.001079     0.000691 
2000-2009     21     0.000266     0.001110     0.000695 
2000-2009     22     0.000267     0.001171     0.000726 
2000-2009     23     0.000278     0.001145     0.000718 
2000-2009     24     0.000280     0.001123     0.000708 
2000-2009     25     0.000281     0.001181     0.000738 
2000-2009     26     0.000289     0.001160     0.000731 
2000-2009     27     0.000313     0.001221     0.000774 
2000-2009     28     0.000340     0.001247     0.000801 
2000-2009     29     0.000387     0.001352     0.000877 
2000-2009     30     0.000402     0.001465     0.000942 
2000-2009     31     0.000432     0.001508     0.000978 
2000-2009     32     0.000474     0.001664     0.001078 
2000-2009     33     0.000504     0.001799     0.001161 
2000-2009     34     0.000558     0.001963     0.001271 
2000-2009     35     0.000641     0.002167     0.001415 
2000-2009     36     0.000743     0.002322     0.001544 
2000-2009     37     0.000752     0.002631     0.001704 
2000-2009     38     0.000890     0.002849     0.001882 
2000-2009     39     0.001035     0.003198     0.002130 
2000-2009     40     0.001135     0.003502     0.002331 
2000-2009     41     0.001315     0.003966     0.002652 
2000-2009     42     0.001428     0.004273     0.002861 
2000-2009     43     0.001709     0.004651     0.003188 
2000-2009     44     0.001885     0.005280     0.003588 
2000-2009     45     0.002114     0.005869     0.003993 
2000-2009     46     0.002333     0.006392     0.004358 
2000-2009     47     0.002556     0.007103     0.004817 
2000-2009     48     0.002875     0.007691     0.005262 
2000-2009     49     0.003159     0.008541     0.005817 
2000-2009     50     0.003467     0.009374     0.006374 
2000-2009     51     0.003879     0.010077     0.006917 
2000-2009     52     0.004101     0.010852     0.007396 
2000-2009     53     0.004502     0.011912     0.008101 
2000-2009     54     0.004883     0.012812     0.008713 
2000-2009     55     0.005291     0.013857     0.009405 
2000-2009     56     0.005891     0.014915     0.010199 
2000-2009     57     0.006243     0.016135     0.010936 
2000-2009     58     0.006712     0.017221     0.011666 
2000-2009     59     0.007343     0.018566     0.012595 
2000-2009     60     0.007825     0.020363     0.013643 
2000-2009     61     0.008509     0.021721     0.014583 
2000-2009     62     0.009096     0.023373     0.015592 
2000-2009     63     0.009806     0.025035     0.016661 
2000-2009     64     0.010675     0.027185     0.018027 
2000-2009     65     0.011584     0.029554     0.019501 
2000-2009     66     0.012812     0.031262     0.020849 
2000-2009     67     0.013938     0.033973     0.022560 
2000-2009     68     0.015160     0.036390     0.024177 
2000-2009     69     0.016993     0.038995     0.026215 
2000-2009     70     0.018955     0.042342     0.028616 
2000-2009     71     0.021052     0.045387     0.030941 
2000-2009     72     0.023429     0.049718     0.033912 
2000-2009     73     0.026331     0.053238     0.036829 
2000-2009     74     0.029483     0.057501     0.040151 
2000-2009     75     0.033136     0.062766     0.044121 
2000-2009     76     0.037355     0.067797     0.048337 
2000-2009     77     0.042299     0.073341     0.053190 
2000-2009     78     0.047846     0.080751     0.059068 
2000-2009     79     0.054301     0.088048     0.065489 
2000-2009     80     0.061319     0.095471     0.072358 
2000-2009     81     0.068904     0.103565     0.079783 
2000-2009     82     0.078185     0.112986     0.088808 
2000-2009     83     0.087571     0.123986     0.098415 
2000-2009     84     0.098116     0.134642     0.108729 
2000-2009     85     0.110299     0.148234     0.121069 
2000-2009     86     0.125596     0.162399     0.135813 
2000-2009     87     0.140324     0.179186     0.150850 
2000-2009     88     0.156833     0.196086     0.167180 
2000-2009     89     0.175791     0.214661     0.185732 
2000-2009     90     0.194604     0.230585     0.203543 
2000-2009     91     0.215837     0.251290     0.224432 
2000-2009     92     0.236660     0.272865     0.245210 
2000-2009     93     0.262428     0.300502     0.271177 
2000-2009     94     0.290103     0.319985     0.296794 
2000-2009     95     0.312389     0.346232     0.319814 
2000-2009     96     0.339860     0.364892     0.345233 
2000-2009     97     0.356664     0.391041     0.363864 
2000-2009     98     0.394106     0.398128     0.394939 
2000-2009     99     0.411773     0.429037     0.415317 
2000-2009    100     0.405632     0.376681     0.399747 
2000-2009    101     0.446395     0.449773     0.447089 
2000-2009    102     0.449284     0.424686     0.444322 
2000-2009    103     0.507336     0.407568     0.486133 
2000-2009    104     0.573749     0.486297     0.553175 
2000-2009    105     0.497298     0.404272     0.472144 
2000-2009    106     0.561482     0.530106     0.552145 
2000-2009    107     0.414520     0.294562     0.380387 
2000-2009    108     0.425040     0.333839     0.396014 
2000-2009    109     0.503145     0.300021     0.432470 
2000-2009    110+    1.012052     1.066123     1.033359 
2010-2014      0     0.004206     0.004997     0.004613 
2010-2014      1     0.000276     0.000306     0.000291 
2010-2014      2     0.000158     0.000210     0.000185 
2010-2014      3     0.000143     0.000169     0.000157 
2010-2014      4     0.000115     0.000137     0.000127 
2010-2014      5     0.000107     0.000137     0.000122 
2010-2014      6     0.000082     0.000115     0.000099 
2010-2014      7     0.000090     0.000117     0.000104 
2010-2014      8     0.000092     0.000111     0.000102 
2010-2014      9     0.000088     0.000127     0.000108 
2010-2014     10     0.000110     0.000128     0.000120 
2010-2014     11     0.000090     0.000119     0.000105 
2010-2014     12     0.000107     0.000128     0.000118 
2010-2014     13     0.000129     0.000182     0.000156 
2010-2014     14     0.000179     0.000234     0.000208 
2010-2014     15     0.000199     0.000284     0.000242 
2010-2014     16     0.000212     0.000451     0.000334 
2010-2014     17     0.000221     0.000571     0.000400 
2010-2014     18     0.000266     0.000858     0.000568 
2010-2014     19     0.000245     0.000941     0.000600 
2010-2014     20     0.000242     0.001019     0.000638 
2010-2014     21     0.000239     0.000994     0.000624 
2010-2014     22     0.000213     0.001015     0.000622 
2010-2014     23     0.000236     0.001047     0.000649 
2010-2014     24     0.000227     0.001020     0.000630 
2010-2014     25     0.000233     0.001058     0.000652 
2010-2014     26     0.000244     0.001057     0.000657 
2010-2014     27     0.000244     0.001077     0.000667 
2010-2014     28     0.000297     0.001122     0.000716 
2010-2014     29     0.000314     0.001139     0.000732 
2010-2014     30     0.000318     0.001269     0.000800 
2010-2014     31     0.000356     0.001287     0.000828 
2010-2014     32     0.000384     0.001394     0.000896 
2010-2014     33     0.000402     0.001465     0.000941 
2010-2014     34     0.000455     0.001615     0.001043 
2010-2014     35     0.000519     0.001786     0.001161 
2010-2014     36     0.000590     0.001895     0.001252 
2010-2014     37     0.000686     0.002120     0.001413 
2010-2014     38     0.000742     0.002395     0.001578 
2010-2014     39     0.000805     0.002553     0.001689 
2010-2014     40     0.000928     0.002872     0.001911 
2010-2014     41     0.001004     0.003172     0.002099 
2010-2014     42     0.001177     0.003522     0.002360 
2010-2014     43     0.001326     0.003861     0.002603 
2010-2014     44     0.001409     0.004209     0.002818 
2010-2014     45     0.001567     0.004610     0.003097 
2010-2014     46     0.001752     0.004985     0.003375 
2010-2014     47     0.001979     0.005575     0.003780 
2010-2014     48     0.002297     0.006115     0.004205 
2010-2014     49     0.002579     0.006892     0.004728 
2010-2014     50     0.002955     0.007726     0.005323 
2010-2014     51     0.003137     0.008539     0.005807 
2010-2014     52     0.003573     0.009126     0.006306 
2010-2014     53     0.003895     0.010211     0.006989 
2010-2014     54     0.004294     0.011124     0.007626 
2010-2014     55     0.004645     0.012334     0.008378 
2010-2014     56     0.005170     0.013053     0.008976 
2010-2014     57     0.005470     0.014116     0.009620 
2010-2014     58     0.005934     0.015195     0.010350 
2010-2014     59     0.006711     0.016510     0.011349 
2010-2014     60     0.007326     0.018038     0.012358 
2010-2014     61     0.007975     0.019355     0.013281 
2010-2014     62     0.008603     0.020696     0.014199 
2010-2014     63     0.009285     0.022055     0.015147 
2010-2014     64     0.010045     0.023836     0.016318 
2010-2014     65     0.010863     0.025770     0.017572 
2010-2014     66     0.011828     0.028047     0.019040 
2010-2014     67     0.012742     0.029413     0.020055 
2010-2014     68     0.013689     0.031280     0.021298 
2010-2014     69     0.014708     0.032899     0.022462 
2010-2014     70     0.016120     0.035972     0.024452 
2010-2014     71     0.017669     0.038186     0.026140 
2010-2014     72     0.019581     0.041472     0.028467 
2010-2014     73     0.021363     0.044671     0.030658 
2010-2014     74     0.023660     0.048903     0.033547 
2010-2014     75     0.026461     0.052484     0.036470 
2010-2014     76     0.030245     0.057282     0.040460 
2010-2014     77     0.033269     0.062682     0.044164 
2010-2014     78     0.037978     0.067419     0.048655 
2010-2014     79     0.043369     0.074370     0.054367 
2010-2014     80     0.049703     0.080836     0.060485 
2010-2014     81     0.057119     0.088836     0.067823 
2010-2014     82     0.064789     0.097846     0.075620 
2010-2014     83     0.073198     0.107071     0.083909 
2010-2014     84     0.082647     0.115853     0.092717 
2010-2014     85     0.094734     0.128242     0.104465 
2010-2014     86     0.106798     0.142550     0.116720 
2010-2014     87     0.120050     0.159014     0.130436 
2010-2014     88     0.135978     0.172439     0.145372 
2010-2014     89     0.153203     0.186348     0.161565 
2010-2014     90     0.173487     0.208044     0.182043 
2010-2014     91     0.190656     0.222985     0.198486 
2010-2014     92     0.213279     0.243476     0.220462 
2010-2014     93     0.230899     0.268344     0.239599 
2010-2014     94     0.259688     0.292084     0.266952 
2010-2014     95     0.283879     0.314222     0.290415 
2010-2014     96     0.317408     0.346533     0.323552 
2010-2014     97     0.345317     0.372791     0.350999 
2010-2014     98     0.371568     0.386597     0.374569 
2010-2014     99     0.382937     0.415481     0.389358 
2010-2014    100     0.395411     0.408499     0.397958 
2010-2014    101     0.431068     0.428533     0.430564 
2010-2014    102     0.470228     0.422837     0.460646 
2010-2014    103     0.511616     0.394289     0.486053 
2010-2014    104     0.552477     0.465913     0.531968 
2010-2014    105     0.488966     0.373769     0.460862 
2010-2014    106     0.506996     0.643374     0.540824 
2010-2014    107     0.459796     0.367504     0.436602 
2010-2014    108     0.390384     0.360763     0.381941 
2010-2014    109     0.392949     0.692042     0.467366 
2010-2014    110+    0.931501     1.167920     0.981079 
