Slovakia, Death rates (period 1x10)     Last modified: 29-Sep-2015, MPv5 (May07)

   Year      Age       Female       Male         Total
1950-1959      0     0.056736     0.069272     0.063179 
1950-1959      1     0.005589     0.005602     0.005596 
1950-1959      2     0.002445     0.002689     0.002570 
1950-1959      3     0.001516     0.001695     0.001607 
1950-1959      4     0.001041     0.001163     0.001103 
1950-1959      5     0.000682     0.000951     0.000819 
1950-1959      6     0.000624     0.000898     0.000763 
1950-1959      7     0.000565     0.000805     0.000687 
1950-1959      8     0.000501     0.000818     0.000662 
1950-1959      9     0.000461     0.000714     0.000589 
1950-1959     10     0.000473     0.000770     0.000623 
1950-1959     11     0.000465     0.000761     0.000615 
1950-1959     12     0.000419     0.000687     0.000554 
1950-1959     13     0.000561     0.000844     0.000703 
1950-1959     14     0.000578     0.000887     0.000733 
1950-1959     15     0.000698     0.001038     0.000870 
1950-1959     16     0.000812     0.001203     0.001009 
1950-1959     17     0.000888     0.001527     0.001209 
1950-1959     18     0.001006     0.001706     0.001357 
1950-1959     19     0.001072     0.002043     0.001558 
1950-1959     20     0.001247     0.002030     0.001638 
1950-1959     21     0.001272     0.002152     0.001710 
1950-1959     22     0.001403     0.002138     0.001768 
1950-1959     23     0.001293     0.002233     0.001759 
1950-1959     24     0.001314     0.002311     0.001808 
1950-1959     25     0.001299     0.002211     0.001750 
1950-1959     26     0.001450     0.002305     0.001872 
1950-1959     27     0.001423     0.002193     0.001804 
1950-1959     28     0.001515     0.002231     0.001868 
1950-1959     29     0.001609     0.002319     0.001959 
1950-1959     30     0.001600     0.002383     0.001986 
1950-1959     31     0.001687     0.002504     0.002089 
1950-1959     32     0.001412     0.002394     0.001895 
1950-1959     33     0.001748     0.002346     0.002042 
1950-1959     34     0.001699     0.002627     0.002154 
1950-1959     35     0.001767     0.002560     0.002155 
1950-1959     36     0.001837     0.002740     0.002277 
1950-1959     37     0.002188     0.003033     0.002599 
1950-1959     38     0.002517     0.003087     0.002794 
1950-1959     39     0.002329     0.003113     0.002710 
1950-1959     40     0.002463     0.003500     0.002968 
1950-1959     41     0.002754     0.003720     0.003225 
1950-1959     42     0.002864     0.003965     0.003402 
1950-1959     43     0.003143     0.004113     0.003617 
1950-1959     44     0.003195     0.004708     0.003935 
1950-1959     45     0.003333     0.005095     0.004195 
1950-1959     46     0.003881     0.005518     0.004682 
1950-1959     47     0.004226     0.006042     0.005114 
1950-1959     48     0.004315     0.006732     0.005496 
1950-1959     49     0.005156     0.007448     0.006275 
1950-1959     50     0.005595     0.008408     0.006966 
1950-1959     51     0.005298     0.008718     0.006957 
1950-1959     52     0.006578     0.009679     0.008073 
1950-1959     53     0.007039     0.010613     0.008752 
1950-1959     54     0.007843     0.011956     0.009802 
1950-1959     55     0.008348     0.013201     0.010645 
1950-1959     56     0.008679     0.014348     0.011346 
1950-1959     57     0.009933     0.015202     0.012393 
1950-1959     58     0.010644     0.017348     0.013745 
1950-1959     59     0.012309     0.018436     0.015113 
1950-1959     60     0.013737     0.020924     0.016991 
1950-1959     61     0.014343     0.022189     0.017858 
1950-1959     62     0.016485     0.024538     0.020059 
1950-1959     63     0.018723     0.026572     0.022176 
1950-1959     64     0.020813     0.029217     0.024472 
1950-1959     65     0.023156     0.031609     0.026799 
1950-1959     66     0.025286     0.033569     0.028831 
1950-1959     67     0.029394     0.037009     0.032641 
1950-1959     68     0.032704     0.039551     0.035619 
1950-1959     69     0.036066     0.044207     0.039537 
1950-1959     70     0.040693     0.048456     0.044012 
1950-1959     71     0.045469     0.052283     0.048394 
1950-1959     72     0.051265     0.057929     0.054131 
1950-1959     73     0.055931     0.062847     0.058903 
1950-1959     74     0.064452     0.072388     0.067862 
1950-1959     75     0.069580     0.076994     0.072767 
1950-1959     76     0.076811     0.086052     0.080774 
1950-1959     77     0.087128     0.094682     0.090347 
1950-1959     78     0.091783     0.102055     0.096118 
1950-1959     79     0.102349     0.117990     0.108864 
1950-1959     80     0.116897     0.128388     0.121790 
1950-1959     81     0.128014     0.142646     0.134255 
1950-1959     82     0.142160     0.156733     0.148378 
1950-1959     83     0.162428     0.178923     0.169413 
1950-1959     84     0.169525     0.196367     0.180781 
1950-1959     85     0.191414     0.213662     0.200598 
1950-1959     86     0.215841     0.228934     0.221191 
1950-1959     87     0.230355     0.264769     0.244142 
1950-1959     88     0.256773     0.278038     0.265167 
1950-1959     89     0.271344     0.297565     0.281421 
1950-1959     90     0.305625     0.335889     0.317049 
1950-1959     91     0.312100     0.336994     0.321196 
1950-1959     92     0.333896     0.385065     0.351921 
1950-1959     93     0.364037     0.350572     0.359401 
1950-1959     94     0.419751     0.488394     0.442370 
1950-1959     95     0.521578     0.392297     0.478340 
1950-1959     96     0.467737     0.479960     0.471906 
1950-1959     97     0.395441     0.461415     0.417166 
1950-1959     98     0.529806     0.388810     0.480572 
1950-1959     99     0.720476     0.816599     0.756668 
1950-1959    100     0.725522     0.858478     0.771136 
1950-1959    101     0.880994     1.225705     0.981467 
1950-1959    102     1.139258     1.220519     1.161993 
1950-1959    103     1.754464     2.504744     1.965794 
1950-1959    104     2.181818            .     2.181818 
1950-1959    105            .            .            . 
1950-1959    106            .            .            . 
1950-1959    107            .            .            . 
1950-1959    108            .            .            . 
1950-1959    109            .            .            . 
1950-1959    110+           .            .            . 
1960-1969      0     0.023607     0.029787     0.026780 
1960-1969      1     0.002383     0.002669     0.002530 
1960-1969      2     0.001195     0.001535     0.001369 
1960-1969      3     0.000719     0.001120     0.000924 
1960-1969      4     0.000621     0.000826     0.000726 
1960-1969      5     0.000513     0.000804     0.000662 
1960-1969      6     0.000451     0.000679     0.000568 
1960-1969      7     0.000357     0.000547     0.000454 
1960-1969      8     0.000335     0.000570     0.000455 
1960-1969      9     0.000290     0.000474     0.000384 
1960-1969     10     0.000263     0.000503     0.000385 
1960-1969     11     0.000303     0.000454     0.000380 
1960-1969     12     0.000291     0.000440     0.000367 
1960-1969     13     0.000291     0.000507     0.000401 
1960-1969     14     0.000320     0.000603     0.000464 
1960-1969     15     0.000427     0.000753     0.000593 
1960-1969     16     0.000393     0.000864     0.000633 
1960-1969     17     0.000365     0.001219     0.000799 
1960-1969     18     0.000454     0.001546     0.001009 
1960-1969     19     0.000455     0.001650     0.001061 
1960-1969     20     0.000456     0.001776     0.001125 
1960-1969     21     0.000546     0.001800     0.001180 
1960-1969     22     0.000595     0.001920     0.001263 
1960-1969     23     0.000611     0.001997     0.001308 
1960-1969     24     0.000638     0.001997     0.001319 
1960-1969     25     0.000675     0.001702     0.001189 
1960-1969     26     0.000686     0.001735     0.001211 
1960-1969     27     0.000710     0.001696     0.001202 
1960-1969     28     0.000657     0.001768     0.001210 
1960-1969     29     0.000659     0.001926     0.001289 
1960-1969     30     0.000855     0.001819     0.001334 
1960-1969     31     0.000895     0.001977     0.001432 
1960-1969     32     0.000888     0.002254     0.001565 
1960-1969     33     0.000904     0.002225     0.001558 
1960-1969     34     0.001126     0.002450     0.001782 
1960-1969     35     0.001123     0.002599     0.001853 
1960-1969     36     0.001212     0.002544     0.001871 
1960-1969     37     0.001334     0.002694     0.002006 
1960-1969     38     0.001393     0.002937     0.002154 
1960-1969     39     0.001683     0.002971     0.002317 
1960-1969     40     0.001956     0.003252     0.002593 
1960-1969     41     0.001840     0.003329     0.002571 
1960-1969     42     0.002196     0.003665     0.002917 
1960-1969     43     0.002114     0.004097     0.003086 
1960-1969     44     0.002486     0.004522     0.003483 
1960-1969     45     0.002872     0.004738     0.003785 
1960-1969     46     0.002917     0.005030     0.003951 
1960-1969     47     0.003060     0.005459     0.004234 
1960-1969     48     0.003532     0.005703     0.004597 
1960-1969     49     0.004002     0.006319     0.005141 
1960-1969     50     0.004311     0.006702     0.005487 
1960-1969     51     0.004381     0.007476     0.005904 
1960-1969     52     0.004998     0.008092     0.006521 
1960-1969     53     0.005249     0.008694     0.006943 
1960-1969     54     0.005750     0.009932     0.007803 
1960-1969     55     0.006531     0.011134     0.008785 
1960-1969     56     0.007012     0.012577     0.009730 
1960-1969     57     0.007901     0.013754     0.010751 
1960-1969     58     0.008682     0.014971     0.011734 
1960-1969     59     0.009701     0.017447     0.013446 
1960-1969     60     0.010688     0.019026     0.014698 
1960-1969     61     0.011813     0.020961     0.016178 
1960-1969     62     0.012906     0.023217     0.017781 
1960-1969     63     0.015034     0.025536     0.019951 
1960-1969     64     0.016725     0.028758     0.022308 
1960-1969     65     0.018711     0.030334     0.024052 
1960-1969     66     0.020422     0.033013     0.026145 
1960-1969     67     0.023213     0.037856     0.029782 
1960-1969     68     0.026682     0.040703     0.032886 
1960-1969     69     0.030232     0.044784     0.036579 
1960-1969     70     0.033704     0.048352     0.039998 
1960-1969     71     0.037159     0.053562     0.044109 
1960-1969     72     0.042593     0.058297     0.049175 
1960-1969     73     0.046901     0.062039     0.053177 
1960-1969     74     0.055257     0.070360     0.061441 
1960-1969     75     0.059710     0.077080     0.066743 
1960-1969     76     0.067877     0.083338     0.074093 
1960-1969     77     0.075552     0.093299     0.082653 
1960-1969     78     0.084177     0.099933     0.090448 
1960-1969     79     0.095445     0.110493     0.101415 
1960-1969     80     0.108197     0.124643     0.114695 
1960-1969     81     0.114088     0.139258     0.123975 
1960-1969     82     0.135488     0.144742     0.139121 
1960-1969     83     0.144070     0.162605     0.151356 
1960-1969     84     0.161978     0.178920     0.168626 
1960-1969     85     0.179948     0.206748     0.190418 
1960-1969     86     0.197318     0.222935     0.207247 
1960-1969     87     0.216622     0.249108     0.229065 
1960-1969     88     0.234233     0.257058     0.242921 
1960-1969     89     0.257352     0.292024     0.270452 
1960-1969     90     0.284930     0.309666     0.294154 
1960-1969     91     0.316909     0.336319     0.324080 
1960-1969     92     0.325520     0.375182     0.343546 
1960-1969     93     0.338259     0.399645     0.359729 
1960-1969     94     0.370500     0.419313     0.387502 
1960-1969     95     0.415038     0.502669     0.444168 
1960-1969     96     0.423676     0.529177     0.457949 
1960-1969     97     0.469791     0.473645     0.470984 
1960-1969     98     0.441335     0.646952     0.501233 
1960-1969     99     0.390513     0.660192     0.455329 
1960-1969    100     0.584848     1.031531     0.670178 
1960-1969    101     0.707354     2.020986     0.843024 
1960-1969    102     0.921103     6.000000     0.940341 
1960-1969    103     1.497997            .     1.497997 
1960-1969    104     2.863636            .     2.863636 
1960-1969    105            .            .            . 
1960-1969    106            .            .            . 
1960-1969    107            .            .            . 
1960-1969    108            .            .            . 
1960-1969    109            .            .            . 
1960-1969    110+           .            .            . 
1970-1979      0     0.020470     0.027464     0.024045 
1970-1979      1     0.001416     0.001690     0.001556 
1970-1979      2     0.000788     0.001077     0.000936 
1970-1979      3     0.000591     0.000813     0.000705 
1970-1979      4     0.000564     0.000697     0.000632 
1970-1979      5     0.000458     0.000615     0.000538 
1970-1979      6     0.000390     0.000576     0.000485 
1970-1979      7     0.000370     0.000560     0.000467 
1970-1979      8     0.000308     0.000517     0.000415 
1970-1979      9     0.000263     0.000438     0.000353 
1970-1979     10     0.000266     0.000466     0.000369 
1970-1979     11     0.000265     0.000443     0.000356 
1970-1979     12     0.000238     0.000428     0.000335 
1970-1979     13     0.000248     0.000545     0.000400 
1970-1979     14     0.000268     0.000511     0.000393 
1970-1979     15     0.000293     0.000641     0.000471 
1970-1979     16     0.000404     0.000770     0.000591 
1970-1979     17     0.000407     0.001173     0.000799 
1970-1979     18     0.000419     0.001339     0.000890 
1970-1979     19     0.000475     0.001449     0.000973 
1970-1979     20     0.000392     0.001409     0.000912 
1970-1979     21     0.000421     0.001522     0.000983 
1970-1979     22     0.000487     0.001709     0.001110 
1970-1979     23     0.000468     0.001731     0.001111 
1970-1979     24     0.000471     0.001600     0.001044 
1970-1979     25     0.000454     0.001619     0.001045 
1970-1979     26     0.000488     0.001541     0.001020 
1970-1979     27     0.000513     0.001605     0.001063 
1970-1979     28     0.000706     0.001741     0.001225 
1970-1979     29     0.000622     0.001833     0.001227 
1970-1979     30     0.000754     0.002060     0.001405 
1970-1979     31     0.000720     0.002124     0.001417 
1970-1979     32     0.000839     0.002377     0.001600 
1970-1979     33     0.000936     0.002371     0.001644 
1970-1979     34     0.000979     0.002663     0.001808 
1970-1979     35     0.001163     0.002847     0.001991 
1970-1979     36     0.001151     0.003013     0.002066 
1970-1979     37     0.001224     0.003031     0.002111 
1970-1979     38     0.001441     0.003635     0.002518 
1970-1979     39     0.001541     0.003977     0.002737 
1970-1979     40     0.001636     0.004318     0.002952 
1970-1979     41     0.001838     0.004602     0.003194 
1970-1979     42     0.002053     0.004957     0.003477 
1970-1979     43     0.002391     0.005308     0.003820 
1970-1979     44     0.002306     0.005692     0.003964 
1970-1979     45     0.002605     0.006760     0.004636 
1970-1979     46     0.002733     0.006861     0.004747 
1970-1979     47     0.003160     0.007553     0.005298 
1970-1979     48     0.003867     0.008252     0.005995 
1970-1979     49     0.004025     0.009052     0.006459 
1970-1979     50     0.004560     0.009933     0.007156 
1970-1979     51     0.004833     0.010413     0.007524 
1970-1979     52     0.005136     0.011536     0.008216 
1970-1979     53     0.005989     0.012414     0.009074 
1970-1979     54     0.005975     0.013636     0.009646 
1970-1979     55     0.006883     0.014916     0.010723 
1970-1979     56     0.007364     0.015530     0.011262 
1970-1979     57     0.008106     0.016671     0.012193 
1970-1979     58     0.009161     0.018380     0.013564 
1970-1979     59     0.009894     0.019012     0.014250 
1970-1979     60     0.010383     0.020095     0.015017 
1970-1979     61     0.011668     0.023083     0.017101 
1970-1979     62     0.013461     0.025345     0.019096 
1970-1979     63     0.013991     0.027082     0.020168 
1970-1979     64     0.016152     0.030466     0.022862 
1970-1979     65     0.017495     0.033406     0.024900 
1970-1979     66     0.019622     0.036290     0.027315 
1970-1979     67     0.022085     0.039803     0.030190 
1970-1979     68     0.024772     0.044150     0.033553 
1970-1979     69     0.027015     0.049219     0.036970 
1970-1979     70     0.030778     0.053236     0.040728 
1970-1979     71     0.035180     0.059143     0.045647 
1970-1979     72     0.039098     0.064013     0.049799 
1970-1979     73     0.045432     0.071119     0.056286 
1970-1979     74     0.050695     0.078045     0.062086 
1970-1979     75     0.057895     0.084122     0.068653 
1970-1979     76     0.063067     0.092429     0.074908 
1970-1979     77     0.071815     0.099310     0.082703 
1970-1979     78     0.077760     0.110351     0.090441 
1970-1979     79     0.090426     0.119225     0.101409 
1970-1979     80     0.101118     0.128798     0.111508 
1970-1979     81     0.113922     0.146174     0.125826 
1970-1979     82     0.127407     0.157747     0.138409 
1970-1979     83     0.141120     0.170892     0.151761 
1970-1979     84     0.154443     0.184805     0.165152 
1970-1979     85     0.170116     0.191473     0.177581 
1970-1979     86     0.192513     0.226123     0.204175 
1970-1979     87     0.208689     0.230452     0.216231 
1970-1979     88     0.225659     0.273332     0.242006 
1970-1979     89     0.253922     0.270958     0.259688 
1970-1979     90     0.275260     0.310394     0.287195 
1970-1979     91     0.288027     0.312880     0.296455 
1970-1979     92     0.311762     0.348924     0.324397 
1970-1979     93     0.334997     0.400407     0.356869 
1970-1979     94     0.375245     0.409733     0.386256 
1970-1979     95     0.381236     0.442447     0.400215 
1970-1979     96     0.416681     0.463620     0.430802 
1970-1979     97     0.437413     0.407233     0.428344 
1970-1979     98     0.461854     0.502332     0.474007 
1970-1979     99     0.532870     0.316825     0.468446 
1970-1979    100     0.584270     0.561834     0.577048 
1970-1979    101     0.651601     0.617125     0.641071 
1970-1979    102     0.767262     0.687176     0.746243 
1970-1979    103     1.088504     0.855676     1.036689 
1970-1979    104     2.009639     1.203947     1.851517 
1970-1979    105     6.000000            .     6.000000 
1970-1979    106            .            .            . 
1970-1979    107            .            .            . 
1970-1979    108            .            .            . 
1970-1979    109            .            .            . 
1970-1979    110+           .            .            . 
1980-1989      0     0.014197     0.019066     0.016684 
1980-1989      1     0.000959     0.001174     0.001069 
1980-1989      2     0.000542     0.000584     0.000563 
1980-1989      3     0.000415     0.000474     0.000445 
1980-1989      4     0.000352     0.000504     0.000430 
1980-1989      5     0.000332     0.000411     0.000373 
1980-1989      6     0.000242     0.000395     0.000320 
1980-1989      7     0.000269     0.000363     0.000317 
1980-1989      8     0.000223     0.000365     0.000295 
1980-1989      9     0.000188     0.000363     0.000277 
1980-1989     10     0.000199     0.000315     0.000258 
1980-1989     11     0.000204     0.000305     0.000256 
1980-1989     12     0.000202     0.000311     0.000258 
1980-1989     13     0.000182     0.000350     0.000268 
1980-1989     14     0.000239     0.000420     0.000331 
1980-1989     15     0.000266     0.000520     0.000396 
1980-1989     16     0.000262     0.000650     0.000460 
1980-1989     17     0.000413     0.000931     0.000678 
1980-1989     18     0.000378     0.001105     0.000749 
1980-1989     19     0.000400     0.001086     0.000750 
1980-1989     20     0.000366     0.001092     0.000737 
1980-1989     21     0.000365     0.001196     0.000790 
1980-1989     22     0.000347     0.001233     0.000800 
1980-1989     23     0.000374     0.001361     0.000878 
1980-1989     24     0.000341     0.001373     0.000868 
1980-1989     25     0.000428     0.001395     0.000921 
1980-1989     26     0.000415     0.001334     0.000883 
1980-1989     27     0.000524     0.001294     0.000916 
1980-1989     28     0.000467     0.001594     0.001041 
1980-1989     29     0.000581     0.001657     0.001128 
1980-1989     30     0.000549     0.001851     0.001210 
1980-1989     31     0.000618     0.001917     0.001276 
1980-1989     32     0.000731     0.002004     0.001375 
1980-1989     33     0.000754     0.002111     0.001439 
1980-1989     34     0.000845     0.002438     0.001647 
1980-1989     35     0.000946     0.002623     0.001788 
1980-1989     36     0.001082     0.002886     0.001985 
1980-1989     37     0.001137     0.003231     0.002181 
1980-1989     38     0.001352     0.003320     0.002329 
1980-1989     39     0.001549     0.004039     0.002780 
1980-1989     40     0.001557     0.004466     0.002990 
1980-1989     41     0.001658     0.004878     0.003236 
1980-1989     42     0.001913     0.005477     0.003652 
1980-1989     43     0.002170     0.006073     0.004066 
1980-1989     44     0.002413     0.006623     0.004453 
1980-1989     45     0.002618     0.007183     0.004827 
1980-1989     46     0.002821     0.008072     0.005357 
1980-1989     47     0.003214     0.008846     0.005929 
1980-1989     48     0.003612     0.009975     0.006674 
1980-1989     49     0.003986     0.010612     0.007166 
1980-1989     50     0.004191     0.011383     0.007635 
1980-1989     51     0.004594     0.012382     0.008315 
1980-1989     52     0.004969     0.013590     0.009077 
1980-1989     53     0.005544     0.014837     0.009959 
1980-1989     54     0.006191     0.016159     0.010911 
1980-1989     55     0.006823     0.017230     0.011731 
1980-1989     56     0.007177     0.018855     0.012661 
1980-1989     57     0.007981     0.020827     0.013980 
1980-1989     58     0.008833     0.021461     0.014694 
1980-1989     59     0.009978     0.023379     0.016161 
1980-1989     60     0.010886     0.025859     0.017757 
1980-1989     61     0.011471     0.028329     0.019162 
1980-1989     62     0.013225     0.030368     0.020995 
1980-1989     63     0.014750     0.032722     0.022839 
1980-1989     64     0.016033     0.035564     0.024766 
1980-1989     65     0.017221     0.037592     0.026277 
1980-1989     66     0.018864     0.039979     0.028205 
1980-1989     67     0.021529     0.043333     0.031141 
1980-1989     68     0.024298     0.045450     0.033601 
1980-1989     69     0.026964     0.050628     0.037332 
1980-1989     70     0.030288     0.053290     0.040298 
1980-1989     71     0.033482     0.058612     0.044319 
1980-1989     72     0.037185     0.064175     0.048696 
1980-1989     73     0.042318     0.069782     0.053871 
1980-1989     74     0.047449     0.075685     0.059148 
1980-1989     75     0.052626     0.083050     0.065026 
1980-1989     76     0.058162     0.091776     0.071617 
1980-1989     77     0.065577     0.100247     0.079166 
1980-1989     78     0.074004     0.108454     0.087230 
1980-1989     79     0.084656     0.118578     0.097437 
1980-1989     80     0.097240     0.138112     0.112316 
1980-1989     81     0.106132     0.147448     0.121021 
1980-1989     82     0.118451     0.155530     0.131496 
1980-1989     83     0.132478     0.176022     0.147423 
1980-1989     84     0.147385     0.190067     0.161716 
1980-1989     85     0.168651     0.203953     0.180278 
1980-1989     86     0.180624     0.221519     0.193779 
1980-1989     87     0.196602     0.241066     0.210511 
1980-1989     88     0.215210     0.261789     0.229472 
1980-1989     89     0.236780     0.280180     0.249717 
1980-1989     90     0.265059     0.292936     0.273237 
1980-1989     91     0.298115     0.325183     0.305950 
1980-1989     92     0.320774     0.346652     0.328200 
1980-1989     93     0.329171     0.387323     0.345766 
1980-1989     94     0.369610     0.398484     0.377699 
1980-1989     95     0.379122     0.431281     0.393375 
1980-1989     96     0.421146     0.475490     0.435560 
1980-1989     97     0.475796     0.493770     0.480478 
1980-1989     98     0.483156     0.632107     0.520184 
1980-1989     99     0.527832     0.545256     0.532083 
1980-1989    100     0.593637     0.808536     0.643820 
1980-1989    101     0.664255     1.026696     0.741966 
1980-1989    102     0.784683     1.452901     0.903071 
1980-1989    103     1.083183     2.165005     1.226879 
1980-1989    104     1.891773     2.697842     1.999043 
1980-1989    105     6.000000     6.000000     6.000000 
1980-1989    106            .            .            . 
1980-1989    107            .            .            . 
1980-1989    108            .            .            . 
1980-1989    109            .            .            . 
1980-1989    110+           .            .            . 
1990-1999      0     0.009451     0.012035     0.010775 
1990-1999      1     0.000711     0.000821     0.000767 
1990-1999      2     0.000458     0.000502     0.000481 
1990-1999      3     0.000357     0.000389     0.000373 
1990-1999      4     0.000267     0.000365     0.000317 
1990-1999      5     0.000284     0.000297     0.000291 
1990-1999      6     0.000197     0.000319     0.000259 
1990-1999      7     0.000217     0.000260     0.000239 
1990-1999      8     0.000209     0.000269     0.000240 
1990-1999      9     0.000165     0.000276     0.000222 
1990-1999     10     0.000164     0.000245     0.000205 
1990-1999     11     0.000186     0.000302     0.000245 
1990-1999     12     0.000215     0.000292     0.000254 
1990-1999     13     0.000161     0.000299     0.000231 
1990-1999     14     0.000179     0.000356     0.000269 
1990-1999     15     0.000244     0.000432     0.000340 
1990-1999     16     0.000294     0.000585     0.000442 
1990-1999     17     0.000348     0.000659     0.000507 
1990-1999     18     0.000356     0.000938     0.000652 
1990-1999     19     0.000325     0.001035     0.000687 
1990-1999     20     0.000369     0.001155     0.000770 
1990-1999     21     0.000375     0.001196     0.000793 
1990-1999     22     0.000302     0.001232     0.000776 
1990-1999     23     0.000305     0.001246     0.000784 
1990-1999     24     0.000279     0.001181     0.000737 
1990-1999     25     0.000365     0.001225     0.000802 
1990-1999     26     0.000378     0.001301     0.000846 
1990-1999     27     0.000347     0.001362     0.000862 
1990-1999     28     0.000383     0.001356     0.000876 
1990-1999     29     0.000494     0.001479     0.000993 
1990-1999     30     0.000473     0.001559     0.001023 
1990-1999     31     0.000612     0.001612     0.001118 
1990-1999     32     0.000558     0.001952     0.001263 
1990-1999     33     0.000724     0.001953     0.001345 
1990-1999     34     0.000771     0.002158     0.001472 
1990-1999     35     0.000872     0.002342     0.001614 
1990-1999     36     0.000951     0.002590     0.001778 
1990-1999     37     0.001069     0.002852     0.001968 
1990-1999     38     0.001157     0.003271     0.002222 
1990-1999     39     0.001371     0.003603     0.002494 
1990-1999     40     0.001337     0.004062     0.002705 
1990-1999     41     0.001565     0.004583     0.003076 
1990-1999     42     0.001706     0.005038     0.003370 
1990-1999     43     0.001912     0.005577     0.003737 
1990-1999     44     0.002122     0.006329     0.004210 
1990-1999     45     0.002397     0.006623     0.004485 
1990-1999     46     0.002619     0.007441     0.004990 
1990-1999     47     0.002821     0.008175     0.005438 
1990-1999     48     0.003160     0.009180     0.006085 
1990-1999     49     0.003268     0.009967     0.006502 
1990-1999     50     0.003864     0.011195     0.007379 
1990-1999     51     0.004161     0.011916     0.007852 
1990-1999     52     0.004787     0.013097     0.008714 
1990-1999     53     0.004846     0.014414     0.009335 
1990-1999     54     0.005452     0.015740     0.010249 
1990-1999     55     0.006124     0.017174     0.011251 
1990-1999     56     0.006777     0.018159     0.012032 
1990-1999     57     0.007307     0.019356     0.012837 
1990-1999     58     0.008023     0.021457     0.014155 
1990-1999     59     0.008798     0.022841     0.015165 
1990-1999     60     0.009645     0.026362     0.017169 
1990-1999     61     0.010499     0.027452     0.018074 
1990-1999     62     0.011821     0.030441     0.020074 
1990-1999     63     0.013101     0.032651     0.021693 
1990-1999     64     0.014252     0.034832     0.023213 
1990-1999     65     0.016354     0.037531     0.025481 
1990-1999     66     0.018253     0.040674     0.027812 
1990-1999     67     0.020132     0.043304     0.029896 
1990-1999     68     0.022169     0.046951     0.032480 
1990-1999     69     0.024338     0.049713     0.034761 
1990-1999     70     0.027896     0.055557     0.039119 
1990-1999     71     0.030103     0.059185     0.041756 
1990-1999     72     0.033755     0.063880     0.045654 
1990-1999     73     0.037597     0.068059     0.049465 
1990-1999     74     0.042099     0.073046     0.054007 
1990-1999     75     0.048013     0.080022     0.060198 
1990-1999     76     0.053463     0.085208     0.065445 
1990-1999     77     0.059118     0.089970     0.070680 
1990-1999     78     0.067173     0.100599     0.079598 
1990-1999     79     0.074838     0.108841     0.087317 
1990-1999     80     0.083248     0.120946     0.096858 
1990-1999     81     0.095667     0.129358     0.107603 
1990-1999     82     0.103969     0.144882     0.118174 
1990-1999     83     0.118422     0.157972     0.131810 
1990-1999     84     0.132413     0.170019     0.144812 
1990-1999     85     0.144568     0.181012     0.156310 
1990-1999     86     0.160856     0.205967     0.174955 
1990-1999     87     0.176254     0.224119     0.190724 
1990-1999     88     0.197560     0.234917     0.208475 
1990-1999     89     0.222590     0.260654     0.233438 
1990-1999     90     0.239094     0.266153     0.246621 
1990-1999     91     0.268966     0.301164     0.277711 
1990-1999     92     0.286543     0.350380     0.303242 
1990-1999     93     0.308053     0.346413     0.317758 
1990-1999     94     0.355928     0.409315     0.369083 
1990-1999     95     0.377509     0.410359     0.385465 
1990-1999     96     0.393883     0.442593     0.405458 
1990-1999     97     0.399685     0.413109     0.402794 
1990-1999     98     0.477527     0.636321     0.511535 
1990-1999     99     0.463991     0.551299     0.480916 
1990-1999    100     0.520634     0.668098     0.547048 
1990-1999    101     0.562607     0.807194     0.600903 
1990-1999    102     0.622694     1.048143     0.674661 
1990-1999    103     0.727348     1.606695     0.788448 
1990-1999    104     0.989433     2.943396     1.045381 
1990-1999    105     1.738956            .     1.738956 
1990-1999    106     6.000000            .     6.000000 
1990-1999    107            .            .            . 
1990-1999    108            .            .            . 
1990-1999    109            .            .            . 
1990-1999    110+           .            .            . 
2000-2009      0     0.006142     0.007625     0.006903 
2000-2009      1     0.000530     0.000656     0.000594 
2000-2009      2     0.000383     0.000417     0.000400 
2000-2009      3     0.000273     0.000295     0.000284 
2000-2009      4     0.000187     0.000305     0.000248 
2000-2009      5     0.000202     0.000283     0.000243 
2000-2009      6     0.000135     0.000207     0.000172 
2000-2009      7     0.000144     0.000242     0.000194 
2000-2009      8     0.000165     0.000201     0.000183 
2000-2009      9     0.000146     0.000232     0.000190 
2000-2009     10     0.000156     0.000178     0.000167 
2000-2009     11     0.000150     0.000211     0.000181 
2000-2009     12     0.000105     0.000201     0.000154 
2000-2009     13     0.000168     0.000242     0.000206 
2000-2009     14     0.000146     0.000302     0.000226 
2000-2009     15     0.000203     0.000332     0.000269 
2000-2009     16     0.000248     0.000459     0.000356 
2000-2009     17     0.000287     0.000589     0.000441 
2000-2009     18     0.000292     0.000638     0.000469 
2000-2009     19     0.000307     0.000816     0.000567 
2000-2009     20     0.000234     0.000914     0.000581 
2000-2009     21     0.000283     0.000977     0.000637 
2000-2009     22     0.000281     0.000933     0.000614 
2000-2009     23     0.000245     0.000935     0.000598 
2000-2009     24     0.000277     0.001064     0.000679 
2000-2009     25     0.000301     0.001069     0.000694 
2000-2009     26     0.000316     0.001010     0.000671 
2000-2009     27     0.000392     0.001118     0.000763 
2000-2009     28     0.000292     0.001062     0.000685 
2000-2009     29     0.000318     0.001181     0.000758 
2000-2009     30     0.000428     0.001262     0.000853 
2000-2009     31     0.000425     0.001296     0.000869 
2000-2009     32     0.000410     0.001288     0.000857 
2000-2009     33     0.000469     0.001649     0.001068 
2000-2009     34     0.000554     0.001710     0.001140 
2000-2009     35     0.000708     0.001842     0.001282 
2000-2009     36     0.000648     0.001931     0.001296 
2000-2009     37     0.000783     0.002298     0.001548 
2000-2009     38     0.000877     0.002626     0.001759 
2000-2009     39     0.000984     0.002833     0.001915 
2000-2009     40     0.001242     0.003183     0.002218 
2000-2009     41     0.001219     0.003553     0.002393 
2000-2009     42     0.001467     0.003805     0.002642 
2000-2009     43     0.001490     0.004669     0.003085 
2000-2009     44     0.001898     0.004757     0.003329 
2000-2009     45     0.002090     0.005394     0.003741 
2000-2009     46     0.002153     0.006115     0.004128 
2000-2009     47     0.002661     0.006780     0.004709 
2000-2009     48     0.002571     0.007622     0.005076 
2000-2009     49     0.003050     0.008490     0.005739 
2000-2009     50     0.003157     0.009305     0.006184 
2000-2009     51     0.003590     0.010281     0.006869 
2000-2009     52     0.003930     0.010941     0.007348 
2000-2009     53     0.004051     0.011797     0.007807 
2000-2009     54     0.004591     0.013283     0.008781 
2000-2009     55     0.005169     0.013751     0.009276 
2000-2009     56     0.005680     0.015433     0.010307 
2000-2009     57     0.006245     0.016766     0.011191 
2000-2009     58     0.006815     0.017688     0.011877 
2000-2009     59     0.007383     0.019758     0.013089 
2000-2009     60     0.007904     0.021392     0.014055 
2000-2009     61     0.008784     0.023397     0.015366 
2000-2009     62     0.009651     0.025154     0.016543 
2000-2009     63     0.010331     0.027116     0.017698 
2000-2009     64     0.011437     0.030130     0.019539 
2000-2009     65     0.013198     0.031568     0.021073 
2000-2009     66     0.014230     0.034149     0.022670 
2000-2009     67     0.016466     0.036417     0.024816 
2000-2009     68     0.017410     0.040336     0.026883 
2000-2009     69     0.019558     0.044215     0.029594 
2000-2009     70     0.022069     0.047222     0.032154 
2000-2009     71     0.024905     0.051861     0.035544 
2000-2009     72     0.028196     0.056199     0.039068 
2000-2009     73     0.032023     0.058580     0.042167 
2000-2009     74     0.035739     0.064953     0.046702 
2000-2009     75     0.040270     0.069983     0.051204 
2000-2009     76     0.044319     0.076772     0.056015 
2000-2009     77     0.051767     0.083061     0.062817 
2000-2009     78     0.058066     0.092111     0.069839 
2000-2009     79     0.065953     0.098474     0.076986 
2000-2009     80     0.074841     0.108562     0.086085 
2000-2009     81     0.082108     0.117781     0.093768 
2000-2009     82     0.092612     0.130007     0.104594 
2000-2009     83     0.105706     0.139137     0.116202 
2000-2009     84     0.116067     0.149650     0.126452 
2000-2009     85     0.131186     0.161926     0.140553 
2000-2009     86     0.145729     0.182577     0.156836 
2000-2009     87     0.166430     0.198739     0.176082 
2000-2009     88     0.179402     0.213513     0.189490 
2000-2009     89     0.200129     0.233704     0.209879 
2000-2009     90     0.227566     0.259815     0.236740 
2000-2009     91     0.252756     0.292747     0.263848 
2000-2009     92     0.271986     0.320333     0.284978 
2000-2009     93     0.303524     0.329955     0.310417 
2000-2009     94     0.328658     0.376876     0.340841 
2000-2009     95     0.351265     0.396537     0.362278 
2000-2009     96     0.390896     0.442753     0.403044 
2000-2009     97     0.417777     0.445509     0.424123 
2000-2009     98     0.451983     0.515966     0.466495 
2000-2009     99     0.481158     0.539230     0.493513 
2000-2009    100     0.492254     0.521756     0.498345 
2000-2009    101     0.517353     0.570296     0.527627 
2000-2009    102     0.546688     0.661074     0.566770 
2000-2009    103     0.585559     0.861454     0.625168 
2000-2009    104     0.649727     1.458216     0.719250 
2000-2009    105     0.791265     3.432558     0.838834 
2000-2009    106     1.147593            .     1.147593 
2000-2009    107     1.868098            .     1.868098 
2000-2009    108            .            .            . 
2000-2009    109            .            .            . 
2000-2009    110+           .            .            . 
2010-2014      0     0.004990     0.005942     0.005477 
2010-2014      1     0.000415     0.000502     0.000459 
2010-2014      2     0.000197     0.000302     0.000251 
2010-2014      3     0.000243     0.000170     0.000206 
2010-2014      4     0.000161     0.000208     0.000185 
2010-2014      5     0.000178     0.000218     0.000199 
2010-2014      6     0.000136     0.000122     0.000129 
2010-2014      7     0.000069     0.000146     0.000109 
2010-2014      8     0.000195     0.000184     0.000190 
2010-2014      9     0.000063     0.000222     0.000145 
2010-2014     10     0.000070     0.000170     0.000121 
2010-2014     11     0.000115     0.000175     0.000146 
2010-2014     12     0.000112     0.000114     0.000113 
2010-2014     13     0.000146     0.000207     0.000177 
2010-2014     14     0.000135     0.000317     0.000228 
2010-2014     15     0.000159     0.000315     0.000239 
2010-2014     16     0.000212     0.000441     0.000330 
2010-2014     17     0.000196     0.000469     0.000336 
2010-2014     18     0.000294     0.000614     0.000458 
2010-2014     19     0.000257     0.000662     0.000464 
2010-2014     20     0.000241     0.000834     0.000544 
2010-2014     21     0.000234     0.000786     0.000516 
2010-2014     22     0.000255     0.000740     0.000502 
2010-2014     23     0.000198     0.000765     0.000487 
2010-2014     24     0.000324     0.000827     0.000580 
2010-2014     25     0.000254     0.000903     0.000585 
2010-2014     26     0.000264     0.000922     0.000599 
2010-2014     27     0.000279     0.000910     0.000602 
2010-2014     28     0.000272     0.000853     0.000569 
2010-2014     29     0.000280     0.001063     0.000681 
2010-2014     30     0.000365     0.000942     0.000661 
2010-2014     31     0.000301     0.001086     0.000704 
2010-2014     32     0.000451     0.001095     0.000782 
2010-2014     33     0.000470     0.001149     0.000819 
2010-2014     34     0.000392     0.001240     0.000828 
2010-2014     35     0.000644     0.001343     0.001003 
2010-2014     36     0.000670     0.001627     0.001161 
2010-2014     37     0.000651     0.001839     0.001259 
2010-2014     38     0.000756     0.001856     0.001317 
2010-2014     39     0.001076     0.002063     0.001579 
2010-2014     40     0.000838     0.002270     0.001566 
2010-2014     41     0.001093     0.002483     0.001798 
2010-2014     42     0.001194     0.002914     0.002065 
2010-2014     43     0.001316     0.003113     0.002224 
2010-2014     44     0.001521     0.003860     0.002699 
2010-2014     45     0.001573     0.004210     0.002897 
2010-2014     46     0.001986     0.004683     0.003338 
2010-2014     47     0.002064     0.005146     0.003606 
2010-2014     48     0.002080     0.005523     0.003799 
2010-2014     49     0.002477     0.006285     0.004376 
2010-2014     50     0.002902     0.007026     0.004956 
2010-2014     51     0.003287     0.007703     0.005481 
2010-2014     52     0.003380     0.009174     0.006248 
2010-2014     53     0.003632     0.009551     0.006549 
2010-2014     54     0.004125     0.010921     0.007454 
2010-2014     55     0.004367     0.011613     0.007893 
2010-2014     56     0.004948     0.012245     0.008478 
2010-2014     57     0.004983     0.013792     0.009220 
2010-2014     58     0.005789     0.014821     0.010108 
2010-2014     59     0.006248     0.016653     0.011194 
2010-2014     60     0.006958     0.018252     0.012285 
2010-2014     61     0.007911     0.019875     0.013501 
2010-2014     62     0.008003     0.022280     0.014605 
2010-2014     63     0.009043     0.023479     0.015642 
2010-2014     64     0.009989     0.024276     0.016431 
2010-2014     65     0.010499     0.026658     0.017668 
2010-2014     66     0.011956     0.028435     0.019143 
2010-2014     67     0.013201     0.030360     0.020556 
2010-2014     68     0.014513     0.032379     0.022041 
2010-2014     69     0.015477     0.036069     0.024026 
2010-2014     70     0.017357     0.038041     0.025814 
2010-2014     71     0.018939     0.042359     0.028345 
2010-2014     72     0.022503     0.045561     0.031585 
2010-2014     73     0.023709     0.049229     0.033564 
2010-2014     74     0.028277     0.055094     0.038406 
2010-2014     75     0.031877     0.060188     0.042367 
2010-2014     76     0.037256     0.066090     0.047750 
2010-2014     77     0.041671     0.070152     0.051847 
2010-2014     78     0.046942     0.076761     0.057382 
2010-2014     79     0.054360     0.085895     0.065151 
2010-2014     80     0.063724     0.093542     0.073690 
2010-2014     81     0.071603     0.106474     0.082962 
2010-2014     82     0.083081     0.116100     0.093546 
2010-2014     83     0.096245     0.128479     0.106218 
2010-2014     84     0.108157     0.138063     0.117176 
2010-2014     85     0.118285     0.152235     0.128291 
2010-2014     86     0.133724     0.166866     0.143280 
2010-2014     87     0.146124     0.178657     0.155302 
2010-2014     88     0.158244     0.195149     0.168426 
2010-2014     89     0.180882     0.202664     0.186807 
2010-2014     90     0.206460     0.223235     0.210989 
2010-2014     91     0.222659     0.239334     0.227115 
2010-2014     92     0.240321     0.260840     0.245725 
2010-2014     93     0.268950     0.288812     0.274109 
2010-2014     94     0.296602     0.315165     0.301438 
2010-2014     95     0.297911     0.395834     0.322202 
2010-2014     96     0.381500     0.444159     0.395887 
2010-2014     97     0.404127     0.485854     0.422007 
2010-2014     98     0.409373     0.475841     0.422459 
2010-2014     99     0.493589     0.442021     0.483213 
2010-2014    100     0.607657     0.512060     0.587018 
2010-2014    101     0.632260     0.556645     0.614945 
2010-2014    102     0.687056     0.621197     0.671119 
2010-2014    103     0.782172     0.737654     0.771037 
2010-2014    104     0.916013     1.099050     0.956275 
2010-2014    105     1.168391     2.429066     1.319255 
2010-2014    106     1.808889            .     1.808889 
2010-2014    107     3.056180            .     3.056180 
2010-2014    108     6.000000            .     6.000000 
2010-2014    109            .            .            . 
2010-2014    110+           .            .            . 
