Slovenia, Death rates (period 1x10)     Last modified: 07-Oct-2015, MPv5 (May07)

   Year      Age       Female       Male         Total
1983-1989      0     0.010401     0.012933     0.011699 
1983-1989      1     0.000897     0.001117     0.001010 
1983-1989      2     0.000410     0.000318     0.000363 
1983-1989      3     0.000306     0.000489     0.000400 
1983-1989      4     0.000258     0.000496     0.000381 
1983-1989      5     0.000274     0.000276     0.000275 
1983-1989      6     0.000240     0.000346     0.000295 
1983-1989      7     0.000286     0.000277     0.000281 
1983-1989      8     0.000235     0.000432     0.000337 
1983-1989      9     0.000108     0.000248     0.000181 
1983-1989     10     0.000178     0.000260     0.000220 
1983-1989     11     0.000219     0.000347     0.000285 
1983-1989     12     0.000090     0.000266     0.000181 
1983-1989     13     0.000071     0.000309     0.000193 
1983-1989     14     0.000196     0.000458     0.000331 
1983-1989     15     0.000269     0.000461     0.000367 
1983-1989     16     0.000503     0.000834     0.000672 
1983-1989     17     0.000376     0.001145     0.000768 
1983-1989     18     0.000401     0.001329     0.000871 
1983-1989     19     0.000482     0.001011     0.000748 
1983-1989     20     0.000560     0.001742     0.001152 
1983-1989     21     0.000473     0.001706     0.001088 
1983-1989     22     0.000374     0.001749     0.001058 
1983-1989     23     0.000484     0.001497     0.000987 
1983-1989     24     0.000400     0.001649     0.001022 
1983-1989     25     0.000510     0.001651     0.001080 
1983-1989     26     0.000523     0.001558     0.001042 
1983-1989     27     0.000536     0.001735     0.001140 
1983-1989     28     0.000442     0.001744     0.001101 
1983-1989     29     0.000575     0.001887     0.001243 
1983-1989     30     0.000525     0.001778     0.001166 
1983-1989     31     0.000770     0.001942     0.001371 
1983-1989     32     0.000760     0.002174     0.001488 
1983-1989     33     0.000641     0.002202     0.001447 
1983-1989     34     0.000899     0.002431     0.001692 
1983-1989     35     0.000956     0.002797     0.001909 
1983-1989     36     0.001206     0.002617     0.001936 
1983-1989     37     0.000967     0.002906     0.001968 
1983-1989     38     0.001142     0.003005     0.002103 
1983-1989     39     0.001278     0.003653     0.002502 
1983-1989     40     0.001417     0.003793     0.002636 
1983-1989     41     0.001767     0.003985     0.002904 
1983-1989     42     0.002043     0.004424     0.003263 
1983-1989     43     0.001774     0.005159     0.003504 
1983-1989     44     0.002288     0.005700     0.004029 
1983-1989     45     0.002261     0.005998     0.004159 
1983-1989     46     0.002830     0.006795     0.004842 
1983-1989     47     0.003114     0.007212     0.005193 
1983-1989     48     0.003415     0.008168     0.005817 
1983-1989     49     0.003850     0.009251     0.006557 
1983-1989     50     0.003692     0.009857     0.006757 
1983-1989     51     0.004510     0.011810     0.008110 
1983-1989     52     0.005326     0.012944     0.009055 
1983-1989     53     0.005309     0.013917     0.009485 
1983-1989     54     0.005558     0.014729     0.009954 
1983-1989     55     0.006032     0.016950     0.011199 
1983-1989     56     0.006612     0.018028     0.011917 
1983-1989     57     0.007459     0.019536     0.012949 
1983-1989     58     0.007753     0.020592     0.013439 
1983-1989     59     0.008746     0.022940     0.014856 
1983-1989     60     0.009197     0.024233     0.015473 
1983-1989     61     0.010176     0.024864     0.016124 
1983-1989     62     0.011012     0.026520     0.017129 
1983-1989     63     0.011889     0.030108     0.018957 
1983-1989     64     0.013534     0.030490     0.020048 
1983-1989     65     0.014928     0.034140     0.022264 
1983-1989     66     0.016019     0.034528     0.023072 
1983-1989     67     0.017959     0.037806     0.025535 
1983-1989     68     0.021047     0.044110     0.029936 
1983-1989     69     0.022773     0.046499     0.031959 
1983-1989     70     0.026197     0.049399     0.035183 
1983-1989     71     0.030002     0.056210     0.040154 
1983-1989     72     0.032284     0.058607     0.042426 
1983-1989     73     0.035648     0.065042     0.046863 
1983-1989     74     0.043226     0.072781     0.054372 
1983-1989     75     0.047446     0.080151     0.059587 
1983-1989     76     0.053533     0.090016     0.066835 
1983-1989     77     0.059152     0.095632     0.072170 
1983-1989     78     0.069395     0.102955     0.081105 
1983-1989     79     0.076244     0.116715     0.090006 
1983-1989     80     0.086314     0.129113     0.100321 
1983-1989     81     0.101111     0.149926     0.116538 
1983-1989     82     0.114654     0.158021     0.127951 
1983-1989     83     0.123654     0.169386     0.137362 
1983-1989     84     0.141240     0.181774     0.153052 
1983-1989     85     0.151438     0.204769     0.166406 
1983-1989     86     0.168438     0.218859     0.182015 
1983-1989     87     0.195964     0.237442     0.206761 
1983-1989     88     0.200589     0.246807     0.212195 
1983-1989     89     0.227837     0.256833     0.234888 
1983-1989     90     0.245209     0.333508     0.265724 
1983-1989     91     0.269301     0.293835     0.274789 
1983-1989     92     0.286232     0.380733     0.306521 
1983-1989     93     0.332483     0.379982     0.342337 
1983-1989     94     0.361687     0.377565     0.364933 
1983-1989     95     0.373882     0.394649     0.377942 
1983-1989     96     0.442901     0.474265     0.448894 
1983-1989     97     0.428571     0.362069     0.415743 
1983-1989     98     0.511743     0.545455     0.518950 
1983-1989     99     0.574032     0.240000     0.500000 
1983-1989    100     0.455172     0.423529     0.448000 
1983-1989    101     0.666667     0.800000     0.700000 
1983-1989    102     0.545455     0.387097     0.494845 
1983-1989    103     0.157895     0.260870     0.196721 
1983-1989    104     0.600000     1.636364     0.967742 
1983-1989    105     1.000000            .     1.000000 
1983-1989    106     0.000000            .     0.000000 
1983-1989    107            .            .            . 
1983-1989    108            .            .            . 
1983-1989    109            .            .            . 
1983-1989    110+           .            .            . 
1990-1999      0     0.005452     0.007354     0.006430 
1990-1999      1     0.000394     0.000621     0.000510 
1990-1999      2     0.000311     0.000341     0.000326 
1990-1999      3     0.000226     0.000366     0.000298 
1990-1999      4     0.000200     0.000277     0.000240 
1990-1999      5     0.000203     0.000286     0.000245 
1990-1999      6     0.000180     0.000171     0.000175 
1990-1999      7     0.000100     0.000277     0.000190 
1990-1999      8     0.000121     0.000230     0.000177 
1990-1999      9     0.000140     0.000193     0.000168 
1990-1999     10     0.000114     0.000202     0.000159 
1990-1999     11     0.000119     0.000162     0.000141 
1990-1999     12     0.000139     0.000250     0.000196 
1990-1999     13     0.000115     0.000334     0.000227 
1990-1999     14     0.000248     0.000369     0.000310 
1990-1999     15     0.000203     0.000425     0.000317 
1990-1999     16     0.000306     0.000644     0.000480 
1990-1999     17     0.000373     0.000954     0.000672 
1990-1999     18     0.000325     0.001328     0.000840 
1990-1999     19     0.000451     0.001286     0.000880 
1990-1999     20     0.000433     0.001501     0.000980 
1990-1999     21     0.000378     0.001462     0.000931 
1990-1999     22     0.000461     0.001423     0.000950 
1990-1999     23     0.000362     0.001500     0.000938 
1990-1999     24     0.000394     0.001530     0.000968 
1990-1999     25     0.000417     0.001573     0.000999 
1990-1999     26     0.000407     0.001500     0.000956 
1990-1999     27     0.000370     0.001364     0.000869 
1990-1999     28     0.000354     0.001339     0.000848 
1990-1999     29     0.000541     0.001383     0.000964 
1990-1999     30     0.000458     0.001550     0.001006 
1990-1999     31     0.000468     0.001685     0.001080 
1990-1999     32     0.000576     0.001853     0.001219 
1990-1999     33     0.000646     0.001752     0.001203 
1990-1999     34     0.000664     0.002022     0.001351 
1990-1999     35     0.000759     0.002016     0.001397 
1990-1999     36     0.000923     0.002263     0.001605 
1990-1999     37     0.000932     0.002655     0.001810 
1990-1999     38     0.001250     0.002824     0.002054 
1990-1999     39     0.001039     0.002827     0.001955 
1990-1999     40     0.001381     0.003135     0.002282 
1990-1999     41     0.001611     0.003664     0.002667 
1990-1999     42     0.001589     0.003834     0.002745 
1990-1999     43     0.001692     0.004247     0.003009 
1990-1999     44     0.002053     0.004700     0.003417 
1990-1999     45     0.002297     0.004935     0.003657 
1990-1999     46     0.002254     0.005669     0.004010 
1990-1999     47     0.002881     0.006172     0.004564 
1990-1999     48     0.002954     0.006421     0.004721 
1990-1999     49     0.003198     0.007290     0.005275 
1990-1999     50     0.003495     0.008143     0.005842 
1990-1999     51     0.003796     0.008846     0.006332 
1990-1999     52     0.004282     0.009187     0.006732 
1990-1999     53     0.004456     0.010699     0.007560 
1990-1999     54     0.004844     0.011296     0.008039 
1990-1999     55     0.005034     0.012701     0.008810 
1990-1999     56     0.005327     0.013774     0.009454 
1990-1999     57     0.005886     0.015243     0.010419 
1990-1999     58     0.006404     0.016527     0.011253 
1990-1999     59     0.006926     0.018010     0.012175 
1990-1999     60     0.007643     0.020760     0.013784 
1990-1999     61     0.008693     0.022137     0.014903 
1990-1999     62     0.009596     0.024121     0.016199 
1990-1999     63     0.010072     0.025593     0.016979 
1990-1999     64     0.011261     0.028628     0.018793 
1990-1999     65     0.012096     0.031738     0.020379 
1990-1999     66     0.013580     0.032222     0.021237 
1990-1999     67     0.015567     0.035368     0.023492 
1990-1999     68     0.017075     0.037203     0.024906 
1990-1999     69     0.018721     0.042574     0.027722 
1990-1999     70     0.021996     0.044273     0.030162 
1990-1999     71     0.023444     0.047532     0.032035 
1990-1999     72     0.026485     0.052410     0.035486 
1990-1999     73     0.030454     0.055404     0.038942 
1990-1999     74     0.032589     0.062202     0.042535 
1990-1999     75     0.036762     0.067024     0.046856 
1990-1999     76     0.042215     0.073262     0.052494 
1990-1999     77     0.049012     0.080748     0.059467 
1990-1999     78     0.055704     0.090850     0.067262 
1990-1999     79     0.063198     0.099924     0.075193 
1990-1999     80     0.069252     0.106960     0.081410 
1990-1999     81     0.080539     0.122589     0.093871 
1990-1999     82     0.089544     0.130787     0.102281 
1990-1999     83     0.104536     0.143774     0.116326 
1990-1999     84     0.118640     0.162020     0.131304 
1990-1999     85     0.129052     0.168850     0.140311 
1990-1999     86     0.145487     0.180278     0.155063 
1990-1999     87     0.159299     0.200761     0.170363 
1990-1999     88     0.184922     0.230397     0.196662 
1990-1999     89     0.194230     0.240875     0.205875 
1990-1999     90     0.221975     0.274578     0.234478 
1990-1999     91     0.240988     0.285593     0.251210 
1990-1999     92     0.266527     0.312376     0.276550 
1990-1999     93     0.276386     0.339759     0.289787 
1990-1999     94     0.347200     0.408976     0.359711 
1990-1999     95     0.376840     0.382979     0.378059 
1990-1999     96     0.434424     0.417651     0.431023 
1990-1999     97     0.441657     0.551351     0.463427 
1990-1999     98     0.378140     0.538922     0.407220 
1990-1999     99     0.494432     0.747253     0.537037 
1990-1999    100     0.528736     0.465517     0.520578 
1990-1999    101     0.595420     0.218182     0.549107 
1990-1999    102     0.645161     0.400000     0.611111 
1990-1999    103     0.512195     1.058824     0.606061 
1990-1999    104     1.000000     0.000000     0.909091 
1990-1999    105     0.000000            .     0.000000 
1990-1999    106     0.545455            .     0.545455 
1990-1999    107     1.200000            .     1.200000 
1990-1999    108            .            .            . 
1990-1999    109            .            .            . 
1990-1999    110+           .            .            . 
2000-2009      0     0.003291     0.003787     0.003546 
2000-2009      1     0.000156     0.000273     0.000216 
2000-2009      2     0.000158     0.000266     0.000214 
2000-2009      3     0.000147     0.000225     0.000187 
2000-2009      4     0.000147     0.000181     0.000165 
2000-2009      5     0.000090     0.000095     0.000093 
2000-2009      6     0.000200     0.000125     0.000161 
2000-2009      7     0.000120     0.000165     0.000143 
2000-2009      8     0.000151     0.000112     0.000131 
2000-2009      9     0.000116     0.000110     0.000113 
2000-2009     10     0.000113     0.000087     0.000100 
2000-2009     11     0.000070     0.000132     0.000102 
2000-2009     12     0.000058     0.000128     0.000094 
2000-2009     13     0.000093     0.000203     0.000150 
2000-2009     14     0.000163     0.000206     0.000185 
2000-2009     15     0.000228     0.000376     0.000304 
2000-2009     16     0.000239     0.000495     0.000370 
2000-2009     17     0.000298     0.000629     0.000467 
2000-2009     18     0.000280     0.000869     0.000582 
2000-2009     19     0.000326     0.000986     0.000665 
2000-2009     20     0.000286     0.001002     0.000655 
2000-2009     21     0.000302     0.001167     0.000749 
2000-2009     22     0.000297     0.001176     0.000752 
2000-2009     23     0.000321     0.001252     0.000803 
2000-2009     24     0.000217     0.001016     0.000631 
2000-2009     25     0.000187     0.001166     0.000695 
2000-2009     26     0.000276     0.001137     0.000723 
2000-2009     27     0.000288     0.000954     0.000633 
2000-2009     28     0.000364     0.001179     0.000786 
2000-2009     29     0.000262     0.001021     0.000656 
2000-2009     30     0.000313     0.001232     0.000788 
2000-2009     31     0.000377     0.001021     0.000710 
2000-2009     32     0.000418     0.001073     0.000755 
2000-2009     33     0.000458     0.001251     0.000865 
2000-2009     34     0.000462     0.001267     0.000874 
2000-2009     35     0.000554     0.001426     0.001000 
2000-2009     36     0.000584     0.001599     0.001101 
2000-2009     37     0.000675     0.001573     0.001133 
2000-2009     38     0.000770     0.001816     0.001302 
2000-2009     39     0.000735     0.002013     0.001384 
2000-2009     40     0.000789     0.002289     0.001552 
2000-2009     41     0.001008     0.002625     0.001830 
2000-2009     42     0.001155     0.002708     0.001946 
2000-2009     43     0.001351     0.003084     0.002235 
2000-2009     44     0.001312     0.003459     0.002410 
2000-2009     45     0.001581     0.003798     0.002717 
2000-2009     46     0.001861     0.004359     0.003143 
2000-2009     47     0.001913     0.004932     0.003465 
2000-2009     48     0.002556     0.005237     0.003935 
2000-2009     49     0.002372     0.005662     0.004067 
2000-2009     50     0.003035     0.006339     0.004737 
2000-2009     51     0.003226     0.006922     0.005127 
2000-2009     52     0.003058     0.007279     0.005226 
2000-2009     53     0.003550     0.008344     0.006005 
2000-2009     54     0.004162     0.008792     0.006523 
2000-2009     55     0.003964     0.009795     0.006925 
2000-2009     56     0.004571     0.010270     0.007445 
2000-2009     57     0.004751     0.011598     0.008174 
2000-2009     58     0.005330     0.012454     0.008865 
2000-2009     59     0.005108     0.013954     0.009465 
2000-2009     60     0.005557     0.014760     0.010047 
2000-2009     61     0.006253     0.015325     0.010637 
2000-2009     62     0.006910     0.017923     0.012181 
2000-2009     63     0.007855     0.018726     0.013011 
2000-2009     64     0.008141     0.020833     0.014108 
2000-2009     65     0.008786     0.021318     0.014613 
2000-2009     66     0.009807     0.023813     0.016234 
2000-2009     67     0.010522     0.026218     0.017617 
2000-2009     68     0.012213     0.028974     0.019656 
2000-2009     69     0.013985     0.032023     0.021851 
2000-2009     70     0.014800     0.034913     0.023401 
2000-2009     71     0.018187     0.039263     0.027005 
2000-2009     72     0.019757     0.041609     0.028685 
2000-2009     73     0.021634     0.046349     0.031433 
2000-2009     74     0.024657     0.049117     0.034019 
2000-2009     75     0.028039     0.054941     0.037952 
2000-2009     76     0.031511     0.062361     0.042469 
2000-2009     77     0.035071     0.065185     0.045368 
2000-2009     78     0.039800     0.070927     0.050023 
2000-2009     79     0.046597     0.076709     0.056089 
2000-2009     80     0.053253     0.088156     0.063786 
2000-2009     81     0.060187     0.094570     0.070150 
2000-2009     82     0.069017     0.103712     0.078682 
2000-2009     83     0.078374     0.117463     0.088927 
2000-2009     84     0.087829     0.132284     0.099487 
2000-2009     85     0.102173     0.141218     0.112205 
2000-2009     86     0.111685     0.155534     0.122716 
2000-2009     87     0.129139     0.166798     0.138463 
2000-2009     88     0.147401     0.201205     0.160513 
2000-2009     89     0.165551     0.220772     0.178688 
2000-2009     90     0.188808     0.236820     0.200030 
2000-2009     91     0.199630     0.262403     0.213899 
2000-2009     92     0.226191     0.286778     0.239368 
2000-2009     93     0.252245     0.324482     0.267031 
2000-2009     94     0.265995     0.327667     0.277930 
2000-2009     95     0.309099     0.346750     0.316154 
2000-2009     96     0.332228     0.358795     0.336999 
2000-2009     97     0.344825     0.425444     0.358938 
2000-2009     98     0.373799     0.434700     0.383847 
2000-2009     99     0.444797     0.485608     0.450909 
2000-2009    100     0.393040     0.647446     0.427921 
2000-2009    101     0.472330     0.523802     0.479113 
2000-2009    102     0.437438     0.696864     0.467341 
2000-2009    103     0.584273     1.593625     0.660314 
2000-2009    104     0.493638     0.000000     0.483533 
2000-2009    105     0.405268     0.000000     0.379627 
2000-2009    106     0.881982     0.000000     0.783290 
2000-2009    107     1.812689     0.000000     1.129944 
2000-2009    108     6.000000     6.000000     6.000000 
2000-2009    109            .            .            . 
2000-2009    110+           .            .            . 
2010-2014      0     0.002323     0.002389     0.002357 
2010-2014      1     0.000186     0.000211     0.000199 
2010-2014      2     0.000186     0.000106     0.000145 
2010-2014      3     0.000133     0.000197     0.000166 
2010-2014      4     0.000176     0.000055     0.000114 
2010-2014      5     0.000061     0.000135     0.000099 
2010-2014      6     0.000085     0.000161     0.000124 
2010-2014      7     0.000088     0.000083     0.000085 
2010-2014      8     0.000067     0.000064     0.000065 
2010-2014      9     0.000045     0.000021     0.000033 
2010-2014     10     0.000090     0.000106     0.000099 
2010-2014     11     0.000068     0.000170     0.000120 
2010-2014     12     0.000067     0.000084     0.000076 
2010-2014     13     0.000067     0.000000     0.000032 
2010-2014     14     0.000176     0.000103     0.000138 
2010-2014     15     0.000065     0.000204     0.000136 
2010-2014     16     0.000084     0.000240     0.000164 
2010-2014     17     0.000124     0.000353     0.000242 
2010-2014     18     0.000081     0.000498     0.000295 
2010-2014     19     0.000334     0.000465     0.000401 
2010-2014     20     0.000114     0.000553     0.000340 
2010-2014     21     0.000308     0.000526     0.000420 
2010-2014     22     0.000258     0.000786     0.000531 
2010-2014     23     0.000215     0.000736     0.000485 
2010-2014     24     0.000224     0.000797     0.000522 
2010-2014     25     0.000124     0.000556     0.000349 
2010-2014     26     0.000152     0.000529     0.000349 
2010-2014     27     0.000209     0.000560     0.000392 
2010-2014     28     0.000102     0.000718     0.000424 
2010-2014     29     0.000227     0.000827     0.000541 
2010-2014     30     0.000263     0.000730     0.000508 
2010-2014     31     0.000245     0.000971     0.000627 
2010-2014     32     0.000350     0.000763     0.000568 
2010-2014     33     0.000321     0.000832     0.000590 
2010-2014     34     0.000360     0.000857     0.000621 
2010-2014     35     0.000483     0.000937     0.000721 
2010-2014     36     0.000542     0.001084     0.000826 
2010-2014     37     0.000558     0.001060     0.000820 
2010-2014     38     0.000413     0.001109     0.000777 
2010-2014     39     0.000532     0.001384     0.000977 
2010-2014     40     0.000551     0.001483     0.001036 
2010-2014     41     0.000820     0.001442     0.001143 
2010-2014     42     0.000829     0.001656     0.001256 
2010-2014     43     0.000911     0.002077     0.001510 
2010-2014     44     0.001143     0.002373     0.001773 
2010-2014     45     0.001396     0.002438     0.001928 
2010-2014     46     0.001143     0.002963     0.002069 
2010-2014     47     0.001398     0.002600     0.002010 
2010-2014     48     0.001611     0.003500     0.002574 
2010-2014     49     0.001923     0.003574     0.002763 
2010-2014     50     0.001914     0.004286     0.003122 
2010-2014     51     0.002141     0.004806     0.003500 
2010-2014     52     0.002470     0.005742     0.004136 
2010-2014     53     0.002708     0.006033     0.004397 
2010-2014     54     0.002612     0.006224     0.004452 
2010-2014     55     0.003149     0.007563     0.005395 
2010-2014     56     0.003706     0.007647     0.005709 
2010-2014     57     0.004461     0.009488     0.007020 
2010-2014     58     0.004344     0.010048     0.007243 
2010-2014     59     0.004681     0.011136     0.007949 
2010-2014     60     0.004791     0.012386     0.008622 
2010-2014     61     0.006038     0.012859     0.009454 
2010-2014     62     0.005996     0.013248     0.009597 
2010-2014     63     0.006046     0.014251     0.010080 
2010-2014     64     0.006861     0.016110     0.011356 
2010-2014     65     0.007223     0.016378     0.011619 
2010-2014     66     0.007766     0.018732     0.012963 
2010-2014     67     0.008466     0.020057     0.013883 
2010-2014     68     0.009914     0.020669     0.014885 
2010-2014     69     0.010808     0.023505     0.016635 
2010-2014     70     0.011841     0.025563     0.018070 
2010-2014     71     0.012425     0.029420     0.020048 
2010-2014     72     0.013854     0.029311     0.020698 
2010-2014     73     0.015932     0.034819     0.024161 
2010-2014     74     0.018341     0.036959     0.026293 
2010-2014     75     0.019932     0.041108     0.028770 
2010-2014     76     0.025199     0.046323     0.033770 
2010-2014     77     0.027316     0.047643     0.035318 
2010-2014     78     0.032431     0.056127     0.041452 
2010-2014     79     0.038017     0.063547     0.047408 
2010-2014     80     0.042641     0.072404     0.053240 
2010-2014     81     0.049658     0.082505     0.060973 
2010-2014     82     0.056581     0.087054     0.066700 
2010-2014     83     0.063211     0.104758     0.076345 
2010-2014     84     0.075666     0.106344     0.084763 
2010-2014     85     0.085214     0.120203     0.094975 
2010-2014     86     0.097919     0.135584     0.107817 
2010-2014     87     0.115482     0.155473     0.125331 
2010-2014     88     0.132324     0.162131     0.139317 
2010-2014     89     0.150983     0.176070     0.156661 
2010-2014     90     0.164419     0.208849     0.174091 
2010-2014     91     0.187692     0.249780     0.200445 
2010-2014     92     0.219948     0.273206     0.230336 
2010-2014     93     0.224933     0.259163     0.231483 
2010-2014     94     0.238617     0.315001     0.252768 
2010-2014     95     0.262468     0.339579     0.275977 
2010-2014     96     0.309700     0.364688     0.318823 
2010-2014     97     0.335469     0.388130     0.344085 
2010-2014     98     0.398641     0.413273     0.401025 
2010-2014     99     0.389649     0.560381     0.415960 
2010-2014    100     0.404374     0.440861     0.409478 
2010-2014    101     0.425379     0.472120     0.431650 
2010-2014    102     0.456585     0.547420     0.467958 
2010-2014    103     0.503107     0.727110     0.527042 
2010-2014    104     0.561855     1.203125     0.606634 
2010-2014    105     0.649067     1.542056     0.677953 
2010-2014    106     0.825133     6.000000     0.851558 
2010-2014    107     1.334780            .     1.334780 
2010-2014    108     3.383886            .     3.383886 
2010-2014    109            .            .            . 
2010-2014    110+           .            .            . 
