Taiwan, Death rates (period 1x10)     Last modified: 13-Jul-2016, MPv5 (May07)

   Year      Age       Female       Male         Total
1970-1979      0     0.012399     0.014449     0.013458 
1970-1979      1     0.003354     0.003677     0.003520 
1970-1979      2     0.001825     0.002125     0.001979 
1970-1979      3     0.001114     0.001327     0.001224 
1970-1979      4     0.000774     0.000923     0.000851 
1970-1979      5     0.000592     0.000774     0.000685 
1970-1979      6     0.000490     0.000681     0.000588 
1970-1979      7     0.000398     0.000633     0.000519 
1970-1979      8     0.000339     0.000592     0.000469 
1970-1979      9     0.000299     0.000541     0.000424 
1970-1979     10     0.000297     0.000536     0.000420 
1970-1979     11     0.000310     0.000513     0.000415 
1970-1979     12     0.000366     0.000539     0.000455 
1970-1979     13     0.000390     0.000593     0.000494 
1970-1979     14     0.000437     0.000675     0.000559 
1970-1979     15     0.000529     0.000855     0.000696 
1970-1979     16     0.000592     0.001078     0.000842 
1970-1979     17     0.000643     0.001277     0.000968 
1970-1979     18     0.000711     0.001517     0.001124 
1970-1979     19     0.000734     0.001600     0.001177 
1970-1979     20     0.000782     0.001527     0.001163 
1970-1979     21     0.000801     0.001549     0.001183 
1970-1979     22     0.000821     0.001694     0.001267 
1970-1979     23     0.000843     0.001877     0.001372 
1970-1979     24     0.000898     0.001906     0.001414 
1970-1979     25     0.000896     0.001850     0.001384 
1970-1979     26     0.000903     0.001853     0.001389 
1970-1979     27     0.000899     0.001859     0.001389 
1970-1979     28     0.000970     0.001936     0.001463 
1970-1979     29     0.000971     0.001931     0.001461 
1970-1979     30     0.001059     0.001993     0.001535 
1970-1979     31     0.001173     0.002147     0.001670 
1970-1979     32     0.001273     0.002322     0.001807 
1970-1979     33     0.001331     0.002434     0.001892 
1970-1979     34     0.001430     0.002580     0.002014 
1970-1979     35     0.001511     0.002709     0.002120 
1970-1979     36     0.001600     0.002927     0.002278 
1970-1979     37     0.001734     0.002996     0.002384 
1970-1979     38     0.001800     0.003292     0.002575 
1970-1979     39     0.001988     0.003601     0.002837 
1970-1979     40     0.002174     0.003803     0.003045 
1970-1979     41     0.002342     0.004066     0.003279 
1970-1979     42     0.002554     0.004341     0.003540 
1970-1979     43     0.002748     0.004491     0.003727 
1970-1979     44     0.003101     0.004876     0.004116 
1970-1979     45     0.003131     0.005202     0.004334 
1970-1979     46     0.003466     0.005607     0.004725 
1970-1979     47     0.003769     0.006029     0.005107 
1970-1979     48     0.004151     0.006566     0.005588 
1970-1979     49     0.004511     0.007046     0.006025 
1970-1979     50     0.004849     0.007797     0.006614 
1970-1979     51     0.005547     0.008421     0.007265 
1970-1979     52     0.006057     0.009227     0.007943 
1970-1979     53     0.006568     0.010236     0.008736 
1970-1979     54     0.007168     0.011343     0.009620 
1970-1979     55     0.007683     0.012731     0.010627 
1970-1979     56     0.008332     0.013710     0.011451 
1970-1979     57     0.009180     0.014729     0.012385 
1970-1979     58     0.009994     0.016179     0.013540 
1970-1979     59     0.011152     0.017551     0.014776 
1970-1979     60     0.012017     0.019264     0.016082 
1970-1979     61     0.013173     0.021048     0.017544 
1970-1979     62     0.014720     0.024027     0.019836 
1970-1979     63     0.016218     0.026230     0.021659 
1970-1979     64     0.018356     0.029420     0.024301 
1970-1979     65     0.020391     0.032038     0.026562 
1970-1979     66     0.022396     0.035674     0.029322 
1970-1979     67     0.025441     0.039200     0.032451 
1970-1979     68     0.028270     0.042785     0.035515 
1970-1979     69     0.031458     0.047217     0.039221 
1970-1979     70     0.034823     0.051838     0.043073 
1970-1979     71     0.038530     0.056671     0.047163 
1970-1979     72     0.042445     0.062366     0.051757 
1970-1979     73     0.047868     0.067330     0.056824 
1970-1979     74     0.053574     0.074303     0.062965 
1970-1979     75     0.058169     0.080514     0.068055 
1970-1979     76     0.065462     0.088062     0.075200 
1970-1979     77     0.070191     0.095304     0.080665 
1970-1979     78     0.076974     0.105682     0.088559 
1970-1979     79     0.086046     0.115535     0.097636 
1970-1979     80     0.099758     0.125779     0.109943 
1970-1979     81     0.110190     0.138201     0.120875 
1970-1979     82     0.118259     0.144995     0.128213 
1970-1979     83     0.132667     0.151957     0.139681 
1970-1979     84     0.140784     0.171879     0.151783 
1970-1979     85     0.152188     0.174121     0.159718 
1970-1979     86     0.166917     0.185582     0.173175 
1970-1979     87     0.185039     0.205463     0.191740 
1970-1979     88     0.195309     0.209121     0.199728 
1970-1979     89     0.217842     0.230606     0.221818 
1970-1979     90     0.234384     0.236362     0.234987 
1970-1979     91     0.253219     0.261014     0.255557 
1970-1979     92     0.276445     0.244050     0.266859 
1970-1979     93     0.295614     0.249687     0.281991 
1970-1979     94     0.314092     0.282925     0.304876 
1970-1979     95     0.330204     0.275760     0.314334 
1970-1979     96     0.352605     0.286605     0.333601 
1970-1979     97     0.375888     0.298081     0.353808 
1970-1979     98     0.400889     0.311057     0.375670 
1970-1979     99     0.428283     0.327226     0.400180 
1970-1979    100     0.458888     0.347678     0.428448 
1970-1979    101     0.493901     0.378624     0.463169 
1970-1979    102     0.536268     0.416659     0.505942 
1970-1979    103     0.593978     0.475930     0.566395 
1970-1979    104     0.679553     0.569558     0.658146 
1970-1979    105     0.797580     0.845612     0.803757 
1970-1979    106     0.935143     1.494662     0.964853 
1970-1979    107     1.270553            .     1.270553 
1970-1979    108     3.352313            .     3.352313 
1970-1979    109            .            .            . 
1970-1979    110+           .            .            . 
1980-1989      0     0.007347     0.008442     0.007914 
1980-1989      1     0.001643     0.001884     0.001767 
1980-1989      2     0.000941     0.001177     0.001063 
1980-1989      3     0.000636     0.000837     0.000739 
1980-1989      4     0.000476     0.000672     0.000577 
1980-1989      5     0.000385     0.000560     0.000475 
1980-1989      6     0.000333     0.000509     0.000423 
1980-1989      7     0.000302     0.000506     0.000407 
1980-1989      8     0.000289     0.000517     0.000406 
1980-1989      9     0.000288     0.000454     0.000373 
1980-1989     10     0.000280     0.000440     0.000362 
1980-1989     11     0.000260     0.000440     0.000353 
1980-1989     12     0.000283     0.000456     0.000372 
1980-1989     13     0.000326     0.000493     0.000412 
1980-1989     14     0.000325     0.000577     0.000455 
1980-1989     15     0.000414     0.000848     0.000637 
1980-1989     16     0.000507     0.001154     0.000839 
1980-1989     17     0.000543     0.001416     0.000991 
1980-1989     18     0.000551     0.001728     0.001155 
1980-1989     19     0.000619     0.001703     0.001174 
1980-1989     20     0.000669     0.001439     0.001064 
1980-1989     21     0.000648     0.001395     0.001031 
1980-1989     22     0.000702     0.001607     0.001165 
1980-1989     23     0.000667     0.001781     0.001237 
1980-1989     24     0.000713     0.001736     0.001237 
1980-1989     25     0.000713     0.001687     0.001212 
1980-1989     26     0.000728     0.001753     0.001252 
1980-1989     27     0.000742     0.001692     0.001227 
1980-1989     28     0.000790     0.001695     0.001252 
1980-1989     29     0.000762     0.001779     0.001281 
1980-1989     30     0.000859     0.001789     0.001334 
1980-1989     31     0.000816     0.001931     0.001386 
1980-1989     32     0.000920     0.002021     0.001483 
1980-1989     33     0.000930     0.002082     0.001519 
1980-1989     34     0.001018     0.002209     0.001627 
1980-1989     35     0.001097     0.002419     0.001774 
1980-1989     36     0.001207     0.002557     0.001898 
1980-1989     37     0.001281     0.002790     0.002054 
1980-1989     38     0.001326     0.002971     0.002169 
1980-1989     39     0.001565     0.003181     0.002393 
1980-1989     40     0.001519     0.003457     0.002510 
1980-1989     41     0.001702     0.003769     0.002758 
1980-1989     42     0.001914     0.004135     0.003047 
1980-1989     43     0.002056     0.004398     0.003249 
1980-1989     44     0.002253     0.004694     0.003496 
1980-1989     45     0.002502     0.005145     0.003849 
1980-1989     46     0.002747     0.005615     0.004211 
1980-1989     47     0.003091     0.005929     0.004546 
1980-1989     48     0.003389     0.006355     0.004922 
1980-1989     49     0.003652     0.006873     0.005337 
1980-1989     50     0.004010     0.007288     0.005754 
1980-1989     51     0.004338     0.007827     0.006223 
1980-1989     52     0.004790     0.008388     0.006767 
1980-1989     53     0.005128     0.009002     0.007290 
1980-1989     54     0.005655     0.009706     0.007951 
1980-1989     55     0.006204     0.010322     0.008572 
1980-1989     56     0.006737     0.011386     0.009439 
1980-1989     57     0.007388     0.012087     0.010139 
1980-1989     58     0.008144     0.012924     0.010954 
1980-1989     59     0.009155     0.014628     0.012376 
1980-1989     60     0.009850     0.016017     0.013472 
1980-1989     61     0.011103     0.017377     0.014774 
1980-1989     62     0.012516     0.019121     0.016356 
1980-1989     63     0.013604     0.020758     0.017732 
1980-1989     64     0.015101     0.023136     0.019692 
1980-1989     65     0.016840     0.025757     0.021883 
1980-1989     66     0.018975     0.028307     0.024204 
1980-1989     67     0.021063     0.030732     0.026446 
1980-1989     68     0.024166     0.034262     0.029733 
1980-1989     69     0.026736     0.037427     0.032546 
1980-1989     70     0.029322     0.040870     0.035499 
1980-1989     71     0.032416     0.044879     0.038988 
1980-1989     72     0.035677     0.049485     0.042855 
1980-1989     73     0.040851     0.054784     0.047964 
1980-1989     74     0.044296     0.060572     0.052459 
1980-1989     75     0.050367     0.065540     0.057816 
1980-1989     76     0.055817     0.072238     0.063694 
1980-1989     77     0.061483     0.080837     0.070522 
1980-1989     78     0.068876     0.086865     0.077069 
1980-1989     79     0.073965     0.094282     0.083037 
1980-1989     80     0.088581     0.109728     0.097679 
1980-1989     81     0.097103     0.120797     0.107082 
1980-1989     82     0.106811     0.135314     0.118520 
1980-1989     83     0.116802     0.143631     0.127545 
1980-1989     84     0.128511     0.150275     0.137027 
1980-1989     85     0.140153     0.162252     0.148601 
1980-1989     86     0.158450     0.182980     0.167582 
1980-1989     87     0.169753     0.193499     0.178348 
1980-1989     88     0.180094     0.207944     0.189918 
1980-1989     89     0.200768     0.217611     0.206587 
1980-1989     90     0.208080     0.227809     0.214771 
1980-1989     91     0.225859     0.237652     0.229794 
1980-1989     92     0.244845     0.260027     0.249854 
1980-1989     93     0.270974     0.256232     0.266142 
1980-1989     94     0.281293     0.243407     0.268713 
1980-1989     95     0.320473     0.335365     0.325495 
1980-1989     96     0.345136     0.357344     0.349264 
1980-1989     97     0.371042     0.381072     0.374464 
1980-1989     98     0.398700     0.406876     0.401512 
1980-1989     99     0.428273     0.434105     0.430296 
1980-1989    100     0.459860     0.463843     0.461265 
1980-1989    101     0.495716     0.500301     0.497368 
1980-1989    102     0.538423     0.546860     0.541522 
1980-1989    103     0.594196     0.612622     0.601088 
1980-1989    104     0.679643     0.724231     0.696541 
1980-1989    105     0.847579     0.962721     0.891148 
1980-1989    106     1.359690     1.750367     1.494673 
1980-1989    107     4.022573     6.000000     4.347170 
1980-1989    108            .            .            . 
1980-1989    109            .            .            . 
1980-1989    110+           .            .            . 
1990-1999      0     0.005849     0.006892     0.006393 
1990-1999      1     0.000962     0.001069     0.001018 
1990-1999      2     0.000618     0.000743     0.000683 
1990-1999      3     0.000419     0.000565     0.000495 
1990-1999      4     0.000333     0.000443     0.000390 
1990-1999      5     0.000302     0.000343     0.000324 
1990-1999      6     0.000261     0.000335     0.000300 
1990-1999      7     0.000255     0.000328     0.000293 
1990-1999      8     0.000243     0.000330     0.000288 
1990-1999      9     0.000206     0.000330     0.000270 
1990-1999     10     0.000216     0.000308     0.000264 
1990-1999     11     0.000217     0.000312     0.000266 
1990-1999     12     0.000239     0.000329     0.000285 
1990-1999     13     0.000305     0.000396     0.000352 
1990-1999     14     0.000327     0.000572     0.000454 
1990-1999     15     0.000427     0.000841     0.000640 
1990-1999     16     0.000451     0.001181     0.000826 
1990-1999     17     0.000464     0.001286     0.000886 
1990-1999     18     0.000536     0.001529     0.001045 
1990-1999     19     0.000521     0.001394     0.000968 
1990-1999     20     0.000531     0.001207     0.000877 
1990-1999     21     0.000543     0.001232     0.000895 
1990-1999     22     0.000567     0.001424     0.001006 
1990-1999     23     0.000554     0.001539     0.001058 
1990-1999     24     0.000558     0.001509     0.001045 
1990-1999     25     0.000585     0.001505     0.001056 
1990-1999     26     0.000621     0.001560     0.001102 
1990-1999     27     0.000624     0.001613     0.001130 
1990-1999     28     0.000671     0.001679     0.001186 
1990-1999     29     0.000697     0.001759     0.001240 
1990-1999     30     0.000722     0.001838     0.001293 
1990-1999     31     0.000759     0.001938     0.001361 
1990-1999     32     0.000773     0.002055     0.001427 
1990-1999     33     0.000840     0.002109     0.001487 
1990-1999     34     0.000915     0.002298     0.001620 
1990-1999     35     0.000976     0.002430     0.001717 
1990-1999     36     0.000975     0.002621     0.001814 
1990-1999     37     0.001117     0.002744     0.001945 
1990-1999     38     0.001194     0.002976     0.002101 
1990-1999     39     0.001299     0.003104     0.002218 
1990-1999     40     0.001327     0.003415     0.002389 
1990-1999     41     0.001454     0.003563     0.002527 
1990-1999     42     0.001588     0.003896     0.002762 
1990-1999     43     0.001689     0.004249     0.002991 
1990-1999     44     0.001863     0.004339     0.003121 
1990-1999     45     0.002055     0.004673     0.003385 
1990-1999     46     0.002169     0.005227     0.003722 
1990-1999     47     0.002443     0.005368     0.003926 
1990-1999     48     0.002609     0.005854     0.004254 
1990-1999     49     0.002902     0.006464     0.004704 
1990-1999     50     0.003160     0.006867     0.005033 
1990-1999     51     0.003507     0.007538     0.005537 
1990-1999     52     0.003688     0.007954     0.005832 
1990-1999     53     0.004165     0.008639     0.006408 
1990-1999     54     0.004477     0.009320     0.006900 
1990-1999     55     0.005074     0.010043     0.007557 
1990-1999     56     0.005372     0.010848     0.008108 
1990-1999     57     0.005977     0.011787     0.008890 
1990-1999     58     0.006546     0.012655     0.009630 
1990-1999     59     0.007093     0.013581     0.010405 
1990-1999     60     0.008058     0.015130     0.011722 
1990-1999     61     0.008977     0.015759     0.012543 
1990-1999     62     0.009802     0.017289     0.013800 
1990-1999     63     0.010750     0.018943     0.015195 
1990-1999     64     0.011976     0.020279     0.016549 
1990-1999     65     0.013365     0.021706     0.018017 
1990-1999     66     0.014930     0.023603     0.019817 
1990-1999     67     0.016496     0.025761     0.021753 
1990-1999     68     0.018450     0.027951     0.023858 
1990-1999     69     0.020369     0.030513     0.026141 
1990-1999     70     0.022550     0.033678     0.028859 
1990-1999     71     0.025571     0.036803     0.031898 
1990-1999     72     0.028682     0.040304     0.035171 
1990-1999     73     0.032521     0.044108     0.038918 
1990-1999     74     0.035824     0.049096     0.043061 
1990-1999     75     0.040508     0.054455     0.048007 
1990-1999     76     0.045597     0.059414     0.052929 
1990-1999     77     0.050724     0.065790     0.058622 
1990-1999     78     0.056637     0.071937     0.064530 
1990-1999     79     0.063552     0.079354     0.071557 
1990-1999     80     0.072998     0.094760     0.083530 
1990-1999     81     0.079712     0.102404     0.090445 
1990-1999     82     0.088757     0.112882     0.099899 
1990-1999     83     0.098842     0.124476     0.110387 
1990-1999     84     0.110220     0.136848     0.121898 
1990-1999     85     0.122386     0.147900     0.133268 
1990-1999     86     0.135500     0.162001     0.146479 
1990-1999     87     0.148215     0.171620     0.157606 
1990-1999     88     0.165177     0.194456     0.176546 
1990-1999     89     0.175029     0.203658     0.185823 
1990-1999     90     0.198029     0.219045     0.205763 
1990-1999     91     0.212587     0.240567     0.222626 
1990-1999     92     0.222499     0.260012     0.235552 
1990-1999     93     0.243596     0.273360     0.253649 
1990-1999     94     0.268719     0.289539     0.275580 
1990-1999     95     0.286438     0.308901     0.293673 
1990-1999     96     0.310050     0.333216     0.317356 
1990-1999     97     0.326284     0.354677     0.335037 
1990-1999     98     0.349138     0.392653     0.362241 
1990-1999     99     0.363883     0.418839     0.380052 
1990-1999    100     0.398863     0.444884     0.412020 
1990-1999    101     0.427472     0.484774     0.443355 
1990-1999    102     0.461859     0.537113     0.482149 
1990-1999    103     0.502110     0.615879     0.531401 
1990-1999    104     0.560621     0.785854     0.612909 
1990-1999    105     0.669203     1.367707     0.790082 
1990-1999    106     0.947876     2.076000     1.024629 
1990-1999    107     1.536096            .     1.536096 
1990-1999    108     6.000000            .     6.000000 
1990-1999    109            .            .            . 
1990-1999    110+           .            .            . 
2000-2009      0     0.005314     0.006095     0.005722 
2000-2009      1     0.000569     0.000669     0.000621 
2000-2009      2     0.000396     0.000451     0.000425 
2000-2009      3     0.000278     0.000331     0.000306 
2000-2009      4     0.000225     0.000282     0.000255 
2000-2009      5     0.000188     0.000210     0.000200 
2000-2009      6     0.000181     0.000212     0.000197 
2000-2009      7     0.000158     0.000219     0.000189 
2000-2009      8     0.000150     0.000164     0.000157 
2000-2009      9     0.000128     0.000178     0.000154 
2000-2009     10     0.000124     0.000193     0.000160 
2000-2009     11     0.000146     0.000176     0.000162 
2000-2009     12     0.000139     0.000208     0.000175 
2000-2009     13     0.000168     0.000203     0.000186 
2000-2009     14     0.000185     0.000241     0.000214 
2000-2009     15     0.000227     0.000413     0.000324 
2000-2009     16     0.000273     0.000548     0.000416 
2000-2009     17     0.000297     0.000663     0.000486 
2000-2009     18     0.000374     0.000914     0.000653 
2000-2009     19     0.000395     0.000875     0.000642 
2000-2009     20     0.000393     0.000827     0.000616 
2000-2009     21     0.000408     0.000848     0.000634 
2000-2009     22     0.000390     0.000890     0.000646 
2000-2009     23     0.000398     0.000955     0.000683 
2000-2009     24     0.000418     0.001016     0.000724 
2000-2009     25     0.000441     0.001042     0.000747 
2000-2009     26     0.000462     0.001115     0.000794 
2000-2009     27     0.000483     0.001197     0.000845 
2000-2009     28     0.000522     0.001246     0.000889 
2000-2009     29     0.000512     0.001345     0.000934 
2000-2009     30     0.000541     0.001487     0.001019 
2000-2009     31     0.000603     0.001576     0.001094 
2000-2009     32     0.000691     0.001643     0.001172 
2000-2009     33     0.000647     0.001861     0.001260 
2000-2009     34     0.000720     0.002068     0.001400 
2000-2009     35     0.000751     0.002116     0.001440 
2000-2009     36     0.000800     0.002339     0.001577 
2000-2009     37     0.000914     0.002547     0.001740 
2000-2009     38     0.000944     0.002832     0.001899 
2000-2009     39     0.001043     0.002986     0.002026 
2000-2009     40     0.001151     0.003089     0.002132 
2000-2009     41     0.001205     0.003463     0.002347 
2000-2009     42     0.001316     0.003753     0.002548 
2000-2009     43     0.001439     0.004002     0.002733 
2000-2009     44     0.001538     0.004245     0.002904 
2000-2009     45     0.001656     0.004548     0.003114 
2000-2009     46     0.001801     0.004746     0.003284 
2000-2009     47     0.001961     0.005152     0.003566 
2000-2009     48     0.002029     0.005425     0.003735 
2000-2009     49     0.002296     0.005718     0.004012 
2000-2009     50     0.002474     0.006077     0.004278 
2000-2009     51     0.002807     0.006578     0.004694 
2000-2009     52     0.002908     0.007166     0.005035 
2000-2009     53     0.003209     0.007543     0.005371 
2000-2009     54     0.003410     0.007962     0.005677 
2000-2009     55     0.003837     0.008580     0.006194 
2000-2009     56     0.004121     0.009158     0.006619 
2000-2009     57     0.004558     0.010043     0.007273 
2000-2009     58     0.005032     0.010814     0.007887 
2000-2009     59     0.005572     0.011760     0.008619 
2000-2009     60     0.006097     0.012856     0.009412 
2000-2009     61     0.006792     0.013559     0.010097 
2000-2009     62     0.007427     0.014780     0.011003 
2000-2009     63     0.008252     0.016041     0.012024 
2000-2009     64     0.009075     0.017429     0.013107 
2000-2009     65     0.010216     0.018507     0.014205 
2000-2009     66     0.011264     0.020270     0.015592 
2000-2009     67     0.012195     0.022197     0.017011 
2000-2009     68     0.013708     0.024313     0.018842 
2000-2009     69     0.015493     0.026524     0.020888 
2000-2009     70     0.017312     0.028575     0.022897 
2000-2009     71     0.019331     0.031840     0.025624 
2000-2009     72     0.021485     0.034413     0.028086 
2000-2009     73     0.023680     0.037207     0.030686 
2000-2009     74     0.026500     0.040569     0.033888 
2000-2009     75     0.029196     0.044564     0.037361 
2000-2009     76     0.032620     0.048458     0.041095 
2000-2009     77     0.036085     0.053259     0.045305 
2000-2009     78     0.040379     0.058424     0.050058 
2000-2009     79     0.046239     0.063773     0.055594 
2000-2009     80     0.051936     0.072108     0.062490 
2000-2009     81     0.057686     0.078561     0.068461 
2000-2009     82     0.065494     0.087448     0.076643 
2000-2009     83     0.073284     0.095889     0.084545 
2000-2009     84     0.082364     0.106408     0.094083 
2000-2009     85     0.093122     0.116655     0.104338 
2000-2009     86     0.101644     0.124929     0.112513 
2000-2009     87     0.115545     0.139258     0.126392 
2000-2009     88     0.131449     0.153540     0.141334 
2000-2009     89     0.144385     0.164191     0.153027 
2000-2009     90     0.159102     0.178255     0.167241 
2000-2009     91     0.178591     0.194372     0.185137 
2000-2009     92     0.193278     0.207226     0.198933 
2000-2009     93     0.214039     0.229362     0.220102 
2000-2009     94     0.232445     0.242381     0.236280 
2000-2009     95     0.259127     0.256786     0.258243 
2000-2009     96     0.273081     0.265445     0.270261 
2000-2009     97     0.297297     0.296513     0.297016 
2000-2009     98     0.314061     0.286344     0.304450 
2000-2009     99     0.322063     0.295670     0.313084 
2000-2009    100     0.376704     0.354021     0.369076 
2000-2009    101     0.402193     0.376048     0.393559 
2000-2009    102     0.429002     0.400804     0.419923 
2000-2009    103     0.457972     0.431522     0.449700 
2000-2009    104     0.489809     0.474005     0.485045 
2000-2009    105     0.530418     0.548148     0.535440 
2000-2009    106     0.593268     0.705882     0.621221 
2000-2009    107     0.721594     0.921029     0.759092 
2000-2009    108     1.081524     1.741573     1.146603 
2000-2009    109     2.203730            .     2.203730 
2000-2009    110+           .            .            . 
2010-2014      0     0.003898     0.004755     0.004343 
2010-2014      1     0.000341     0.000414     0.000379 
2010-2014      2     0.000277     0.000241     0.000258 
2010-2014      3     0.000180     0.000228     0.000205 
2010-2014      4     0.000168     0.000175     0.000172 
2010-2014      5     0.000124     0.000147     0.000136 
2010-2014      6     0.000147     0.000156     0.000152 
2010-2014      7     0.000135     0.000165     0.000151 
2010-2014      8     0.000124     0.000143     0.000134 
2010-2014      9     0.000139     0.000138     0.000138 
2010-2014     10     0.000107     0.000138     0.000123 
2010-2014     11     0.000101     0.000147     0.000125 
2010-2014     12     0.000136     0.000156     0.000147 
2010-2014     13     0.000134     0.000197     0.000167 
2010-2014     14     0.000138     0.000203     0.000172 
2010-2014     15     0.000194     0.000284     0.000240 
2010-2014     16     0.000177     0.000365     0.000275 
2010-2014     17     0.000179     0.000378     0.000283 
2010-2014     18     0.000272     0.000711     0.000500 
2010-2014     19     0.000279     0.000666     0.000481 
2010-2014     20     0.000275     0.000644     0.000467 
2010-2014     21     0.000275     0.000615     0.000452 
2010-2014     22     0.000268     0.000662     0.000473 
2010-2014     23     0.000304     0.000663     0.000490 
2010-2014     24     0.000306     0.000669     0.000493 
2010-2014     25     0.000290     0.000738     0.000520 
2010-2014     26     0.000330     0.000708     0.000523 
2010-2014     27     0.000402     0.000845     0.000627 
2010-2014     28     0.000447     0.000878     0.000664 
2010-2014     29     0.000420     0.000986     0.000704 
2010-2014     30     0.000481     0.001058     0.000770 
2010-2014     31     0.000482     0.001189     0.000835 
2010-2014     32     0.000602     0.001339     0.000969 
2010-2014     33     0.000563     0.001478     0.001018 
2010-2014     34     0.000599     0.001489     0.001041 
2010-2014     35     0.000609     0.001794     0.001197 
2010-2014     36     0.000713     0.001972     0.001337 
2010-2014     37     0.000760     0.002159     0.001454 
2010-2014     38     0.000861     0.002368     0.001607 
2010-2014     39     0.000891     0.002676     0.001776 
2010-2014     40     0.000975     0.002766     0.001864 
2010-2014     41     0.001070     0.003189     0.002124 
2010-2014     42     0.001100     0.003356     0.002224 
2010-2014     43     0.001233     0.003641     0.002435 
2010-2014     44     0.001322     0.003920     0.002619 
2010-2014     45     0.001530     0.004135     0.002831 
2010-2014     46     0.001617     0.004676     0.003145 
2010-2014     47     0.001669     0.004796     0.003229 
2010-2014     48     0.001847     0.005316     0.003577 
2010-2014     49     0.002071     0.005510     0.003785 
2010-2014     50     0.002148     0.005764     0.003948 
2010-2014     51     0.002436     0.006122     0.004268 
2010-2014     52     0.002552     0.006555     0.004538 
2010-2014     53     0.002834     0.006972     0.004883 
2010-2014     54     0.003024     0.007369     0.005171 
2010-2014     55     0.003128     0.007778     0.005421 
2010-2014     56     0.003422     0.008362     0.005853 
2010-2014     57     0.003785     0.008836     0.006267 
2010-2014     58     0.004022     0.009504     0.006711 
2010-2014     59     0.004483     0.010107     0.007235 
2010-2014     60     0.004895     0.010895     0.007824 
2010-2014     61     0.005353     0.011683     0.008437 
2010-2014     62     0.005928     0.012403     0.009076 
2010-2014     63     0.006415     0.013572     0.009886 
2010-2014     64     0.007055     0.014856     0.010826 
2010-2014     65     0.007563     0.016017     0.011633 
2010-2014     66     0.008618     0.017259     0.012762 
2010-2014     67     0.009693     0.019048     0.014159 
2010-2014     68     0.010589     0.020096     0.015104 
2010-2014     69     0.012087     0.022740     0.017120 
2010-2014     70     0.013546     0.024539     0.018702 
2010-2014     71     0.015010     0.026301     0.020261 
2010-2014     72     0.017050     0.029933     0.022993 
2010-2014     73     0.018524     0.032955     0.025123 
2010-2014     74     0.021016     0.035790     0.027719 
2010-2014     75     0.024583     0.039563     0.031353 
2010-2014     76     0.026500     0.044192     0.034496 
2010-2014     77     0.030694     0.048799     0.038935 
2010-2014     78     0.034252     0.054344     0.043532 
2010-2014     79     0.038144     0.060008     0.048462 
2010-2014     80     0.044046     0.064152     0.053794 
2010-2014     81     0.048315     0.071312     0.059689 
2010-2014     82     0.055781     0.078913     0.067383 
2010-2014     83     0.061739     0.086473     0.074241 
2010-2014     84     0.070928     0.096343     0.083788 
2010-2014     85     0.078065     0.105765     0.091981 
2010-2014     86     0.089007     0.114812     0.101792 
2010-2014     87     0.099573     0.126768     0.112809 
2010-2014     88     0.111547     0.140090     0.125143 
2010-2014     89     0.125988     0.148954     0.136681 
2010-2014     90     0.141160     0.162478     0.150886 
2010-2014     91     0.158248     0.178374     0.167268 
2010-2014     92     0.174125     0.193705     0.182746 
2010-2014     93     0.194009     0.209243     0.200602 
2010-2014     94     0.210174     0.220118     0.214410 
2010-2014     95     0.239360     0.236271     0.238060 
2010-2014     96     0.252680     0.241302     0.247900 
2010-2014     97     0.271601     0.256733     0.265320 
2010-2014     98     0.287774     0.265098     0.278128 
2010-2014     99     0.329891     0.264520     0.301774 
2010-2014    100     0.355037     0.305951     0.333667 
2010-2014    101     0.382320     0.322756     0.356302 
2010-2014    102     0.412028     0.344886     0.382767 
2010-2014    103     0.447468     0.372596     0.415021 
2010-2014    104     0.486184     0.406917     0.451652 
2010-2014    105     0.529540     0.447421     0.493230 
2010-2014    106     0.585485     0.500098     0.547453 
2010-2014    107     0.669323     0.587332     0.632980 
2010-2014    108     0.827980     0.779547     0.807109 
2010-2014    109     1.259455     1.267847     1.262799 
2010-2014    110+    3.870307     2.660870     3.338432 
