The United States of America, Death rates (period 1x10), 	Last modified: 16 Feb 2017, MPv5 (May07)

  Year          Age             Female            Male           Total
1933-1939        0             0.053459        0.068025        0.060876
1933-1939        1             0.008044        0.009144        0.008601
1933-1939        2             0.003700        0.004297        0.004002
1933-1939        3             0.002567        0.002987        0.002780
1933-1939        4             0.002041        0.002334        0.002189
1933-1939        5             0.001689        0.001951        0.001822
1933-1939        6             0.001484        0.001771        0.001630
1933-1939        7             0.001313        0.001621        0.001470
1933-1939        8             0.001178        0.001500        0.001342
1933-1939        9             0.001076        0.001407        0.001244
1933-1939       10             0.001009        0.001344        0.001179
1933-1939       11             0.000995        0.001335        0.001167
1933-1939       12             0.001040        0.001388        0.001216
1933-1939       13             0.001145        0.001506        0.001327
1933-1939       14             0.001308        0.001688        0.001499
1933-1939       15             0.001520        0.001925        0.001723
1933-1939       16             0.001737        0.002168        0.001953
1933-1939       17             0.001949        0.002405        0.002177
1933-1939       18             0.002154        0.002632        0.002392
1933-1939       19             0.002347        0.002844        0.002594
1933-1939       20             0.002527        0.003035        0.002779
1933-1939       21             0.002688        0.003197        0.002939
1933-1939       22             0.002828        0.003327        0.003074
1933-1939       23             0.002950        0.003429        0.003186
1933-1939       24             0.003055        0.003505        0.003277
1933-1939       25             0.003146        0.003563        0.003351
1933-1939       26             0.003230        0.003629        0.003427
1933-1939       27             0.003308        0.003710        0.003506
1933-1939       28             0.003378        0.003805        0.003588
1933-1939       29             0.003435        0.003911        0.003670
1933-1939       30             0.003487        0.004034        0.003757
1933-1939       31             0.003569        0.004192        0.003878
1933-1939       32             0.003693        0.004392        0.004040
1933-1939       33             0.003862        0.004638        0.004247
1933-1939       34             0.004080        0.004933        0.004504
1933-1939       35             0.004339        0.005268        0.004802
1933-1939       36             0.004593        0.005616        0.005104
1933-1939       37             0.004827        0.005966        0.005397
1933-1939       38             0.005036        0.006311        0.005676
1933-1939       39             0.005219        0.006654        0.005942
1933-1939       40             0.005389        0.007002        0.006203
1933-1939       41             0.005587        0.007382        0.006496
1933-1939       42             0.005834        0.007814        0.006840
1933-1939       43             0.006141        0.008310        0.007246
1933-1939       44             0.006515        0.008879        0.007723
1933-1939       45             0.006957        0.009524        0.008274
1933-1939       46             0.007458        0.010237        0.008888
1933-1939       47             0.008013        0.011014        0.009562
1933-1939       48             0.008623        0.011860        0.010298
1933-1939       49             0.009291        0.012783        0.011101
1933-1939       50             0.010012        0.013783        0.011969
1933-1939       51             0.010746        0.014810        0.012856
1933-1939       52             0.011481        0.015852        0.013751
1933-1939       53             0.012211        0.016900        0.014645
1933-1939       54             0.012926        0.017939        0.015526
1933-1939       55             0.013644        0.018984        0.016411
1933-1939       56             0.014479        0.020152        0.017414
1933-1939       57             0.015475        0.021490        0.018581
1933-1939       58             0.016661        0.023031        0.019943
1933-1939       59             0.018071        0.024813        0.021536
1933-1939       60             0.019704        0.026831        0.023358
1933-1939       61             0.021483        0.029013        0.025334
1933-1939       62             0.023393        0.031333        0.027444
1933-1939       63             0.025453        0.033812        0.029708
1933-1939       64             0.027697        0.036492        0.032164
1933-1939       65             0.030165        0.039410        0.034851
1933-1939       66             0.032854        0.042537        0.037752
1933-1939       67             0.035811        0.045915        0.040912
1933-1939       68             0.039067        0.049585        0.044364
1933-1939       69             0.042653        0.053562        0.048133
1933-1939       70             0.046609        0.057909        0.052268
1933-1939       71             0.051014        0.062778        0.056885
1933-1939       72             0.055934        0.068256        0.062060
1933-1939       73             0.061436        0.074402        0.067855
1933-1939       74             0.067585        0.081273        0.074332
1933-1939       75             0.072962        0.087294        0.079989
1933-1939       76             0.079915        0.095118        0.087329
1933-1939       77             0.087354        0.103472        0.095169
1933-1939       78             0.095432        0.112456        0.103633
1933-1939       79             0.104089        0.121902        0.112610
1933-1939       80             0.108619        0.129603        0.118442
1933-1939       81             0.118267        0.140186        0.128435
1933-1939       82             0.129036        0.152127        0.139638
1933-1939       83             0.140900        0.165327        0.151989
1933-1939       84             0.153628        0.179432        0.165197
1933-1939       85             0.166992        0.194093        0.178978
1933-1939       86             0.181236        0.209457        0.193540
1933-1939       87             0.196519        0.225641        0.209028
1933-1939       88             0.212475        0.242193        0.225044
1933-1939       89             0.228173        0.258172        0.240656
1933-1939       90             0.242471        0.272215        0.254638
1933-1939       91             0.255373        0.282956        0.266462
1933-1939       92             0.266748        0.289420        0.275713
1933-1939       93             0.275877        0.290875        0.281725
1933-1939       94             0.283176        0.291198        0.286270
1933-1939       95             0.290808        0.299330        0.294061
1933-1939       96             0.292834        0.304441        0.297208
1933-1939       97             0.287665        0.301795        0.292904
1933-1939       98             0.280608        0.293911        0.285465
1933-1939       99             0.289057        0.298533        0.292477
1933-1939      100             0.379733        0.395663        0.385406
1933-1939      101             0.396559        0.412948        0.402297
1933-1939      102             0.413837        0.430981        0.419748
1933-1939      103             0.431024        0.449576        0.437331
1933-1939      104             0.447719        0.468128        0.454559
1933-1939      105             0.465511        0.486719        0.472509
1933-1939      106             0.485444        0.507945        0.492754
1933-1939      107             0.507099        0.532550        0.515256
1933-1939      108             0.529107        0.567521        0.541123
1933-1939      109             0.551919        0.635831        0.576658
1933-1939      110+            0.637416        0.865093        0.690880
1940-1949        0             0.037231        0.047747        0.042612
1940-1949        1             0.003511        0.003980        0.003750
1940-1949        2             0.001779        0.002155        0.001970
1940-1949        3             0.001308        0.001582        0.001447
1940-1949        4             0.001062        0.001278        0.001172
1940-1949        5             0.000913        0.001150        0.001033
1940-1949        6             0.000809        0.001075        0.000944
1940-1949        7             0.000727        0.001016        0.000874
1940-1949        8             0.000663        0.000967        0.000817
1940-1949        9             0.000619        0.000926        0.000775
1940-1949       10             0.000585        0.000875        0.000733
1940-1949       11             0.000593        0.000886        0.000742
1940-1949       12             0.000633        0.000939        0.000789
1940-1949       13             0.000702        0.001034        0.000871
1940-1949       14             0.000800        0.001170        0.000988
1940-1949       15             0.000923        0.001352        0.001139
1940-1949       16             0.001047        0.001535        0.001292
1940-1949       17             0.001162        0.001712        0.001438
1940-1949       18             0.001274        0.002143        0.001681
1940-1949       19             0.001385        0.002401        0.001853
1940-1949       20             0.001495        0.002595        0.002003
1940-1949       21             0.001578        0.002713        0.002103
1940-1949       22             0.001646        0.002777        0.002170
1940-1949       23             0.001696        0.002785        0.002203
1940-1949       24             0.001730        0.002740        0.002203
1940-1949       25             0.001744        0.002653        0.002170
1940-1949       26             0.001783        0.002614        0.002174
1940-1949       27             0.001840        0.002616        0.002206
1940-1949       28             0.001913        0.002658        0.002266
1940-1949       29             0.002001        0.002734        0.002349
1940-1949       30             0.002118        0.002858        0.002472
1940-1949       31             0.002236        0.002990        0.002597
1940-1949       32             0.002363        0.003144        0.002739
1940-1949       33             0.002502        0.003320        0.002897
1940-1949       34             0.002654        0.003526        0.003076
1940-1949       35             0.002802        0.003743        0.003258
1940-1949       36             0.002971        0.003988        0.003465
1940-1949       37             0.003154        0.004264        0.003695
1940-1949       38             0.003350        0.004569        0.003946
1940-1949       39             0.003559        0.004903        0.004219
1940-1949       40             0.003803        0.005281        0.004533
1940-1949       41             0.004073        0.005707        0.004884
1940-1949       42             0.004365        0.006177        0.005267
1940-1949       43             0.004677        0.006689        0.005682
1940-1949       44             0.005009        0.007244        0.006128
1940-1949       45             0.005347        0.007832        0.006592
1940-1949       46             0.005730        0.008500        0.007120
1940-1949       47             0.006151        0.009240        0.007704
1940-1949       48             0.006621        0.010063        0.008356
1940-1949       49             0.007152        0.010986        0.009089
1940-1949       50             0.007784        0.012059        0.009951
1940-1949       51             0.008442        0.013197        0.010856
1940-1949       52             0.009124        0.014371        0.011792
1940-1949       53             0.009833        0.015593        0.012765
1940-1949       54             0.010571        0.016877        0.013782
1940-1949       55             0.011337        0.018264        0.014858
1940-1949       56             0.012183        0.019663        0.015985
1940-1949       57             0.013145        0.021174        0.017223
1940-1949       58             0.014226        0.022795        0.018576
1940-1949       59             0.015438        0.024540        0.020054
1940-1949       60             0.016683        0.026203        0.021509
1940-1949       61             0.017935        0.027884        0.022964
1940-1949       62             0.019319        0.029714        0.024554
1940-1949       63             0.020863        0.031714        0.026303
1940-1949       64             0.022592        0.033899        0.028233
1940-1949       65             0.024527        0.036328        0.030382
1940-1949       66             0.026855        0.039143        0.032927
1940-1949       67             0.029419        0.042151        0.035688
1940-1949       68             0.032265        0.045398        0.038712
1940-1949       69             0.035420        0.048889        0.042014
1940-1949       70             0.039347        0.053084        0.046066
1940-1949       71             0.043803        0.057947        0.050707
1940-1949       72             0.048595        0.063179        0.055697
1940-1949       73             0.053778        0.068856        0.061097
1940-1949       74             0.059491        0.075138        0.067056
1940-1949       75             0.065400        0.082076        0.073401
1940-1949       76             0.071163        0.088687        0.079507
1940-1949       77             0.077572        0.095982        0.086269
1940-1949       78             0.084740        0.104011        0.093770
1940-1949       79             0.092855        0.112866        0.102156
1940-1949       80             0.097130        0.120626        0.107769
1940-1949       81             0.106875        0.131377        0.117872
1940-1949       82             0.117483        0.143127        0.128884
1940-1949       83             0.129042        0.156024        0.140915
1940-1949       84             0.141204        0.169600        0.153558
1940-1949       85             0.153556        0.183184        0.166288
1940-1949       86             0.166743        0.197523        0.179801
1940-1949       87             0.181425        0.213648        0.194903
1940-1949       88             0.197856        0.231843        0.211855
1940-1949       89             0.215099        0.250987        0.229642
1940-1949       90             0.230629        0.268110        0.245551
1940-1949       91             0.243957        0.281082        0.258473
1940-1949       92             0.255530        0.289156        0.268462
1940-1949       93             0.265833        0.292459        0.275947
1940-1949       94             0.276307        0.295733        0.283631
1940-1949       95             0.289442        0.308894        0.296730
1940-1949       96             0.297057        0.318558        0.305060
1940-1949       97             0.295753        0.317659        0.303852
1940-1949       98             0.288320        0.308245        0.295645
1940-1949       99             0.291052        0.308539        0.297440
1940-1949      100             0.365323        0.383302        0.371860
1940-1949      101             0.376160        0.391090        0.381566
1940-1949      102             0.382157        0.393956        0.386410
1940-1949      103             0.384602        0.392494        0.387436
1940-1949      104             0.383035        0.387405        0.384599
1940-1949      105             0.376913        0.380004        0.378016
1940-1949      106             0.366855        0.370403        0.368118
1940-1949      107             0.349694        0.357436        0.352417
1940-1949      108             0.322122        0.338676        0.327817
1940-1949      109             0.289082        0.315803        0.298027
1940-1949      110+            0.149889        0.169498        0.155697
1950-1959        0             0.025561        0.033316        0.029508
1950-1959        1             0.001890        0.002149        0.002022
1950-1959        2             0.001063        0.001299        0.001183
1950-1959        3             0.000814        0.000982        0.000900
1950-1959        4             0.000664        0.000796        0.000731
1950-1959        5             0.000567        0.000717        0.000643
1950-1959        6             0.000494        0.000659        0.000578
1950-1959        7             0.000429        0.000600        0.000516
1950-1959        8             0.000381        0.000564        0.000474
1950-1959        9             0.000354        0.000535        0.000446
1950-1959       10             0.000334        0.000514        0.000425
1950-1959       11             0.000337        0.000530        0.000435
1950-1959       12             0.000361        0.000591        0.000478
1950-1959       13             0.000387        0.000683        0.000537
1950-1959       14             0.000439        0.000815        0.000630
1950-1959       15             0.000516        0.001019        0.000770
1950-1959       16             0.000589        0.001223        0.000908
1950-1959       17             0.000647        0.001392        0.001023
1950-1959       18             0.000698        0.001615        0.001147
1950-1959       19             0.000739        0.001763        0.001237
1950-1959       20             0.000768        0.001909        0.001314
1950-1959       21             0.000781        0.001998        0.001358
1950-1959       22             0.000819        0.002050        0.001400
1950-1959       23             0.000836        0.001983        0.001382
1950-1959       24             0.000880        0.001943        0.001390
1950-1959       25             0.000930        0.001904        0.001402
1950-1959       26             0.000953        0.001821        0.001377
1950-1959       27             0.000981        0.001780        0.001373
1950-1959       28             0.001067        0.001867        0.001458
1950-1959       29             0.001129        0.001916        0.001512
1950-1959       30             0.001186        0.001962        0.001564
1950-1959       31             0.001269        0.002023        0.001637
1950-1959       32             0.001385        0.002170        0.001767
1950-1959       33             0.001462        0.002255        0.001848
1950-1959       34             0.001557        0.002374        0.001956
1950-1959       35             0.001687        0.002555        0.002110
1950-1959       36             0.001816        0.002730        0.002262
1950-1959       37             0.001948        0.002942        0.002434
1950-1959       38             0.002166        0.003285        0.002713
1950-1959       39             0.002373        0.003626        0.002987
1950-1959       40             0.002589        0.004017        0.003290
1950-1959       41             0.002803        0.004375        0.003578
1950-1959       42             0.003068        0.004893        0.003968
1950-1959       43             0.003308        0.005356        0.004319
1950-1959       44             0.003565        0.005863        0.004699
1950-1959       45             0.003843        0.006416        0.005114
1950-1959       46             0.004183        0.007063        0.005606
1950-1959       47             0.004536        0.007770        0.006136
1950-1959       48             0.004921        0.008465        0.006677
1950-1959       49             0.005439        0.009474        0.007440
1950-1959       50             0.005973        0.010499        0.008218
1950-1959       51             0.006445        0.011491        0.008947
1950-1959       52             0.007030        0.012602        0.009795
1950-1959       53             0.007633        0.013847        0.010717
1950-1959       54             0.008281        0.015100        0.011665
1950-1959       55             0.008792        0.016288        0.012507
1950-1959       56             0.009477        0.017650        0.013523
1950-1959       57             0.010156        0.018971        0.014513
1950-1959       58             0.010991        0.020369        0.015621
1950-1959       59             0.011894        0.022109        0.016925
1950-1959       60             0.013008        0.024108        0.018462
1950-1959       61             0.014116        0.026006        0.019945
1950-1959       62             0.015511        0.028132        0.021681
1950-1959       63             0.017030        0.030607        0.023640
1950-1959       64             0.018667        0.033212        0.025719
1950-1959       65             0.020543        0.035959        0.027984
1950-1959       66             0.022120        0.038404        0.029932
1950-1959       67             0.024120        0.041039        0.032198
1950-1959       68             0.026386        0.043801        0.034666
1950-1959       69             0.028654        0.046397        0.037071
1950-1959       70             0.031909        0.050342        0.040614
1950-1959       71             0.035060        0.054200        0.044062
1950-1959       72             0.039257        0.058827        0.048429
1950-1959       73             0.043153        0.063114        0.052464
1950-1959       74             0.048272        0.069150        0.057956
1950-1959       75             0.053635        0.074797        0.063402
1950-1959       76             0.059063        0.080749        0.069016
1950-1959       77             0.064720        0.086648        0.074733
1950-1959       78             0.071670        0.094197        0.081865
1950-1959       79             0.078838        0.102038        0.089229
1950-1959       80             0.084158        0.111873        0.096141
1950-1959       81             0.091963        0.120716        0.104269
1950-1959       82             0.102145        0.131842        0.114713
1950-1959       83             0.113556        0.143933        0.126261
1950-1959       84             0.126021        0.157143        0.138887
1950-1959       85             0.139358        0.170706        0.152162
1950-1959       86             0.151535        0.186495        0.165628
1950-1959       87             0.164397        0.201309        0.179049
1950-1959       88             0.175379        0.211003        0.189288
1950-1959       89             0.191143        0.230009        0.206067
1950-1959       90             0.216595        0.249599        0.229067
1950-1959       91             0.219577        0.257618        0.233725
1950-1959       92             0.243172        0.281285        0.257088
1950-1959       93             0.263951        0.302760        0.277853
1950-1959       94             0.285353        0.318886        0.297147
1950-1959       95             0.303251        0.332428        0.313355
1950-1959       96             0.316457        0.356753        0.330203
1950-1959       97             0.333898        0.368925        0.345644
1950-1959       98             0.348909        0.372970        0.356885
1950-1959       99             0.325117        0.342093        0.330731
1950-1959      100             0.386158        0.414189        0.395426
1950-1959      101             0.343238        0.338120        0.341535
1950-1959      102             0.346372        0.351740        0.348191
1950-1959      103             0.315721        0.315182        0.315537
1950-1959      104             0.312556        0.282561        0.302201
1950-1959      105             0.315909        0.287632        0.305904
1950-1959      106             0.268742        0.278220        0.272112
1950-1959      107             0.232790        0.238835        0.234927
1950-1959      108             0.231969        0.233233        0.232415
1950-1959      109             0.223786        0.135544        0.191716
1950-1959      110+            0.229352        0.199932        0.217980
1960-1969        0             0.021285        0.027874        0.024641
1960-1969        1             0.001457        0.001664        0.001562
1960-1969        2             0.000882        0.001079        0.000982
1960-1969        3             0.000666        0.000832        0.000750
1960-1969        4             0.000547        0.000689        0.000620
1960-1969        5             0.000483        0.000607        0.000546
1960-1969        6             0.000408        0.000562        0.000486
1960-1969        7             0.000365        0.000504        0.000436
1960-1969        8             0.000333        0.000472        0.000404
1960-1969        9             0.000298        0.000447        0.000374
1960-1969       10             0.000276        0.000423        0.000351
1960-1969       11             0.000287        0.000447        0.000369
1960-1969       12             0.000298        0.000481        0.000392
1960-1969       13             0.000321        0.000578        0.000451
1960-1969       14             0.000354        0.000684        0.000522
1960-1969       15             0.000431        0.000855        0.000647
1960-1969       16             0.000512        0.001173        0.000848
1960-1969       17             0.000579        0.001431        0.001010
1960-1969       18             0.000643        0.001732        0.001188
1960-1969       19             0.000678        0.001884        0.001272
1960-1969       20             0.000662        0.001875        0.001251
1960-1969       21             0.000707        0.002028        0.001347
1960-1969       22             0.000714        0.002022        0.001349
1960-1969       23             0.000723        0.001956        0.001321
1960-1969       24             0.000753        0.001837        0.001280
1960-1969       25             0.000803        0.001847        0.001313
1960-1969       26             0.000813        0.001837        0.001315
1960-1969       27             0.000854        0.001827        0.001331
1960-1969       28             0.000914        0.001865        0.001380
1960-1969       29             0.000970        0.001874        0.001414
1960-1969       30             0.001033        0.001901        0.001459
1960-1969       31             0.001122        0.001991        0.001549
1960-1969       32             0.001239        0.002101        0.001662
1960-1969       33             0.001316        0.002243        0.001770
1960-1969       34             0.001438        0.002348        0.001883
1960-1969       35             0.001564        0.002560        0.002051
1960-1969       36             0.001662        0.002725        0.002181
1960-1969       37             0.001803        0.002954        0.002364
1960-1969       38             0.001990        0.003277        0.002616
1960-1969       39             0.002173        0.003543        0.002840
1960-1969       40             0.002344        0.003894        0.003098
1960-1969       41             0.002480        0.004174        0.003305
1960-1969       42             0.002825        0.004726        0.003750
1960-1969       43             0.003055        0.005092        0.004046
1960-1969       44             0.003236        0.005605        0.004389
1960-1969       45             0.003572        0.006234        0.004868
1960-1969       46             0.003833        0.006737        0.005248
1960-1969       47             0.004269        0.007554        0.005870
1960-1969       48             0.004601        0.008257        0.006384
1960-1969       49             0.004987        0.009106        0.006997
1960-1969       50             0.005494        0.010223        0.007803
1960-1969       51             0.005759        0.010995        0.008315
1960-1969       52             0.006410        0.012329        0.009298
1960-1969       53             0.006761        0.013272        0.009934
1960-1969       54             0.007259        0.014444        0.010755
1960-1969       55             0.007649        0.015518        0.011470
1960-1969       56             0.008217        0.016728        0.012341
1960-1969       57             0.008864        0.018216        0.013383
1960-1969       58             0.009748        0.019994        0.014684
1960-1969       59             0.010625        0.022058        0.016112
1960-1969       60             0.011927        0.024306        0.017845
1960-1969       61             0.012577        0.026044        0.018987
1960-1969       62             0.014693        0.029366        0.021639
1960-1969       63             0.015417        0.031084        0.022783
1960-1969       64             0.016514        0.033460        0.024418
1960-1969       65             0.018877        0.037167        0.027341
1960-1969       66             0.019368        0.038120        0.027969
1960-1969       67             0.021625        0.041900        0.030851
1960-1969       68             0.023494        0.044473        0.032980
1960-1969       69             0.024984        0.046786        0.034785
1960-1969       70             0.028383        0.051212        0.038585
1960-1969       71             0.029328        0.053317        0.039990
1960-1969       72             0.034853        0.060489        0.046187
1960-1969       73             0.037683        0.063836        0.049183
1960-1969       74             0.041886        0.069232        0.053833
1960-1969       75             0.047648        0.075637        0.059790
1960-1969       76             0.051549        0.080526        0.064033
1960-1969       77             0.056187        0.086308        0.069060
1960-1969       78             0.064605        0.094872        0.077422
1960-1969       79             0.071598        0.102763        0.084654
1960-1969       80             0.079461        0.113289        0.093205
1960-1969       81             0.082849        0.117470        0.096737
1960-1969       82             0.095265        0.131434        0.109580
1960-1969       83             0.106793        0.144074        0.121341
1960-1969       84             0.118726        0.157817        0.133752
1960-1969       85             0.130857        0.170424        0.145822
1960-1969       86             0.143358        0.184154        0.158532
1960-1969       87             0.158870        0.199745        0.173822
1960-1969       88             0.171220        0.212496        0.186070
1960-1969       89             0.187759        0.231743        0.203311
1960-1969       90             0.209396        0.251098        0.223888
1960-1969       91             0.216968        0.260604        0.231872
1960-1969       92             0.240551        0.284884        0.255416
1960-1969       93             0.260748        0.306458        0.275786
1960-1969       94             0.282103        0.323350        0.295442
1960-1969       95             0.300879        0.341165        0.313737
1960-1969       96             0.320932        0.356276        0.332050
1960-1969       97             0.341078        0.380652        0.353338
1960-1969       98             0.351438        0.377768        0.359472
1960-1969       99             0.359780        0.383880        0.367029
1960-1969      100             0.382401        0.403763        0.388768
1960-1969      101             0.361970        0.372018        0.364958
1960-1969      102             0.380446        0.367308        0.376483
1960-1969      103             0.361856        0.330379        0.352055
1960-1969      104             0.363671        0.322613        0.350305
1960-1969      105             0.381978        0.351924        0.371861
1960-1969      106             0.317765        0.324166        0.319965
1960-1969      107             0.296149        0.295600        0.295956
1960-1969      108             0.309440        0.297334        0.305127
1960-1969      109             0.266209        0.256483        0.262709
1960-1969      110+            0.263619        0.279166        0.269418
1970-1979        0             0.014561        0.018614        0.016634
1970-1979        1             0.001032        0.001204        0.001120
1970-1979        2             0.000674        0.000852        0.000765
1970-1979        3             0.000506        0.000687        0.000599
1970-1979        4             0.000421        0.000558        0.000491
1970-1979        5             0.000376        0.000518        0.000449
1970-1979        6             0.000334        0.000466        0.000402
1970-1979        7             0.000296        0.000425        0.000362
1970-1979        8             0.000274        0.000397        0.000337
1970-1979        9             0.000251        0.000381        0.000317
1970-1979       10             0.000236        0.000364        0.000301
1970-1979       11             0.000238        0.000377        0.000309
1970-1979       12             0.000251        0.000421        0.000338
1970-1979       13             0.000289        0.000512        0.000403
1970-1979       14             0.000333        0.000651        0.000495
1970-1979       15             0.000422        0.000850        0.000641
1970-1979       16             0.000514        0.001214        0.000870
1970-1979       17             0.000589        0.001538        0.001072
1970-1979       18             0.000663        0.001911        0.001293
1970-1979       19             0.000659        0.002003        0.001333
1970-1979       20             0.000654        0.002008        0.001330
1970-1979       21             0.000681        0.002137        0.001405
1970-1979       22             0.000690        0.002144        0.001411
1970-1979       23             0.000685        0.002104        0.001387
1970-1979       24             0.000684        0.002001        0.001337
1970-1979       25             0.000695        0.001990        0.001338
1970-1979       26             0.000735        0.001932        0.001329
1970-1979       27             0.000751        0.001929        0.001334
1970-1979       28             0.000799        0.001943        0.001365
1970-1979       29             0.000811        0.001898        0.001348
1970-1979       30             0.000831        0.001887        0.001354
1970-1979       31             0.000932        0.001966        0.001443
1970-1979       32             0.000995        0.002065        0.001522
1970-1979       33             0.001086        0.002160        0.001613
1970-1979       34             0.001142        0.002231        0.001675
1970-1979       35             0.001264        0.002391        0.001817
1970-1979       36             0.001384        0.002583        0.001970
1970-1979       37             0.001526        0.002759        0.002128
1970-1979       38             0.001674        0.003028        0.002334
1970-1979       39             0.001785        0.003236        0.002494
1970-1979       40             0.001982        0.003476        0.002713
1970-1979       41             0.002158        0.003818        0.002970
1970-1979       42             0.002469        0.004296        0.003363
1970-1979       43             0.002689        0.004663        0.003654
1970-1979       44             0.002886        0.005077        0.003956
1970-1979       45             0.003140        0.005679        0.004374
1970-1979       46             0.003478        0.006207        0.004803
1970-1979       47             0.003793        0.006775        0.005239
1970-1979       48             0.004070        0.007489        0.005720
1970-1979       49             0.004336        0.008106        0.006151
1970-1979       50             0.004862        0.009072        0.006890
1970-1979       51             0.005052        0.009660        0.007266
1970-1979       52             0.005550        0.010620        0.007980
1970-1979       53             0.005980        0.011413        0.008583
1970-1979       54             0.006425        0.012614        0.009387
1970-1979       55             0.006946        0.013780        0.010211
1970-1979       56             0.007606        0.014980        0.011121
1970-1979       57             0.008198        0.016519        0.012155
1970-1979       58             0.008917        0.018017        0.013218
1970-1979       59             0.009532        0.019474        0.014215
1970-1979       60             0.010766        0.022059        0.016071
1970-1979       61             0.011201        0.022994        0.016736
1970-1979       62             0.012404        0.025563        0.018525
1970-1979       63             0.013019        0.027385        0.019658
1970-1979       64             0.014008        0.029464        0.021070
1970-1979       65             0.015522        0.032338        0.023122
1970-1979       66             0.016216        0.034066        0.024187
1970-1979       67             0.017943        0.037181        0.026476
1970-1979       68             0.019361        0.039827        0.028347
1970-1979       69             0.021550        0.043289        0.031026
1970-1979       70             0.025057        0.049203        0.035437
1970-1979       71             0.026166        0.050544        0.036599
1970-1979       72             0.029889        0.056790        0.041225
1970-1979       73             0.032288        0.059748        0.043742
1970-1979       74             0.035815        0.065398        0.047946
1970-1979       75             0.040217        0.071551        0.052862
1970-1979       76             0.043023        0.075508        0.055915
1970-1979       77             0.046734        0.080967        0.060093
1970-1979       78             0.051270        0.084697        0.064221
1970-1979       79             0.057126        0.092664        0.070693
1970-1979       80             0.065241        0.103425        0.079421
1970-1979       81             0.069945        0.110101        0.084617
1970-1979       82             0.078835        0.120379        0.093768
1970-1979       83             0.088211        0.130982        0.103316
1970-1979       84             0.098369        0.142549        0.113697
1970-1979       85             0.107921        0.153052        0.123300
1970-1979       86             0.120060        0.166453        0.135576
1970-1979       87             0.131169        0.178891        0.146821
1970-1979       88             0.143505        0.191704        0.159009
1970-1979       89             0.157945        0.208128        0.173778
1970-1979       90             0.176032        0.224289        0.190964
1970-1979       91             0.187132        0.237571        0.202415
1970-1979       92             0.207085        0.258732        0.222392
1970-1979       93             0.226547        0.279315        0.241828
1970-1979       94             0.247145        0.295632        0.260848
1970-1979       95             0.265171        0.315652        0.279109
1970-1979       96             0.285521        0.338898        0.299912
1970-1979       97             0.307118        0.352871        0.319204
1970-1979       98             0.322347        0.366722        0.333882
1970-1979       99             0.329755        0.380830        0.342858
1970-1979      100             0.353765        0.381936        0.360906
1970-1979      101             0.363368        0.380944        0.367807
1970-1979      102             0.365312        0.373485        0.367388
1970-1979      103             0.380218        0.373318        0.378418
1970-1979      104             0.382754        0.345267        0.372519
1970-1979      105             0.369627        0.378180        0.372095
1970-1979      106             0.366050        0.331193        0.355648
1970-1979      107             0.322546        0.312122        0.319291
1970-1979      108             0.347698        0.316863        0.337800
1970-1979      109             0.286348        0.323427        0.298363
1970-1979      110+            0.288613        0.265709        0.280805
1980-1989        0             0.009839        0.012298        0.011097
1980-1989        1             0.000779        0.000914        0.000848
1980-1989        2             0.000495        0.000632        0.000565
1980-1989        3             0.000362        0.000491        0.000428
1980-1989        4             0.000285        0.000398        0.000343
1980-1989        5             0.000253        0.000336        0.000296
1980-1989        6             0.000231        0.000319        0.000276
1980-1989        7             0.000212        0.000295        0.000254
1980-1989        8             0.000204        0.000295        0.000250
1980-1989        9             0.000186        0.000275        0.000232
1980-1989       10             0.000175        0.000265        0.000221
1980-1989       11             0.000180        0.000286        0.000234
1980-1989       12             0.000199        0.000329        0.000266
1980-1989       13             0.000218        0.000390        0.000306
1980-1989       14             0.000271        0.000495        0.000386
1980-1989       15             0.000343        0.000665        0.000507
1980-1989       16             0.000452        0.000985        0.000725
1980-1989       17             0.000500        0.001235        0.000877
1980-1989       18             0.000556        0.001571        0.001072
1980-1989       19             0.000540        0.001609        0.001080
1980-1989       20             0.000531        0.001651        0.001097
1980-1989       21             0.000556        0.001737        0.001152
1980-1989       22             0.000553        0.001739        0.001151
1980-1989       23             0.000573        0.001753        0.001166
1980-1989       24             0.000575        0.001726        0.001153
1980-1989       25             0.000594        0.001736        0.001167
1980-1989       26             0.000617        0.001742        0.001180
1980-1989       27             0.000634        0.001774        0.001204
1980-1989       28             0.000687        0.001871        0.001278
1980-1989       29             0.000671        0.001774        0.001222
1980-1989       30             0.000711        0.001894        0.001300
1980-1989       31             0.000772        0.001955        0.001359
1980-1989       32             0.000811        0.002032        0.001417
1980-1989       33             0.000877        0.002109        0.001486
1980-1989       34             0.000911        0.002081        0.001492
1980-1989       35             0.000970        0.002225        0.001591
1980-1989       36             0.001064        0.002346        0.001696
1980-1989       37             0.001127        0.002454        0.001781
1980-1989       38             0.001288        0.002704        0.001985
1980-1989       39             0.001299        0.002651        0.001966
1980-1989       40             0.001464        0.002877        0.002159
1980-1989       41             0.001608        0.003142        0.002361
1980-1989       42             0.001795        0.003416        0.002592
1980-1989       43             0.001947        0.003635        0.002774
1980-1989       44             0.002126        0.003896        0.002995
1980-1989       45             0.002363        0.004341        0.003332
1980-1989       46             0.002596        0.004728        0.003638
1980-1989       47             0.002845        0.005207        0.003997
1980-1989       48             0.003308        0.005923        0.004584
1980-1989       49             0.003436        0.006115        0.004744
1980-1989       50             0.003806        0.006929        0.005318
1980-1989       51             0.004322        0.007724        0.005971
1980-1989       52             0.004725        0.008577        0.006586
1980-1989       53             0.005102        0.009292        0.007125
1980-1989       54             0.005469        0.010046        0.007666
1980-1989       55             0.006040        0.011325        0.008560
1980-1989       56             0.006610        0.012300        0.009317
1980-1989       57             0.007079        0.013177        0.009971
1980-1989       58             0.008093        0.015142        0.011420
1980-1989       59             0.008458        0.015818        0.011919
1980-1989       60             0.009319        0.017493        0.013130
1980-1989       61             0.010199        0.018960        0.014283
1980-1989       62             0.011535        0.021415        0.016114
1980-1989       63             0.012161        0.022645        0.017024
1980-1989       64             0.012879        0.024035        0.017997
1980-1989       65             0.014223        0.026605        0.019857
1980-1989       66             0.015411        0.028791        0.021455
1980-1989       67             0.016579        0.031021        0.023048
1980-1989       68             0.018282        0.034380        0.025405
1980-1989       69             0.019398        0.036809        0.026975
1980-1989       70             0.021580        0.040555        0.029770
1980-1989       71             0.023239        0.043717        0.031976
1980-1989       72             0.026244        0.048565        0.035639
1980-1989       73             0.028692        0.052764        0.038691
1980-1989       74             0.030451        0.056129        0.040920
1980-1989       75             0.033669        0.060591        0.044505
1980-1989       76             0.037126        0.066373        0.048659
1980-1989       77             0.040268        0.071477        0.052289
1980-1989       78             0.044169        0.077393        0.056725
1980-1989       79             0.049064        0.083941        0.061941
1980-1989       80             0.056250        0.094404        0.069946
1980-1989       81             0.061813        0.102236        0.075948
1980-1989       82             0.069094        0.111167        0.083407
1980-1989       83             0.076876        0.121047        0.091495
1980-1989       84             0.085206        0.131484        0.100097
1980-1989       85             0.094533        0.142162        0.109426
1980-1989       86             0.105398        0.154685        0.120368
1980-1989       87             0.116729        0.168411        0.131973
1980-1989       88             0.127923        0.181459        0.143245
1980-1989       89             0.141868        0.195871        0.156852
1980-1989       90             0.157388        0.211908        0.172063
1980-1989       91             0.171595        0.227725        0.186267
1980-1989       92             0.190267        0.247818        0.204888
1980-1989       93             0.209223        0.268174        0.223766
1980-1989       94             0.228765        0.287862        0.242912
1980-1989       95             0.249195        0.309881        0.263311
1980-1989       96             0.271892        0.335941        0.286334
1980-1989       97             0.292768        0.353531        0.306071
1980-1989       98             0.312416        0.371975        0.325122
1980-1989       99             0.333787        0.399367        0.347426
1980-1989      100             0.352495        0.408575        0.363871
1980-1989      101             0.379352        0.425861        0.388634
1980-1989      102             0.402251        0.432437        0.408247
1980-1989      103             0.420495        0.456380        0.427572
1980-1989      104             0.434881        0.436431        0.435189
1980-1989      105             0.432476        0.437971        0.433602
1980-1989      106             0.431404        0.446317        0.434517
1980-1989      107             0.466680        0.393130        0.450638
1980-1989      108             0.421645        0.468754        0.432604
1980-1989      109             0.380647        0.341909        0.371196
1980-1989      110+            0.449877        0.414204        0.439220
1990-1999        0             0.007375        0.009088        0.008252
1990-1999        1             0.000592        0.000678        0.000636
1990-1999        2             0.000369        0.000472        0.000422
1990-1999        3             0.000279        0.000366        0.000324
1990-1999        4             0.000223        0.000288        0.000256
1990-1999        5             0.000192        0.000254        0.000224
1990-1999        6             0.000176        0.000227        0.000202
1990-1999        7             0.000167        0.000211        0.000190
1990-1999        8             0.000158        0.000212        0.000186
1990-1999        9             0.000148        0.000197        0.000173
1990-1999       10             0.000146        0.000204        0.000175
1990-1999       11             0.000151        0.000218        0.000185
1990-1999       12             0.000169        0.000257        0.000214
1990-1999       13             0.000193        0.000333        0.000265
1990-1999       14             0.000254        0.000455        0.000357
1990-1999       15             0.000315        0.000628        0.000476
1990-1999       16             0.000434        0.000949        0.000699
1990-1999       17             0.000471        0.001167        0.000830
1990-1999       18             0.000499        0.001455        0.000989
1990-1999       19             0.000472        0.001512        0.001003
1990-1999       20             0.000470        0.001505        0.000999
1990-1999       21             0.000489        0.001603        0.001058
1990-1999       22             0.000491        0.001561        0.001036
1990-1999       23             0.000501        0.001543        0.001030
1990-1999       24             0.000510        0.001485        0.001004
1990-1999       25             0.000540        0.001497        0.001024
1990-1999       26             0.000563        0.001536        0.001053
1990-1999       27             0.000602        0.001590        0.001099
1990-1999       28             0.000638        0.001683        0.001163
1990-1999       29             0.000656        0.001705        0.001183
1990-1999       30             0.000703        0.001799        0.001254
1990-1999       31             0.000784        0.001943        0.001364
1990-1999       32             0.000812        0.002040        0.001426
1990-1999       33             0.000886        0.002146        0.001515
1990-1999       34             0.000943        0.002206        0.001575
1990-1999       35             0.001006        0.002312        0.001659
1990-1999       36             0.001092        0.002454        0.001770
1990-1999       37             0.001178        0.002596        0.001883
1990-1999       38             0.001310        0.002802        0.002050
1990-1999       39             0.001326        0.002817        0.002067
1990-1999       40             0.001431        0.003003        0.002211
1990-1999       41             0.001576        0.003281        0.002419
1990-1999       42             0.001685        0.003442        0.002553
1990-1999       43             0.001835        0.003676        0.002741
1990-1999       44             0.001948        0.003807        0.002867
1990-1999       45             0.002112        0.004071        0.003078
1990-1999       46             0.002332        0.004439        0.003367
1990-1999       47             0.002541        0.004751        0.003625
1990-1999       48             0.002843        0.005171        0.003984
1990-1999       49             0.002994        0.005305        0.004127
1990-1999       50             0.003269        0.005739        0.004479
1990-1999       51             0.003673        0.006396        0.005003
1990-1999       52             0.004084        0.006986        0.005499
1990-1999       53             0.004447        0.007570        0.005965
1990-1999       54             0.004765        0.008169        0.006418
1990-1999       55             0.005306        0.009063        0.007124
1990-1999       56             0.005885        0.009950        0.007844
1990-1999       57             0.006390        0.010820        0.008517
1990-1999       58             0.007223        0.012271        0.009642
1990-1999       59             0.007696        0.012940        0.010204
1990-1999       60             0.008429        0.014414        0.011266
1990-1999       61             0.009467        0.015968        0.012550
1990-1999       62             0.010346        0.017623        0.013777
1990-1999       63             0.011193        0.018887        0.014811
1990-1999       64             0.011985        0.020496        0.015944
1990-1999       65             0.013184        0.022420        0.017439
1990-1999       66             0.014253        0.024249        0.018823
1990-1999       67             0.015414        0.026139        0.020289
1990-1999       68             0.017054        0.029050        0.022462
1990-1999       69             0.018360        0.031364        0.024154
1990-1999       70             0.020034        0.034100        0.026227
1990-1999       71             0.022147        0.037346        0.028806
1990-1999       72             0.024373        0.040291        0.031288
1990-1999       73             0.026558        0.043869        0.033983
1990-1999       74             0.028543        0.047350        0.036484
1990-1999       75             0.031105        0.051378        0.039537
1990-1999       76             0.034336        0.056277        0.043340
1990-1999       77             0.037749        0.061557        0.047341
1990-1999       78             0.041145        0.066864        0.051264
1990-1999       79             0.045566        0.072928        0.056083
1990-1999       80             0.052393        0.084090        0.064229
1990-1999       81             0.057953        0.092231        0.070412
1990-1999       82             0.064630        0.101431        0.077615
1990-1999       83             0.071817        0.111862        0.085502
1990-1999       84             0.079816        0.122139        0.093789
1990-1999       85             0.088748        0.134273        0.103237
1990-1999       86             0.099161        0.146940        0.113796
1990-1999       87             0.110388        0.159853        0.124943
1990-1999       88             0.122308        0.174747        0.137103
1990-1999       89             0.136628        0.191353        0.151413
1990-1999       90             0.152024        0.208750        0.166682
1990-1999       91             0.168045        0.226282        0.182432
1990-1999       92             0.187240        0.247745        0.201494
1990-1999       93             0.206982        0.270858        0.221342
1990-1999       94             0.228963        0.293146        0.242720
1990-1999       95             0.250728        0.316595        0.264189
1990-1999       96             0.274394        0.342948        0.287759
1990-1999       97             0.298309        0.370881        0.311764
1990-1999       98             0.323049        0.392173        0.335236
1990-1999       99             0.345719        0.413004        0.357040
1990-1999      100             0.379529        0.448895        0.390719
1990-1999      101             0.406795        0.472969        0.417053
1990-1999      102             0.437900        0.501050        0.447396
1990-1999      103             0.451152        0.536219        0.463507
1990-1999      104             0.483589        0.525452        0.489514
1990-1999      105             0.511433        0.526332        0.513561
1990-1999      106             0.517233        0.498776        0.514508
1990-1999      107             0.542987        0.542728        0.542947
1990-1999      108             0.541126        0.465567        0.528564
1990-1999      109             0.550228        0.484506        0.538379
1990-1999      110+            0.521512        0.663678        0.546365
2000-2009        0             0.006256        0.007663        0.006975
2000-2009        1             0.000438        0.000523        0.000481
2000-2009        2             0.000276        0.000349        0.000313
2000-2009        3             0.000199        0.000263        0.000232
2000-2009        4             0.000165        0.000209        0.000188
2000-2009        5             0.000145        0.000181        0.000163
2000-2009        6             0.000133        0.000160        0.000147
2000-2009        7             0.000124        0.000149        0.000137
2000-2009        8             0.000119        0.000151        0.000135
2000-2009        9             0.000122        0.000147        0.000135
2000-2009       10             0.000119        0.000154        0.000137
2000-2009       11             0.000124        0.000166        0.000145
2000-2009       12             0.000129        0.000188        0.000160
2000-2009       13             0.000154        0.000233        0.000195
2000-2009       14             0.000189        0.000304        0.000248
2000-2009       15             0.000236        0.000425        0.000333
2000-2009       16             0.000332        0.000643        0.000492
2000-2009       17             0.000379        0.000849        0.000621
2000-2009       18             0.000437        0.001137        0.000798
2000-2009       19             0.000441        0.001289        0.000877
2000-2009       20             0.000444        0.001335        0.000901
2000-2009       21             0.000479        0.001441        0.000972
2000-2009       22             0.000469        0.001434        0.000963
2000-2009       23             0.000479        0.001426        0.000962
2000-2009       24             0.000495        0.001424        0.000967
2000-2009       25             0.000504        0.001393        0.000954
2000-2009       26             0.000533        0.001408        0.000974
2000-2009       27             0.000550        0.001401        0.000977
2000-2009       28             0.000578        0.001391        0.000987
2000-2009       29             0.000621        0.001427        0.001027
2000-2009       30             0.000635        0.001409        0.001025
2000-2009       31             0.000676        0.001470        0.001075
2000-2009       32             0.000734        0.001482        0.001109
2000-2009       33             0.000781        0.001547        0.001165
2000-2009       34             0.000843        0.001632        0.001238
2000-2009       35             0.000923        0.001725        0.001325
2000-2009       36             0.000992        0.001807        0.001399
2000-2009       37             0.001088        0.001967        0.001527
2000-2009       38             0.001191        0.002116        0.001651
2000-2009       39             0.001321        0.002245        0.001781
2000-2009       40             0.001446        0.002457        0.001949
2000-2009       41             0.001564        0.002662        0.002109
2000-2009       42             0.001707        0.002898        0.002298
2000-2009       43             0.001890        0.003143        0.002511
2000-2009       44             0.002052        0.003437        0.002737
2000-2009       45             0.002226        0.003722        0.002965
2000-2009       46             0.002402        0.004050        0.003216
2000-2009       47             0.002602        0.004390        0.003484
2000-2009       48             0.002807        0.004782        0.003779
2000-2009       49             0.003024        0.005155        0.004072
2000-2009       50             0.003273        0.005613        0.004421
2000-2009       51             0.003488        0.006005        0.004722
2000-2009       52             0.003773        0.006511        0.005112
2000-2009       53             0.004047        0.006974        0.005478
2000-2009       54             0.004356        0.007430        0.005856
2000-2009       55             0.004716        0.008091        0.006357
2000-2009       56             0.005085        0.008577        0.006782
2000-2009       57             0.005564        0.009279        0.007366
2000-2009       58             0.006088        0.010015        0.007988
2000-2009       59             0.006663        0.010830        0.008673
2000-2009       60             0.007348        0.011893        0.009533
2000-2009       61             0.007956        0.012621        0.010195
2000-2009       62             0.008786        0.013924        0.011242
2000-2009       63             0.009546        0.015033        0.012160
2000-2009       64             0.010530        0.016486        0.013356
2000-2009       65             0.011426        0.017788        0.014427
2000-2009       66             0.012414        0.019206        0.015603
2000-2009       67             0.013611        0.020839        0.016988
2000-2009       68             0.014750        0.022589        0.018388
2000-2009       69             0.016173        0.024763        0.020131
2000-2009       70             0.017924        0.027134        0.022135
2000-2009       71             0.019418        0.029359        0.023930
2000-2009       72             0.021475        0.032272        0.026326
2000-2009       73             0.023528        0.035510        0.028859
2000-2009       74             0.025954        0.038559        0.031501
2000-2009       75             0.028655        0.042697        0.034748
2000-2009       76             0.031400        0.046302        0.037786
2000-2009       77             0.034675        0.050954        0.041547
2000-2009       78             0.038310        0.055863        0.045603
2000-2009       79             0.042377        0.061563        0.050209
2000-2009       80             0.047697        0.068760        0.056105
2000-2009       81             0.052857        0.075850        0.061843
2000-2009       82             0.059503        0.084208        0.068936
2000-2009       83             0.066401        0.093185        0.076384
2000-2009       84             0.074674        0.103728        0.085214
2000-2009       85             0.084104        0.115403        0.095124
2000-2009       86             0.094826        0.129490        0.106630
2000-2009       87             0.106679        0.143660        0.118816
2000-2009       88             0.120176        0.160085        0.132756
2000-2009       89             0.135126        0.178810        0.148287
2000-2009       90             0.151202        0.197733        0.164549
2000-2009       91             0.169643        0.218658        0.182993
2000-2009       92             0.189829        0.242829        0.203489
2000-2009       93             0.211858        0.268635        0.225652
2000-2009       94             0.234288        0.296861        0.248550
2000-2009       95             0.260161        0.322752        0.273532
2000-2009       96             0.285148        0.350704        0.298271
2000-2009       97             0.312733        0.378138        0.324988
2000-2009       98             0.341421        0.406932        0.352914
2000-2009       99             0.366061        0.437310        0.377805
2000-2009      100             0.400844        0.472337        0.411813
2000-2009      101             0.436453        0.515218        0.447773
2000-2009      102             0.461483        0.519214        0.469271
2000-2009      103             0.493623        0.552621        0.501137
2000-2009      104             0.530994        0.600575        0.539457
2000-2009      105             0.566673        0.617144        0.572602
2000-2009      106             0.593462        0.689897        0.604204
2000-2009      107             0.599535        0.549939        0.593928
2000-2009      108             0.658034        0.568243        0.647012
2000-2009      109             0.609909        0.588913        0.607033
2000-2009      110+            0.680775        0.822833        0.697500
2010-2015        0             0.005446        0.006527        0.005999
2010-2015        1             0.000374        0.000443        0.000409
2010-2015        2             0.000225        0.000295        0.000261
2010-2015        3             0.000168        0.000225        0.000198
2010-2015        4             0.000136        0.000182        0.000160
2010-2015        5             0.000118        0.000148        0.000133
2010-2015        6             0.000108        0.000129        0.000118
2010-2015        7             0.000096        0.000126        0.000111
2010-2015        8             0.000098        0.000124        0.000111
2010-2015        9             0.000093        0.000124        0.000109
2010-2015       10             0.000092        0.000119        0.000106
2010-2015       11             0.000098        0.000133        0.000116
2010-2015       12             0.000110        0.000147        0.000129
2010-2015       13             0.000129        0.000185        0.000158
2010-2015       14             0.000155        0.000243        0.000200
2010-2015       15             0.000179        0.000322        0.000252
2010-2015       16             0.000231        0.000465        0.000351
2010-2015       17             0.000270        0.000622        0.000451
2010-2015       18             0.000328        0.000868        0.000605
2010-2015       19             0.000368        0.001002        0.000693
2010-2015       20             0.000391        0.001086        0.000747
2010-2015       21             0.000433        0.001221        0.000837
2010-2015       22             0.000449        0.001292        0.000881
2010-2015       23             0.000464        0.001300        0.000891
2010-2015       24             0.000492        0.001340        0.000924
2010-2015       25             0.000517        0.001349        0.000941
2010-2015       26             0.000549        0.001373        0.000967
2010-2015       27             0.000559        0.001386        0.000978
2010-2015       28             0.000603        0.001412        0.001011
2010-2015       29             0.000642        0.001465        0.001056
2010-2015       30             0.000680        0.001468        0.001077
2010-2015       31             0.000712        0.001524        0.001120
2010-2015       32             0.000766        0.001540        0.001154
2010-2015       33             0.000805        0.001593        0.001200
2010-2015       34             0.000859        0.001646        0.001253
2010-2015       35             0.000924        0.001683        0.001304
2010-2015       36             0.000983        0.001737        0.001359
2010-2015       37             0.001035        0.001813        0.001423
2010-2015       38             0.001120        0.001884        0.001500
2010-2015       39             0.001188        0.002008        0.001596
2010-2015       40             0.001293        0.002129        0.001709
2010-2015       41             0.001410        0.002287        0.001846
2010-2015       42             0.001556        0.002462        0.002006
2010-2015       43             0.001683        0.002628        0.002152
2010-2015       44             0.001852        0.002873        0.002359
2010-2015       45             0.002009        0.003134        0.002567
2010-2015       46             0.002237        0.003483        0.002854
2010-2015       47             0.002429        0.003849        0.003132
2010-2015       48             0.002673        0.004217        0.003436
2010-2015       49             0.002944        0.004651        0.003786
2010-2015       50             0.003210        0.005121        0.004151
2010-2015       51             0.003499        0.005591        0.004527
2010-2015       52             0.003792        0.006085        0.004917
2010-2015       53             0.004043        0.006630        0.005310
2010-2015       54             0.004371        0.007172        0.005740
2010-2015       55             0.004680        0.007841        0.006221
2010-2015       56             0.005052        0.008488        0.006723
2010-2015       57             0.005423        0.009137        0.007224
2010-2015       58             0.005768        0.009842        0.007738
2010-2015       59             0.006135        0.010531        0.008254
2010-2015       60             0.006587        0.011298        0.008852
2010-2015       61             0.007108        0.012030        0.009469
2010-2015       62             0.007698        0.012875        0.010176
2010-2015       63             0.008439        0.013869        0.011034
2010-2015       64             0.009095        0.014637        0.011738
2010-2015       65             0.009872        0.015577        0.012585
2010-2015       66             0.010742        0.016827        0.013628
2010-2015       67             0.011785        0.018153        0.014794
2010-2015       68             0.012928        0.019784        0.016152
2010-2015       69             0.014064        0.021211        0.017406
2010-2015       70             0.015623        0.023348        0.019214
2010-2015       71             0.017104        0.025418        0.020948
2010-2015       72             0.018801        0.027738        0.022908
2010-2015       73             0.020352        0.029989        0.024750
2010-2015       74             0.022496        0.032723        0.027128
2010-2015       75             0.024991        0.036031        0.029950
2010-2015       76             0.027613        0.039481        0.032895
2010-2015       77             0.030707        0.043564        0.036368
2010-2015       78             0.033928        0.047754        0.039943
2010-2015       79             0.037849        0.052544        0.044156
2010-2015       80             0.042294        0.058546        0.049168
2010-2015       81             0.046808        0.064860        0.054319
2010-2015       82             0.052635        0.072221        0.060634
2010-2015       83             0.058568        0.079687        0.067018
2010-2015       84             0.065712        0.088807        0.074747
2010-2015       85             0.073860        0.097733        0.082974
2010-2015       86             0.082405        0.108257        0.092021
2010-2015       87             0.092997        0.121014        0.103133
2010-2015       88             0.104240        0.133916        0.114661
2010-2015       89             0.117170        0.147723        0.127564
2010-2015       90             0.133277        0.166186        0.144089
2010-2015       91             0.148965        0.185083        0.160351
2010-2015       92             0.167652        0.208265        0.179885
2010-2015       93             0.187451        0.232948        0.200468
2010-2015       94             0.210279        0.257333        0.222996
2010-2015       95             0.234884        0.284678        0.247519
2010-2015       96             0.258940        0.312954        0.271718
2010-2015       97             0.285438        0.343058        0.298073
2010-2015       98             0.314783        0.370605        0.326147
2010-2015       99             0.338751        0.400952        0.350412
2010-2015      100             0.368553        0.440649        0.380933
2010-2015      101             0.402025        0.474015        0.413257
2010-2015      102             0.435778        0.506581        0.445898
2010-2015      103             0.463770        0.544770        0.474320
2010-2015      104             0.491292        0.570489        0.500621
2010-2015      105             0.533065        0.612959        0.541478
2010-2015      106             0.558051        0.573937        0.559626
2010-2015      107             0.555312        0.649525        0.564286
2010-2015      108             0.613926        0.575575        0.610440
2010-2015      109             0.621351        0.567854        0.616068
2010-2015      110+            0.583868        0.518465        0.576553
