Austria, Death rates (period 5x1)     Last modified: 02-Sep-2015, MPv5 (May07)

   Year      Age       Female       Male         Total
   1947        0     0.083744     0.104304     0.094324 
   1947      1-4     0.003953     0.004572     0.004267 
   1947      5-9     0.001297     0.001562     0.001431 
   1947     10-14    0.001071     0.001312     0.001195 
   1947     15-19    0.001701     0.002276     0.001998 
   1947     20-24    0.002533     0.003507     0.002977 
   1947     25-29    0.002400     0.003363     0.002821 
   1947     30-34    0.002943     0.003713     0.003286 
   1947     35-39    0.003216     0.004443     0.003772 
   1947     40-44    0.004099     0.005684     0.004841 
   1947     45-49    0.005490     0.008504     0.006902 
   1947     50-54    0.007294     0.012532     0.009608 
   1947     55-59    0.011212     0.018664     0.014462 
   1947     60-64    0.017903     0.027438     0.022044 
   1947     65-69    0.030057     0.042380     0.035381 
   1947     70-74    0.051254     0.064339     0.056854 
   1947     75-79    0.088283     0.106521     0.096088 
   1947     80-84    0.146009     0.167308     0.154711 
   1947     85-89    0.224641     0.266419     0.240768 
   1947     90-94    0.320401     0.405313     0.348427 
   1947     95-99    0.398021     0.373785     0.390427 
   1947    100-104   0.503356     0.259179     0.342173 
   1947    105-109          .            .            . 
   1947    110+             .            .            . 
   1948        0     0.072843     0.093669     0.083536 
   1948      1-4     0.003192     0.003825     0.003514 
   1948      5-9     0.001037     0.001281     0.001161 
   1948     10-14    0.000738     0.000943     0.000843 
   1948     15-19    0.001424     0.001998     0.001720 
   1948     20-24    0.001876     0.002969     0.002386 
   1948     25-29    0.002238     0.002952     0.002548 
   1948     30-34    0.002643     0.003687     0.003105 
   1948     35-39    0.002964     0.003899     0.003385 
   1948     40-44    0.003569     0.005407     0.004422 
   1948     45-49    0.005185     0.007964     0.006493 
   1948     50-54    0.007382     0.012061     0.009464 
   1948     55-59    0.010492     0.017954     0.013738 
   1948     60-64    0.016663     0.026477     0.020898 
   1948     65-69    0.027432     0.038846     0.032344 
   1948     70-74    0.048426     0.060017     0.053360 
   1948     75-79    0.077498     0.095195     0.085002 
   1948     80-84    0.139524     0.150935     0.144181 
   1948     85-89    0.200783     0.226373     0.210629 
   1948     90-94    0.301623     0.317710     0.307037 
   1948     95-99    0.441062     0.416878     0.433788 
   1948    100-104   0.816882     0.325821     0.465839 
   1948    105-109          .            .            . 
   1948    110+             .            .            . 
   1949        0     0.068086     0.087107     0.077821 
   1949      1-4     0.003557     0.003802     0.003682 
   1949      5-9     0.000954     0.001213     0.001086 
   1949     10-14    0.000699     0.001020     0.000862 
   1949     15-19    0.001180     0.001718     0.001456 
   1949     20-24    0.001658     0.002482     0.002052 
   1949     25-29    0.001943     0.002709     0.002272 
   1949     30-34    0.001961     0.002825     0.002338 
   1949     35-39    0.002904     0.003784     0.003297 
   1949     40-44    0.003708     0.004834     0.004225 
   1949     45-49    0.005366     0.008048     0.006631 
   1949     50-54    0.007338     0.011802     0.009345 
   1949     55-59    0.011169     0.018116     0.014181 
   1949     60-64    0.018013     0.028669     0.022583 
   1949     65-69    0.030356     0.042615     0.035613 
   1949     70-74    0.052401     0.065903     0.058117 
   1949     75-79    0.089243     0.102219     0.094693 
   1949     80-84    0.150304     0.160618     0.154523 
   1949     85-89    0.225945     0.253918     0.236740 
   1949     90-94    0.341843     0.368178     0.350835 
   1949     95-99    0.453542     0.429020     0.445982 
   1949    100-104   0.588235     0.000000     0.218739 
   1949    105-109          .            .            . 
   1949    110+             .            .            . 
   1950        0     0.058976     0.076647     0.068012 
   1950      1-4     0.002782     0.003057     0.002923 
   1950      5-9     0.000729     0.000916     0.000824 
   1950     10-14    0.000635     0.000796     0.000717 
   1950     15-19    0.001039     0.001710     0.001382 
   1950     20-24    0.001423     0.002337     0.001871 
   1950     25-29    0.001606     0.002335     0.001919 
   1950     30-34    0.001858     0.002407     0.002095 
   1950     35-39    0.002341     0.003369     0.002795 
   1950     40-44    0.003366     0.004638     0.003944 
   1950     45-49    0.004941     0.007426     0.006112 
   1950     50-54    0.007293     0.012509     0.009665 
   1950     55-59    0.010563     0.018287     0.013899 
   1950     60-64    0.017005     0.027973     0.021686 
   1950     65-69    0.029796     0.042044     0.035020 
   1950     70-74    0.049687     0.066014     0.056556 
   1950     75-79    0.083747     0.099361     0.090244 
   1950     80-84    0.137313     0.160459     0.146781 
   1950     85-89    0.211942     0.244418     0.224484 
   1950     90-94    0.306257     0.331055     0.314711 
   1950     95-99    0.393182     0.461872     0.413841 
   1950    100-104   0.918233     0.172315     0.468019 
   1950    105-109          .     0.000000     0.000000 
   1950    110+             .            .            . 
   1951        0     0.053826     0.071351     0.062777 
   1951      1-4     0.002573     0.002751     0.002664 
   1951      5-9     0.000713     0.000901     0.000808 
   1951     10-14    0.000476     0.000802     0.000642 
   1951     15-19    0.000959     0.001623     0.001297 
   1951     20-24    0.001302     0.002248     0.001776 
   1951     25-29    0.001487     0.002125     0.001764 
   1951     30-34    0.001807     0.002370     0.002047 
   1951     35-39    0.002203     0.003204     0.002642 
   1951     40-44    0.003143     0.004415     0.003716 
   1951     45-49    0.004589     0.007500     0.005954 
   1951     50-54    0.007049     0.012392     0.009505 
   1951     55-59    0.010313     0.018856     0.013999 
   1951     60-64    0.016829     0.028113     0.021634 
   1951     65-69    0.028686     0.043725     0.035050 
   1951     70-74    0.051284     0.069369     0.058841 
   1951     75-79    0.087709     0.108150     0.096127 
   1951     80-84    0.148164     0.170890     0.157426 
   1951     85-89    0.235590     0.251392     0.241695 
   1951     90-94    0.371814     0.380669     0.374866 
   1951     95-99    0.512049     0.470174     0.499659 
   1951    100-104   1.305294     1.765105     1.542777 
   1951    105-109          .     4.109589     4.109589 
   1951    110+             .            .            . 
   1952        0     0.046815     0.061520     0.054341 
   1952      1-4     0.001759     0.002188     0.001978 
   1952      5-9     0.000495     0.000832     0.000667 
   1952     10-14    0.000425     0.000686     0.000558 
   1952     15-19    0.000699     0.001368     0.001039 
   1952     20-24    0.001048     0.002005     0.001533 
   1952     25-29    0.001224     0.001939     0.001541 
   1952     30-34    0.001586     0.002111     0.001809 
   1952     35-39    0.002136     0.002748     0.002402 
   1952     40-44    0.003217     0.003883     0.003515 
   1952     45-49    0.004693     0.006816     0.005680 
   1952     50-54    0.006613     0.011545     0.008900 
   1952     55-59    0.009470     0.017564     0.012975 
   1952     60-64    0.015896     0.026636     0.020456 
   1952     65-69    0.026928     0.041726     0.033139 
   1952     70-74    0.047249     0.064217     0.054281 
   1952     75-79    0.085633     0.100832     0.091844 
   1952     80-84    0.140460     0.161230     0.148863 
   1952     85-89    0.219880     0.255338     0.233529 
   1952     90-94    0.329824     0.392065     0.351432 
   1952     95-99    0.435901     0.415617     0.429584 
   1952    100-104   0.190900     0.000000     0.149738 
   1952    105-109          .            .            . 
   1952    110+             .            .            . 
   1953        0     0.044696     0.058709     0.051877 
   1953      1-4     0.001642     0.001936     0.001792 
   1953      5-9     0.000531     0.000774     0.000655 
   1953     10-14    0.000448     0.000616     0.000533 
   1953     15-19    0.000680     0.001279     0.000984 
   1953     20-24    0.000944     0.001795     0.001377 
   1953     25-29    0.001083     0.001835     0.001427 
   1953     30-34    0.001488     0.001908     0.001666 
   1953     35-39    0.002182     0.002668     0.002392 
   1953     40-44    0.002960     0.003751     0.003312 
   1953     45-49    0.004223     0.006263     0.005163 
   1953     50-54    0.006325     0.011225     0.008609 
   1953     55-59    0.009398     0.017256     0.012827 
   1953     60-64    0.015430     0.026860     0.020263 
   1953     65-69    0.026490     0.043190     0.033445 
   1953     70-74    0.048124     0.062336     0.053977 
   1953     75-79    0.083142     0.102039     0.090807 
   1953     80-84    0.137248     0.162479     0.147321 
   1953     85-89    0.223378     0.249379     0.233323 
   1953     90-94    0.323048     0.361703     0.336496 
   1953     95-99    0.436430     0.517885     0.461593 
   1953    100-104   0.605571     0.753532     0.641564 
   1953    105-109          .            .            . 
   1953    110+             .            .            . 
   1954        0     0.043248     0.057190     0.050375 
   1954      1-4     0.001874     0.001984     0.001930 
   1954      5-9     0.000604     0.000845     0.000727 
   1954     10-14    0.000447     0.000555     0.000502 
   1954     15-19    0.000609     0.001259     0.000940 
   1954     20-24    0.000900     0.002164     0.001544 
   1954     25-29    0.001017     0.002032     0.001498 
   1954     30-34    0.001470     0.002170     0.001766 
   1954     35-39    0.002140     0.002763     0.002408 
   1954     40-44    0.002740     0.003912     0.003258 
   1954     45-49    0.004362     0.006055     0.005136 
   1954     50-54    0.006324     0.010970     0.008494 
   1954     55-59    0.009568     0.017748     0.013176 
   1954     60-64    0.015125     0.027406     0.020297 
   1954     65-69    0.025936     0.041775     0.032472 
   1954     70-74    0.046437     0.063544     0.053459 
   1954     75-79    0.080049     0.102200     0.088936 
   1954     80-84    0.140253     0.165065     0.150014 
   1954     85-89    0.222781     0.250327     0.233285 
   1954     90-94    0.331414     0.378139     0.347681 
   1954     95-99    0.421996     0.444525     0.428691 
   1954    100-104   0.430880     1.357027     0.632244 
   1954    105-109          .     0.000000     0.000000 
   1954    110+             .            .            . 
   1955        0     0.040765     0.055314     0.048199 
   1955      1-4     0.001557     0.002061     0.001814 
   1955      5-9     0.000619     0.000789     0.000706 
   1955     10-14    0.000438     0.000659     0.000551 
   1955     15-19    0.000696     0.001249     0.000978 
   1955     20-24    0.000975     0.002278     0.001638 
   1955     25-29    0.001035     0.002274     0.001640 
   1955     30-34    0.001355     0.002212     0.001719 
   1955     35-39    0.001985     0.002456     0.002186 
   1955     40-44    0.002725     0.003777     0.003187 
   1955     45-49    0.003845     0.006139     0.004882 
   1955     50-54    0.006314     0.010705     0.008365 
   1955     55-59    0.008876     0.017663     0.012799 
   1955     60-64    0.015012     0.027042     0.020057 
   1955     65-69    0.025991     0.042428     0.032730 
   1955     70-74    0.044851     0.064592     0.052891 
   1955     75-79    0.080954     0.101351     0.089061 
   1955     80-84    0.131990     0.160104     0.142917 
   1955     85-89    0.215911     0.257632     0.231682 
   1955     90-94    0.323633     0.373915     0.340986 
   1955     95-99    0.487107     0.443036     0.473773 
   1955    100-104   0.551369     0.479425     0.537916 
   1955    105-109   0.000000     4.109589     2.090592 
   1955    110+             .            .            . 
   1956        0     0.039759     0.052257     0.046128 
   1956      1-4     0.001607     0.001771     0.001691 
   1956      5-9     0.000492     0.000676     0.000586 
   1956     10-14    0.000376     0.000512     0.000445 
   1956     15-19    0.000601     0.001335     0.000977 
   1956     20-24    0.000757     0.002738     0.001763 
   1956     25-29    0.001084     0.002292     0.001687 
   1956     30-34    0.001427     0.002285     0.001797 
   1956     35-39    0.001842     0.002844     0.002267 
   1956     40-44    0.002795     0.003985     0.003314 
   1956     45-49    0.004083     0.006167     0.005016 
   1956     50-54    0.006136     0.010556     0.008193 
   1956     55-59    0.009031     0.018226     0.013178 
   1956     60-64    0.014908     0.027347     0.020113 
   1956     65-69    0.025566     0.042296     0.032406 
   1956     70-74    0.045132     0.064165     0.052793 
   1956     75-79    0.080140     0.102902     0.089113 
   1956     80-84    0.135009     0.165500     0.146730 
   1956     85-89    0.216802     0.247940     0.228424 
   1956     90-94    0.330777     0.375483     0.346131 
   1956     95-99    0.415943     0.528012     0.449741 
   1956    100-104   0.534442     0.408024     0.505941 
   1956    105-109   4.081633            .     4.081633 
   1956    110+             .            .            . 
   1957        0     0.039747     0.052377     0.046202 
   1957      1-4     0.001617     0.001906     0.001765 
   1957      5-9     0.000529     0.000855     0.000695 
   1957     10-14    0.000485     0.000702     0.000596 
   1957     15-19    0.000633     0.001606     0.001131 
   1957     20-24    0.000926     0.002700     0.001827 
   1957     25-29    0.001160     0.002587     0.001882 
   1957     30-34    0.001388     0.002321     0.001800 
   1957     35-39    0.001699     0.002658     0.002104 
   1957     40-44    0.002542     0.004009     0.003177 
   1957     45-49    0.004086     0.006584     0.005198 
   1957     50-54    0.005936     0.010975     0.008260 
   1957     55-59    0.008998     0.018437     0.013291 
   1957     60-64    0.014802     0.028790     0.020672 
   1957     65-69    0.026042     0.043466     0.033132 
   1957     70-74    0.046580     0.067002     0.054715 
   1957     75-79    0.080445     0.102521     0.089069 
   1957     80-84    0.131785     0.157987     0.141755 
   1957     85-89    0.217305     0.241569     0.226262 
   1957     90-94    0.311857     0.354266     0.326425 
   1957     95-99    0.476467     0.491355     0.480825 
   1957    100-104   0.693715     0.473560     0.630867 
   1957    105-109   0.000000            .     0.000000 
   1957    110+             .            .            . 
   1958        0     0.037880     0.046251     0.042165 
   1958      1-4     0.001381     0.001761     0.001575 
   1958      5-9     0.000414     0.000691     0.000555 
   1958     10-14    0.000391     0.000598     0.000497 
   1958     15-19    0.000557     0.001583     0.001082 
   1958     20-24    0.000754     0.002410     0.001598 
   1958     25-29    0.000948     0.002248     0.001607 
   1958     30-34    0.001268     0.002340     0.001757 
   1958     35-39    0.001700     0.002696     0.002119 
   1958     40-44    0.002475     0.003718     0.003009 
   1958     45-49    0.003866     0.005831     0.004736 
   1958     50-54    0.005787     0.010144     0.007777 
   1958     55-59    0.008782     0.017575     0.012802 
   1958     60-64    0.014069     0.027194     0.019617 
   1958     65-69    0.023972     0.041018     0.030865 
   1958     70-74    0.042621     0.064038     0.051069 
   1958     75-79    0.075138     0.099531     0.084587 
   1958     80-84    0.128425     0.155965     0.138798 
   1958     85-89    0.208536     0.237670     0.219145 
   1958     90-94    0.298235     0.331261     0.309547 
   1958     95-99    0.499623     0.520370     0.505719 
   1958    100-104   0.597213     1.136979     0.753769 
   1958    105-109   0.000000            .     0.000000 
   1958    110+             .            .            . 
   1959        0     0.037369     0.045937     0.041757 
   1959      1-4     0.001401     0.001893     0.001652 
   1959      5-9     0.000582     0.000677     0.000630 
   1959     10-14    0.000338     0.000512     0.000427 
   1959     15-19    0.000659     0.001629     0.001154 
   1959     20-24    0.000812     0.002334     0.001589 
   1959     25-29    0.000982     0.002149     0.001574 
   1959     30-34    0.001225     0.002405     0.001783 
   1959     35-39    0.001797     0.002739     0.002193 
   1959     40-44    0.002526     0.003592     0.002982 
   1959     45-49    0.003644     0.006541     0.004917 
   1959     50-54    0.005310     0.010518     0.007666 
   1959     55-59    0.008636     0.017718     0.012798 
   1959     60-64    0.014032     0.028472     0.020197 
   1959     65-69    0.023327     0.041840     0.030772 
   1959     70-74    0.043352     0.063375     0.051163 
   1959     75-79    0.076078     0.099436     0.085069 
   1959     80-84    0.128589     0.155896     0.138758 
   1959     85-89    0.205013     0.236492     0.216313 
   1959     90-94    0.292531     0.342116     0.309313 
   1959     95-99    0.450614     0.488018     0.461865 
   1959    100-104   0.445848     0.405132     0.437063 
   1959    105-109   0.803213            .     0.803213 
   1959    110+             .            .            . 
   1960        0     0.033789     0.043517     0.038779 
   1960      1-4     0.001390     0.001718     0.001557 
   1960      5-9     0.000394     0.000676     0.000538 
   1960     10-14    0.000278     0.000492     0.000387 
   1960     15-19    0.000537     0.001429     0.000991 
   1960     20-24    0.000670     0.002142     0.001424 
   1960     25-29    0.000843     0.002083     0.001471 
   1960     30-34    0.001155     0.002086     0.001609 
   1960     35-39    0.001600     0.002809     0.002112 
   1960     40-44    0.002434     0.003725     0.002982 
   1960     45-49    0.003737     0.005846     0.004657 
   1960     50-54    0.005611     0.010579     0.007833 
   1960     55-59    0.008499     0.017763     0.012747 
   1960     60-64    0.013670     0.028737     0.020175 
   1960     65-69    0.023435     0.043943     0.031635 
   1960     70-74    0.042036     0.067412     0.051841 
   1960     75-79    0.075408     0.101216     0.085235 
   1960     80-84    0.128960     0.160208     0.140457 
   1960     85-89    0.206165     0.244649     0.219777 
   1960     90-94    0.322894     0.366907     0.337678 
   1960     95-99    0.376030     0.579629     0.435120 
   1960    100-104   0.756501     0.584416     0.722892 
   1960    105-109   1.960784     0.000000     1.351351 
   1960    110+             .            .            . 
   1961        0     0.029351     0.038939     0.034266 
   1961      1-4     0.001121     0.001503     0.001316 
   1961      5-9     0.000451     0.000557     0.000505 
   1961     10-14    0.000306     0.000524     0.000417 
   1961     15-19    0.000510     0.001327     0.000926 
   1961     20-24    0.000561     0.001808     0.001200 
   1961     25-29    0.000805     0.002002     0.001411 
   1961     30-34    0.001138     0.002094     0.001615 
   1961     35-39    0.001530     0.002765     0.002061 
   1961     40-44    0.002264     0.003635     0.002843 
   1961     45-49    0.003488     0.005671     0.004434 
   1961     50-54    0.005435     0.009753     0.007349 
   1961     55-59    0.008258     0.017123     0.012309 
   1961     60-64    0.013472     0.027334     0.019521 
   1961     65-69    0.022025     0.040689     0.029461 
   1961     70-74    0.039983     0.062608     0.048680 
   1961     75-79    0.070697     0.095118     0.079857 
   1961     80-84    0.121195     0.153084     0.132785 
   1961     85-89    0.191420     0.222524     0.202255 
   1961     90-94    0.294505     0.316575     0.301949 
   1961     95-99    0.354077     0.484661     0.389732 
   1961    100-104   0.658824     0.934871     0.714330 
   1961    105-109   0.000000     4.109589     1.401869 
   1961    110+             .            .            . 
   1962        0     0.029890     0.037681     0.033881 
   1962      1-4     0.001146     0.001228     0.001188 
   1962      5-9     0.000411     0.000537     0.000475 
   1962     10-14    0.000330     0.000509     0.000422 
   1962     15-19    0.000514     0.001261     0.000895 
   1962     20-24    0.000526     0.001689     0.001121 
   1962     25-29    0.000758     0.001782     0.001277 
   1962     30-34    0.001113     0.002227     0.001675 
   1962     35-39    0.001648     0.002447     0.002000 
   1962     40-44    0.002330     0.003560     0.002848 
   1962     45-49    0.003714     0.005994     0.004695 
   1962     50-54    0.005316     0.009809     0.007298 
   1962     55-59    0.008087     0.017515     0.012357 
   1962     60-64    0.013514     0.028608     0.020159 
   1962     65-69    0.022570     0.042958     0.030710 
   1962     70-74    0.042025     0.066699     0.051450 
   1962     75-79    0.073623     0.102406     0.084283 
   1962     80-84    0.128880     0.159590     0.139896 
   1962     85-89    0.207574     0.251488     0.222636 
   1962     90-94    0.311763     0.383919     0.335606 
   1962     95-99    0.475741     0.422820     0.460614 
   1962    100-104   0.675839     0.934871     0.728993 
   1962    105-109   1.020408            .     1.020408 
   1962    110+             .            .            . 
   1963        0     0.028468     0.035813     0.032214 
   1963      1-4     0.001131     0.001497     0.001318 
   1963      5-9     0.000358     0.000581     0.000472 
   1963     10-14    0.000329     0.000453     0.000392 
   1963     15-19    0.000468     0.001322     0.000904 
   1963     20-24    0.000605     0.001733     0.001181 
   1963     25-29    0.000700     0.001775     0.001246 
   1963     30-34    0.001051     0.002064     0.001565 
   1963     35-39    0.001684     0.002698     0.002147 
   1963     40-44    0.002207     0.003822     0.002885 
   1963     45-49    0.003680     0.005659     0.004527 
   1963     50-54    0.005209     0.009554     0.007116 
   1963     55-59    0.008337     0.016490     0.011995 
   1963     60-64    0.013546     0.028344     0.020096 
   1963     65-69    0.023393     0.044519     0.031880 
   1963     70-74    0.040993     0.066499     0.050649 
   1963     75-79    0.073057     0.102392     0.083779 
   1963     80-84    0.129040     0.156934     0.138934 
   1963     85-89    0.202860     0.247617     0.217949 
   1963     90-94    0.307997     0.389719     0.333674 
   1963     95-99    0.419540     0.518357     0.448628 
   1963    100-104   0.716544     0.428980     0.651077 
   1963    105-109   1.342282            .     1.342282 
   1963    110+             .            .            . 
   1964        0     0.025543     0.033862     0.029777 
   1964      1-4     0.001183     0.001347     0.001267 
   1964      5-9     0.000435     0.000600     0.000519 
   1964     10-14    0.000319     0.000518     0.000420 
   1964     15-19    0.000480     0.001246     0.000871 
   1964     20-24    0.000615     0.001812     0.001225 
   1964     25-29    0.000731     0.001794     0.001273 
   1964     30-34    0.000972     0.001988     0.001488 
   1964     35-39    0.001582     0.002623     0.002075 
   1964     40-44    0.002131     0.003493     0.002703 
   1964     45-49    0.003410     0.005972     0.004502 
   1964     50-54    0.005329     0.009612     0.007196 
   1964     55-59    0.007794     0.016093     0.011484 
   1964     60-64    0.013075     0.027950     0.019672 
   1964     65-69    0.022785     0.042904     0.030952 
   1964     70-74    0.039536     0.064098     0.048762 
   1964     75-79    0.068372     0.096958     0.078667 
   1964     80-84    0.121778     0.151212     0.132122 
   1964     85-89    0.193228     0.223075     0.203174 
   1964     90-94    0.285786     0.331609     0.299756 
   1964     95-99    0.370458     0.443872     0.391056 
   1964    100-104   0.567013     0.489876     0.547423 
   1964    105-109   4.081633            .     4.081633 
   1964    110+             .            .            . 
   1965        0     0.025556     0.031201     0.028436 
   1965      1-4     0.001058     0.001377     0.001221 
   1965      5-9     0.000406     0.000568     0.000489 
   1965     10-14    0.000333     0.000478     0.000407 
   1965     15-19    0.000469     0.001164     0.000824 
   1965     20-24    0.000505     0.001529     0.001026 
   1965     25-29    0.000612     0.001548     0.001091 
   1965     30-34    0.000992     0.002210     0.001611 
   1965     35-39    0.001426     0.002901     0.002147 
   1965     40-44    0.002203     0.003938     0.002938 
   1965     45-49    0.003357     0.005984     0.004470 
   1965     50-54    0.005304     0.009116     0.006954 
   1965     55-59    0.008315     0.016772     0.012034 
   1965     60-64    0.013314     0.028847     0.020208 
   1965     65-69    0.023641     0.045804     0.032740 
   1965     70-74    0.040723     0.068112     0.050936 
   1965     75-79    0.073112     0.105209     0.084523 
   1965     80-84    0.128118     0.158687     0.138716 
   1965     85-89    0.208852     0.243311     0.220235 
   1965     90-94    0.303336     0.357419     0.319657 
   1965     95-99    0.491668     0.453874     0.481033 
   1965    100-104   0.490175     0.607518     0.519931 
   1965    105-109          .            .            . 
   1965    110+             .            .            . 
   1966        0     0.024227     0.032632     0.028518 
   1966      1-4     0.001049     0.001147     0.001099 
   1966      5-9     0.000356     0.000640     0.000502 
   1966     10-14    0.000305     0.000482     0.000395 
   1966     15-19    0.000510     0.001280     0.000903 
   1966     20-24    0.000631     0.001733     0.001193 
   1966     25-29    0.000732     0.001773     0.001265 
   1966     30-34    0.000887     0.002221     0.001566 
   1966     35-39    0.001518     0.002798     0.002160 
   1966     40-44    0.002166     0.003955     0.002937 
   1966     45-49    0.003224     0.005676     0.004258 
   1966     50-54    0.005387     0.009613     0.007205 
   1966     55-59    0.007792     0.016010     0.011375 
   1966     60-64    0.013179     0.027244     0.019402 
   1966     65-69    0.022379     0.043613     0.031183 
   1966     70-74    0.039410     0.063876     0.048495 
   1966     75-79    0.070440     0.095600     0.079323 
   1966     80-84    0.122105     0.152129     0.132346 
   1966     85-89    0.193342     0.227323     0.204452 
   1966     90-94    0.302111     0.338547     0.312989 
   1966     95-99    0.356285     0.395262     0.367451 
   1966    100-104   0.628295     0.525855     0.602900 
   1966    105-109          .            .            . 
   1966    110+             .            .            . 
   1967        0     0.022467     0.030983     0.026818 
   1967      1-4     0.000924     0.001121     0.001024 
   1967      5-9     0.000357     0.000638     0.000501 
   1967     10-14    0.000299     0.000458     0.000380 
   1967     15-19    0.000519     0.001597     0.001069 
   1967     20-24    0.000586     0.001790     0.001201 
   1967     25-29    0.000657     0.001796     0.001241 
   1967     30-34    0.001017     0.002124     0.001583 
   1967     35-39    0.001368     0.002825     0.002109 
   1967     40-44    0.002360     0.003884     0.003035 
   1967     45-49    0.003386     0.005920     0.004453 
   1967     50-54    0.005206     0.009572     0.007066 
   1967     55-59    0.008128     0.015960     0.011528 
   1967     60-64    0.012810     0.028071     0.019505 
   1967     65-69    0.022597     0.045081     0.031995 
   1967     70-74    0.041556     0.068123     0.051428 
   1967     75-79    0.071803     0.102435     0.082548 
   1967     80-84    0.125038     0.162558     0.137613 
   1967     85-89    0.203879     0.235904     0.214226 
   1967     90-94    0.308686     0.340204     0.318067 
   1967     95-99    0.447585     0.493289     0.460411 
   1967    100-104   0.466579     0.706797     0.520149 
   1967    105-109          .            .            . 
   1967    110+             .            .            . 
   1968        0     0.022564     0.029032     0.025882 
   1968      1-4     0.000878     0.001131     0.001007 
   1968      5-9     0.000447     0.000612     0.000532 
   1968     10-14    0.000279     0.000429     0.000355 
   1968     15-19    0.000400     0.001468     0.000944 
   1968     20-24    0.000601     0.001868     0.001248 
   1968     25-29    0.000543     0.001630     0.001099 
   1968     30-34    0.000957     0.002152     0.001569 
   1968     35-39    0.001343     0.002717     0.002046 
   1968     40-44    0.002148     0.004095     0.003040 
   1968     45-49    0.003303     0.005998     0.004435 
   1968     50-54    0.005033     0.009725     0.007020 
   1968     55-59    0.007988     0.015878     0.011397 
   1968     60-64    0.013526     0.027698     0.019686 
   1968     65-69    0.022345     0.045497     0.032067 
   1968     70-74    0.041269     0.067992     0.051253 
   1968     75-79    0.069991     0.105754     0.082382 
   1968     80-84    0.124219     0.162732     0.136882 
   1968     85-89    0.202297     0.233146     0.212129 
   1968     90-94    0.309718     0.346176     0.320595 
   1968     95-99    0.446614     0.478034     0.455180 
   1968    100-104   0.689333     0.476632     0.643959 
   1968    105-109   0.000000     0.000000     0.000000 
   1968    110+             .            .            . 
   1969        0     0.021448     0.029320     0.025478 
   1969      1-4     0.000917     0.001146     0.001034 
   1969      5-9     0.000379     0.000634     0.000509 
   1969     10-14    0.000367     0.000461     0.000415 
   1969     15-19    0.000559     0.001408     0.000990 
   1969     20-24    0.000498     0.001813     0.001169 
   1969     25-29    0.000666     0.001653     0.001170 
   1969     30-34    0.000865     0.001975     0.001433 
   1969     35-39    0.001510     0.003016     0.002280 
   1969     40-44    0.002105     0.003956     0.002984 
   1969     45-49    0.003679     0.006435     0.004836 
   1969     50-54    0.005589     0.009444     0.007221 
   1969     55-59    0.008091     0.015639     0.011330 
   1969     60-64    0.013388     0.028235     0.019784 
   1969     65-69    0.023715     0.047603     0.033759 
   1969     70-74    0.042776     0.073799     0.054473 
   1969     75-79    0.072858     0.104973     0.083852 
   1969     80-84    0.122180     0.157793     0.133641 
   1969     85-89    0.198089     0.235453     0.209825 
   1969     90-94    0.316849     0.338683     0.323388 
   1969     95-99    0.465015     0.455180     0.462398 
   1969    100-104   0.511945     0.403587     0.484094 
   1969    105-109   0.000000     1.029160     0.340522 
   1969    110+             .            .            . 
   1970        0     0.021739     0.028939     0.025424 
   1970      1-4     0.000949     0.001072     0.001012 
   1970      5-9     0.000328     0.000653     0.000494 
   1970     10-14    0.000266     0.000556     0.000414 
   1970     15-19    0.000591     0.001528     0.001066 
   1970     20-24    0.000554     0.001941     0.001262 
   1970     25-29    0.000629     0.001649     0.001149 
   1970     30-34    0.000879     0.001834     0.001368 
   1970     35-39    0.001387     0.003064     0.002244 
   1970     40-44    0.002149     0.004345     0.003224 
   1970     45-49    0.003533     0.006176     0.004650 
   1970     50-54    0.005056     0.009711     0.007015 
   1970     55-59    0.007994     0.015828     0.011333 
   1970     60-64    0.013307     0.028291     0.019689 
   1970     65-69    0.022951     0.045933     0.032619 
   1970     70-74    0.042226     0.071160     0.053243 
   1970     75-79    0.072039     0.107143     0.083939 
   1970     80-84    0.122777     0.160460     0.134686 
   1970     85-89    0.201228     0.240649     0.213362 
   1970     90-94    0.305929     0.351177     0.319305 
   1970     95-99    0.424087     0.487840     0.440823 
   1970    100-104   0.639221     0.683938     0.651230 
   1970    105-109   0.573340     0.983607     0.665927 
   1970    110+             .            .            . 
   1971        0     0.022035     0.030054     0.026150 
   1971      1-4     0.000772     0.000986     0.000881 
   1971      5-9     0.000324     0.000559     0.000444 
   1971     10-14    0.000341     0.000521     0.000433 
   1971     15-19    0.000577     0.001718     0.001157 
   1971     20-24    0.000639     0.002039     0.001353 
   1971     25-29    0.000677     0.001824     0.001262 
   1971     30-34    0.000880     0.002051     0.001479 
   1971     35-39    0.001373     0.002996     0.002202 
   1971     40-44    0.002154     0.004295     0.003225 
   1971     45-49    0.003496     0.006152     0.004636 
   1971     50-54    0.004830     0.009632     0.006839 
   1971     55-59    0.007370     0.015358     0.010751 
   1971     60-64    0.012572     0.026189     0.018321 
   1971     65-69    0.022267     0.043572     0.031202 
   1971     70-74    0.039800     0.068496     0.050825 
   1971     75-79    0.070133     0.103286     0.081293 
   1971     80-84    0.124164     0.160641     0.135563 
   1971     85-89    0.206672     0.237734     0.216039 
   1971     90-94    0.316764     0.360667     0.329464 
   1971     95-99    0.435742     0.477200     0.446416 
   1971    100-104   0.501818     0.975000     0.608451 
   1971    105-109   1.363636     1.500000     1.384615 
   1971    110+             .            .            . 
   1972        0     0.021877     0.028171     0.025100 
   1972      1-4     0.000838     0.000964     0.000902 
   1972      5-9     0.000346     0.000527     0.000438 
   1972     10-14    0.000287     0.000556     0.000424 
   1972     15-19    0.000686     0.001612     0.001157 
   1972     20-24    0.000535     0.002026     0.001293 
   1972     25-29    0.000588     0.001843     0.001229 
   1972     30-34    0.000822     0.001950     0.001399 
   1972     35-39    0.001215     0.002951     0.002104 
   1972     40-44    0.001941     0.004338     0.003156 
   1972     45-49    0.003304     0.006415     0.004671 
   1972     50-54    0.004901     0.009528     0.006830 
   1972     55-59    0.007590     0.015819     0.011047 
   1972     60-64    0.012232     0.025202     0.017687 
   1972     65-69    0.021229     0.042746     0.030183 
   1972     70-74    0.038603     0.066340     0.049337 
   1972     75-79    0.068943     0.101610     0.079914 
   1972     80-84    0.118262     0.155310     0.129714 
   1972     85-89    0.192349     0.230663     0.203671 
   1972     90-94    0.286308     0.342877     0.302353 
   1972     95-99    0.404208     0.426338     0.410045 
   1972    100-104   0.523490     0.600000     0.538043 
   1972    105-109   0.750000     0.000000     0.631579 
   1972    110+             .            .            . 
   1973        0     0.019755     0.026989     0.023462 
   1973      1-4     0.000621     0.000997     0.000814 
   1973      5-9     0.000317     0.000554     0.000438 
   1973     10-14    0.000287     0.000400     0.000345 
   1973     15-19    0.000604     0.001707     0.001165 
   1973     20-24    0.000542     0.001827     0.001194 
   1973     25-29    0.000617     0.001793     0.001221 
   1973     30-34    0.000887     0.001895     0.001403 
   1973     35-39    0.001194     0.002642     0.001937 
   1973     40-44    0.002072     0.004135     0.003123 
   1973     45-49    0.003173     0.005957     0.004438 
   1973     50-54    0.005102     0.009201     0.006805 
   1973     55-59    0.007230     0.015013     0.010481 
   1973     60-64    0.011875     0.023939     0.016929 
   1973     65-69    0.020073     0.040748     0.028605 
   1973     70-74    0.035482     0.065585     0.047179 
   1973     75-79    0.064924     0.097830     0.076017 
   1973     80-84    0.115411     0.151085     0.126294 
   1973     85-89    0.188960     0.226442     0.199816 
   1973     90-94    0.292242     0.330294     0.302779 
   1973     95-99    0.396262     0.483696     0.418916 
   1973    100-104   0.550000     0.586957     0.557522 
   1973    105-109   1.000000     0.000000     0.750000 
   1973    110+             .            .            . 
   1974        0     0.019861     0.027610     0.023830 
   1974      1-4     0.000683     0.000986     0.000838 
   1974      5-9     0.000345     0.000463     0.000405 
   1974     10-14    0.000264     0.000385     0.000326 
   1974     15-19    0.000574     0.001646     0.001119 
   1974     20-24    0.000448     0.001837     0.001151 
   1974     25-29    0.000627     0.001598     0.001126 
   1974     30-34    0.000790     0.001913     0.001364 
   1974     35-39    0.001181     0.002571     0.001893 
   1974     40-44    0.001904     0.004317     0.003133 
   1974     45-49    0.003143     0.006167     0.004567 
   1974     50-54    0.004860     0.009898     0.006950 
   1974     55-59    0.007612     0.014680     0.010553 
   1974     60-64    0.011611     0.023794     0.016686 
   1974     65-69    0.019898     0.040777     0.028443 
   1974     70-74    0.035932     0.066410     0.047794 
   1974     75-79    0.065149     0.099784     0.076926 
   1974     80-84    0.116474     0.151933     0.127140 
   1974     85-89    0.185529     0.232269     0.198702 
   1974     90-94    0.292126     0.342876     0.306013 
   1974     95-99    0.432465     0.425738     0.430745 
   1974    100-104   0.577465     0.325581     0.518919 
   1974    105-109   0.750000     1.200000     0.923077 
   1974    110+             .            .            . 
   1975        0     0.017552     0.023458     0.020575 
   1975      1-4     0.000763     0.000913     0.000840 
   1975      5-9     0.000314     0.000485     0.000402 
   1975     10-14    0.000263     0.000466     0.000366 
   1975     15-19    0.000519     0.001634     0.001086 
   1975     20-24    0.000543     0.001875     0.001214 
   1975     25-29    0.000646     0.001479     0.001073 
   1975     30-34    0.000863     0.002052     0.001469 
   1975     35-39    0.001254     0.002518     0.001900 
   1975     40-44    0.001986     0.004301     0.003161 
   1975     45-49    0.003042     0.006359     0.004649 
   1975     50-54    0.004653     0.009516     0.006681 
   1975     55-59    0.007363     0.014863     0.010464 
   1975     60-64    0.011993     0.024028     0.016974 
   1975     65-69    0.020128     0.039992     0.028177 
   1975     70-74    0.035913     0.065158     0.047316 
   1975     75-79    0.065679     0.104110     0.078848 
   1975     80-84    0.115943     0.161569     0.129440 
   1975     85-89    0.196072     0.242058     0.208743 
   1975     90-94    0.311829     0.352883     0.322731 
   1975     95-99    0.437807     0.431980     0.436280 
   1975    100-104   0.799065     0.472727     0.708263 
   1975    105-109   1.500000     3.000000     2.000000 
   1975    110+             .            .            . 
   1976        0     0.015783     0.019853     0.017871 
   1976      1-4     0.000626     0.000841     0.000736 
   1976      5-9     0.000269     0.000392     0.000332 
   1976     10-14    0.000219     0.000399     0.000311 
   1976     15-19    0.000467     0.001526     0.001005 
   1976     20-24    0.000555     0.001748     0.001155 
   1976     25-29    0.000568     0.001617     0.001102 
   1976     30-34    0.000893     0.002017     0.001464 
   1976     35-39    0.001130     0.002240     0.001696 
   1976     40-44    0.001866     0.004348     0.003123 
   1976     45-49    0.003021     0.006204     0.004596 
   1976     50-54    0.004853     0.009652     0.006883 
   1976     55-59    0.007166     0.014354     0.010119 
   1976     60-64    0.011259     0.023364     0.016231 
   1976     65-69    0.019496     0.039346     0.027487 
   1976     70-74    0.035290     0.064639     0.046712 
   1976     75-79    0.065021     0.102137     0.077819 
   1976     80-84    0.117639     0.152679     0.127904 
   1976     85-89    0.201403     0.241712     0.212389 
   1976     90-94    0.300266     0.350053     0.313064 
   1976     95-99    0.470414     0.475578     0.471740 
   1976    100-104   0.628429     0.759036     0.666667 
   1976    105-109   0.000000     0.000000     0.000000 
   1976    110+             .            .            . 
   1977        0     0.014848     0.018690     0.016821 
   1977      1-4     0.000542     0.000780     0.000663 
   1977      5-9     0.000257     0.000376     0.000318 
   1977     10-14    0.000220     0.000368     0.000295 
   1977     15-19    0.000495     0.001720     0.001117 
   1977     20-24    0.000479     0.001841     0.001164 
   1977     25-29    0.000593     0.001521     0.001064 
   1977     30-34    0.000885     0.001862     0.001382 
   1977     35-39    0.001200     0.002471     0.001847 
   1977     40-44    0.001813     0.004033     0.002937 
   1977     45-49    0.003165     0.006554     0.004862 
   1977     50-54    0.004689     0.009515     0.006780 
   1977     55-59    0.006917     0.014570     0.010048 
   1977     60-64    0.011383     0.022824     0.016046 
   1977     65-69    0.018960     0.037183     0.026281 
   1977     70-74    0.033987     0.061362     0.044569 
   1977     75-79    0.062413     0.098053     0.074791 
   1977     80-84    0.111455     0.149453     0.122575 
   1977     85-89    0.183858     0.221926     0.194118 
   1977     90-94    0.284306     0.336557     0.297392 
   1977     95-99    0.403862     0.485689     0.423364 
   1977    100-104   0.476636     0.475610     0.476351 
   1977    105-109   0.000000     0.000000     0.000000 
   1977    110+             .            .            . 
   1978        0     0.012782     0.017389     0.015144 
   1978      1-4     0.000631     0.000830     0.000733 
   1978      5-9     0.000195     0.000344     0.000271 
   1978     10-14    0.000197     0.000338     0.000269 
   1978     15-19    0.000555     0.001636     0.001103 
   1978     20-24    0.000545     0.001943     0.001248 
   1978     25-29    0.000498     0.001645     0.001078 
   1978     30-34    0.000858     0.001889     0.001382 
   1978     35-39    0.001090     0.002525     0.001818 
   1978     40-44    0.001989     0.003891     0.002952 
   1978     45-49    0.002733     0.006661     0.004708 
   1978     50-54    0.004469     0.009728     0.006825 
   1978     55-59    0.006733     0.014578     0.009925 
   1978     60-64    0.011275     0.023121     0.016076 
   1978     65-69    0.018638     0.037815     0.026318 
   1978     70-74    0.033763     0.060964     0.044206 
   1978     75-79    0.062983     0.101299     0.076361 
   1978     80-84    0.113689     0.157995     0.126648 
   1978     85-89    0.193722     0.232929     0.204136 
   1978     90-94    0.303308     0.354241     0.315772 
   1978     95-99    0.395072     0.459633     0.409539 
   1978    100-104   0.551282     0.713287     0.589198 
   1978    105-109   0.315789     0.000000     0.193548 
   1978    110+             .            .            . 
   1979        0     0.013573     0.016370     0.015008 
   1979      1-4     0.000545     0.000721     0.000635 
   1979      5-9     0.000272     0.000370     0.000322 
   1979     10-14    0.000217     0.000374     0.000297 
   1979     15-19    0.000474     0.001614     0.001051 
   1979     20-24    0.000497     0.001933     0.001218 
   1979     25-29    0.000554     0.001570     0.001065 
   1979     30-34    0.000754     0.001675     0.001221 
   1979     35-39    0.001337     0.002445     0.001898 
   1979     40-44    0.001716     0.003788     0.002765 
   1979     45-49    0.002886     0.006911     0.004908 
   1979     50-54    0.004256     0.009505     0.006691 
   1979     55-59    0.006837     0.015291     0.010267 
   1979     60-64    0.010600     0.022779     0.015514 
   1979     65-69    0.017733     0.035504     0.024813 
   1979     70-74    0.032352     0.060895     0.043229 
   1979     75-79    0.059701     0.095219     0.072140 
   1979     80-84    0.109014     0.151061     0.121371 
   1979     85-89    0.177405     0.215093     0.187227 
   1979     90-94    0.293592     0.338667     0.304356 
   1979     95-99    0.430361     0.457694     0.436481 
   1979    100-104   0.519115     0.609375     0.537600 
   1979    105-109   1.000000     0.545455     0.827586 
   1979    110+             .            .            . 
   1980        0     0.012438     0.016795     0.014672 
   1980      1-4     0.000673     0.000686     0.000679 
   1980      5-9     0.000259     0.000414     0.000338 
   1980     10-14    0.000189     0.000379     0.000286 
   1980     15-19    0.000493     0.001518     0.001012 
   1980     20-24    0.000473     0.001805     0.001142 
   1980     25-29    0.000556     0.001633     0.001096 
   1980     30-34    0.000781     0.001650     0.001222 
   1980     35-39    0.001144     0.002420     0.001788 
   1980     40-44    0.001734     0.003572     0.002664 
   1980     45-49    0.002893     0.006625     0.004764 
   1980     50-54    0.004335     0.009619     0.006860 
   1980     55-59    0.006795     0.014865     0.010087 
   1980     60-64    0.010555     0.021635     0.014999 
   1980     65-69    0.017567     0.036033     0.024880 
   1980     70-74    0.032008     0.057838     0.041764 
   1980     75-79    0.059827     0.094656     0.072080 
   1980     80-84    0.108518     0.150451     0.120944 
   1980     85-89    0.180107     0.224565     0.191442 
   1980     90-94    0.296037     0.317028     0.301011 
   1980     95-99    0.388797     0.458989     0.404119 
   1980    100-104   0.544444     0.583333     0.552632 
   1980    105-109   1.636364     0.545455     1.090909 
   1980    110+             .            .            . 
   1981        0     0.010702     0.014795     0.012794 
   1981      1-4     0.000486     0.000725     0.000608 
   1981      5-9     0.000218     0.000295     0.000257 
   1981     10-14    0.000195     0.000330     0.000264 
   1981     15-19    0.000498     0.001478     0.000995 
   1981     20-24    0.000541     0.001758     0.001154 
   1981     25-29    0.000534     0.001519     0.001027 
   1981     30-34    0.000763     0.001547     0.001160 
   1981     35-39    0.001284     0.002497     0.001895 
   1981     40-44    0.001698     0.003782     0.002752 
   1981     45-49    0.002912     0.006203     0.004560 
   1981     50-54    0.004023     0.009909     0.006897 
   1981     55-59    0.006529     0.014575     0.009860 
   1981     60-64    0.010080     0.021394     0.014591 
   1981     65-69    0.017978     0.035278     0.024778 
   1981     70-74    0.031440     0.057816     0.041350 
   1981     75-79    0.058584     0.094354     0.071173 
   1981     80-84    0.107335     0.152206     0.120699 
   1981     85-89    0.183984     0.229032     0.195337 
   1981     90-94    0.284534     0.329860     0.295218 
   1981     95-99    0.409153     0.473749     0.423046 
   1981    100-104   0.604800     0.711111     0.623684 
   1981    105-109   0.000000     1.000000     0.571429 
   1981    110+             .            .            . 
   1982        0     0.010537     0.015207     0.012914 
   1982      1-4     0.000429     0.000649     0.000542 
   1982      5-9     0.000241     0.000294     0.000268 
   1982     10-14    0.000236     0.000301     0.000269 
   1982     15-19    0.000470     0.001494     0.000991 
   1982     20-24    0.000458     0.001780     0.001126 
   1982     25-29    0.000555     0.001646     0.001101 
   1982     30-34    0.000790     0.001930     0.001366 
   1982     35-39    0.001311     0.002414     0.001867 
   1982     40-44    0.001734     0.003769     0.002761 
   1982     45-49    0.002675     0.005846     0.004263 
   1982     50-54    0.004387     0.009683     0.007003 
   1982     55-59    0.006485     0.014656     0.009951 
   1982     60-64    0.009962     0.021333     0.014475 
   1982     65-69    0.017249     0.034680     0.024042 
   1982     70-74    0.030190     0.056231     0.039964 
   1982     75-79    0.057428     0.091219     0.069245 
   1982     80-84    0.103953     0.147834     0.117105 
   1982     85-89    0.178965     0.215455     0.188113 
   1982     90-94    0.275659     0.320095     0.286003 
   1982     95-99    0.386029     0.456815     0.400821 
   1982    100-104   0.577849     0.694215     0.596774 
   1982    105-109   1.000000     0.750000     0.900000 
   1982    110+             .            .            . 
   1983        0     0.009901     0.013370     0.011668 
   1983      1-4     0.000413     0.000536     0.000476 
   1983      5-9     0.000245     0.000291     0.000269 
   1983     10-14    0.000237     0.000281     0.000259 
   1983     15-19    0.000514     0.001437     0.000984 
   1983     20-24    0.000448     0.001739     0.001101 
   1983     25-29    0.000522     0.001506     0.001015 
   1983     30-34    0.000762     0.001715     0.001242 
   1983     35-39    0.001259     0.002523     0.001896 
   1983     40-44    0.001778     0.003801     0.002797 
   1983     45-49    0.002718     0.005952     0.004339 
   1983     50-54    0.004513     0.009793     0.007130 
   1983     55-59    0.006564     0.014577     0.010078 
   1983     60-64    0.010211     0.022374     0.015008 
   1983     65-69    0.016806     0.034580     0.023687 
   1983     70-74    0.030701     0.056922     0.040510 
   1983     75-79    0.057590     0.092513     0.069722 
   1983     80-84    0.105786     0.149086     0.118854 
   1983     85-89    0.182965     0.225569     0.193641 
   1983     90-94    0.285434     0.307215     0.290427 
   1983     95-99    0.445011     0.453056     0.446701 
   1983    100-104   0.595420     0.857143     0.635659 
   1983    105-109   1.800000     0.000000     1.125000 
   1983    110+             .            .            . 
   1984        0     0.010103     0.012671     0.011414 
   1984      1-4     0.000510     0.000589     0.000551 
   1984      5-9     0.000166     0.000316     0.000243 
   1984     10-14    0.000222     0.000300     0.000262 
   1984     15-19    0.000383     0.001320     0.000860 
   1984     20-24    0.000476     0.001777     0.001134 
   1984     25-29    0.000472     0.001560     0.001018 
   1984     30-34    0.000660     0.001658     0.001161 
   1984     35-39    0.001160     0.002412     0.001791 
   1984     40-44    0.001848     0.003624     0.002741 
   1984     45-49    0.002526     0.005777     0.004156 
   1984     50-54    0.004017     0.009607     0.006787 
   1984     55-59    0.006088     0.014312     0.009826 
   1984     60-64    0.010175     0.021553     0.014649 
   1984     65-69    0.016287     0.032367     0.022489 
   1984     70-74    0.028274     0.053005     0.037479 
   1984     75-79    0.053128     0.086843     0.064760 
   1984     80-84    0.097605     0.140730     0.110691 
   1984     85-89    0.172030     0.210972     0.181851 
   1984     90-94    0.263098     0.292940     0.269726 
   1984     95-99    0.385056     0.399549     0.388109 
   1984    100-104   0.529161     0.455696     0.515679 
   1984    105-109   0.000000     3.000000     0.300000 
   1984    110+             .            .            . 
   1985        0     0.008997     0.013113     0.011106 
   1985      1-4     0.000456     0.000603     0.000531 
   1985      5-9     0.000168     0.000209     0.000189 
   1985     10-14    0.000184     0.000325     0.000256 
   1985     15-19    0.000369     0.001216     0.000800 
   1985     20-24    0.000443     0.001639     0.001049 
   1985     25-29    0.000454     0.001388     0.000924 
   1985     30-34    0.000651     0.001539     0.001096 
   1985     35-39    0.001073     0.002177     0.001630 
   1985     40-44    0.001792     0.003709     0.002754 
   1985     45-49    0.002501     0.005212     0.003861 
   1985     50-54    0.003927     0.009073     0.006472 
   1985     55-59    0.006044     0.013890     0.009720 
   1985     60-64    0.009853     0.020934     0.014237 
   1985     65-69    0.015351     0.031539     0.021563 
   1985     70-74    0.028605     0.051507     0.037084 
   1985     75-79    0.054428     0.087562     0.065755 
   1985     80-84    0.101025     0.141810     0.113501 
   1985     85-89    0.172533     0.224215     0.185629 
   1985     90-94    0.278590     0.323066     0.288218 
   1985     95-99    0.414089     0.398727     0.410829 
   1985    100-104   0.484375     0.609137     0.509845 
   1985    105-109   0.800000            .     0.800000 
   1985    110+             .            .            . 
   1986        0     0.008624     0.011828     0.010269 
   1986      1-4     0.000382     0.000512     0.000448 
   1986      5-9     0.000209     0.000261     0.000236 
   1986     10-14    0.000145     0.000241     0.000194 
   1986     15-19    0.000400     0.001090     0.000751 
   1986     20-24    0.000424     0.001408     0.000923 
   1986     25-29    0.000432     0.001372     0.000906 
   1986     30-34    0.000605     0.001663     0.001134 
   1986     35-39    0.001153     0.002214     0.001687 
   1986     40-44    0.001734     0.003505     0.002622 
   1986     45-49    0.002618     0.004897     0.003762 
   1986     50-54    0.003629     0.008472     0.006022 
   1986     55-59    0.005734     0.013865     0.009626 
   1986     60-64    0.009322     0.020027     0.013623 
   1986     65-69    0.014864     0.030646     0.020889 
   1986     70-74    0.028139     0.050177     0.036244 
   1986     75-79    0.052284     0.082191     0.062472 
   1986     80-84    0.096593     0.135750     0.108608 
   1986     85-89    0.168468     0.211679     0.179401 
   1986     90-94    0.267494     0.305501     0.275715 
   1986     95-99    0.399640     0.499133     0.420150 
   1986    100-104   0.581818     0.642857     0.593536 
   1986    105-109   0.480000            .     0.480000 
   1986    110+             .            .            . 
   1987        0     0.008880     0.010723     0.009823 
   1987      1-4     0.000372     0.000420     0.000396 
   1987      5-9     0.000176     0.000243     0.000210 
   1987     10-14    0.000134     0.000251     0.000194 
   1987     15-19    0.000380     0.001131     0.000762 
   1987     20-24    0.000394     0.001413     0.000911 
   1987     25-29    0.000403     0.001276     0.000845 
   1987     30-34    0.000593     0.001615     0.001104 
   1987     35-39    0.001044     0.002043     0.001546 
   1987     40-44    0.001737     0.003145     0.002444 
   1987     45-49    0.002230     0.004955     0.003595 
   1987     50-54    0.003479     0.008108     0.005768 
   1987     55-59    0.005668     0.013037     0.009235 
   1987     60-64    0.008896     0.020043     0.013487 
   1987     65-69    0.014455     0.029898     0.020327 
   1987     70-74    0.027447     0.049111     0.035358 
   1987     75-79    0.050061     0.078885     0.059909 
   1987     80-84    0.093572     0.128334     0.104209 
   1987     85-89    0.162314     0.201442     0.172291 
   1987     90-94    0.258679     0.309464     0.269573 
   1987     95-99    0.391725     0.438422     0.400979 
   1987    100-104   0.510067     0.325123     0.475843 
   1987    105-109   0.800000     1.500000     0.882353 
   1987    110+             .            .            . 
   1988        0     0.007553     0.008846     0.008217 
   1988      1-4     0.000261     0.000419     0.000342 
   1988      5-9     0.000163     0.000238     0.000202 
   1988     10-14    0.000138     0.000241     0.000191 
   1988     15-19    0.000318     0.001220     0.000777 
   1988     20-24    0.000383     0.001356     0.000878 
   1988     25-29    0.000422     0.001220     0.000827 
   1988     30-34    0.000615     0.001539     0.001078 
   1988     35-39    0.000973     0.001937     0.001457 
   1988     40-44    0.001511     0.003298     0.002408 
   1988     45-49    0.002445     0.004720     0.003584 
   1988     50-54    0.003337     0.007487     0.005393 
   1988     55-59    0.005191     0.012573     0.008778 
   1988     60-64    0.008954     0.019797     0.013574 
   1988     65-69    0.014498     0.028759     0.019891 
   1988     70-74    0.026153     0.048128     0.034140 
   1988     75-79    0.046895     0.074860     0.056462 
   1988     80-84    0.090263     0.127924     0.101762 
   1988     85-89    0.158884     0.201127     0.169792 
   1988     90-94    0.250352     0.291272     0.259100 
   1988     95-99    0.395452     0.421844     0.400614 
   1988    100-104   0.502203     0.630252     0.528796 
   1988    105-109   0.960000     1.500000     1.034483 
   1988    110+             .            .            . 
   1989        0     0.007513     0.009136     0.008347 
   1989      1-4     0.000384     0.000501     0.000444 
   1989      5-9     0.000143     0.000307     0.000227 
   1989     10-14    0.000122     0.000223     0.000174 
   1989     15-19    0.000367     0.001115     0.000748 
   1989     20-24    0.000379     0.001313     0.000854 
   1989     25-29    0.000389     0.001354     0.000880 
   1989     30-34    0.000623     0.001375     0.001001 
   1989     35-39    0.000927     0.001961     0.001446 
   1989     40-44    0.001434     0.003151     0.002297 
   1989     45-49    0.002396     0.004633     0.003514 
   1989     50-54    0.003518     0.007436     0.005462 
   1989     55-59    0.005167     0.012588     0.008772 
   1989     60-64    0.008262     0.019634     0.013283 
   1989     65-69    0.014450     0.029611     0.020169 
   1989     70-74    0.025312     0.046876     0.033131 
   1989     75-79    0.046096     0.074229     0.055708 
   1989     80-84    0.087611     0.125381     0.099106 
   1989     85-89    0.156192     0.199166     0.167427 
   1989     90-94    0.251032     0.314412     0.264467 
   1989     95-99    0.382625     0.400125     0.385930 
   1989    100-104   0.574468     0.661017     0.591837 
   1989    105-109   0.444444     1.500000     0.580645 
   1989    110+             .            .            . 
   1990        0     0.007180     0.008578     0.007897 
   1990      1-4     0.000398     0.000469     0.000434 
   1990      5-9     0.000137     0.000203     0.000171 
   1990     10-14    0.000123     0.000196     0.000160 
   1990     15-19    0.000313     0.001013     0.000669 
   1990     20-24    0.000360     0.001328     0.000853 
   1990     25-29    0.000413     0.001127     0.000777 
   1990     30-34    0.000549     0.001495     0.001027 
   1990     35-39    0.000886     0.001817     0.001353 
   1990     40-44    0.001592     0.003138     0.002370 
   1990     45-49    0.002334     0.004940     0.003634 
   1990     50-54    0.003472     0.006790     0.005121 
   1990     55-59    0.005538     0.011963     0.008655 
   1990     60-64    0.008072     0.019278     0.013172 
   1990     65-69    0.014027     0.029818     0.020022 
   1990     70-74    0.022732     0.044464     0.030583 
   1990     75-79    0.045291     0.075021     0.055404 
   1990     80-84    0.086835     0.123075     0.097817 
   1990     85-89    0.156191     0.191313     0.165505 
   1990     90-94    0.242478     0.292190     0.252963 
   1990     95-99    0.365539     0.389354     0.369856 
   1990    100-104   0.520124     0.567568     0.528967 
   1990    105-109   0.666667     0.857143     0.697674 
   1990    110+             .            .            . 
   1991        0     0.006691     0.008570     0.007656 
   1991      1-4     0.000340     0.000430     0.000386 
   1991      5-9     0.000142     0.000224     0.000184 
   1991     10-14    0.000116     0.000166     0.000142 
   1991     15-19    0.000324     0.001033     0.000685 
   1991     20-24    0.000425     0.001357     0.000899 
   1991     25-29    0.000360     0.001326     0.000854 
   1991     30-34    0.000578     0.001428     0.001011 
   1991     35-39    0.000891     0.001864     0.001380 
   1991     40-44    0.001583     0.003239     0.002417 
   1991     45-49    0.002340     0.004881     0.003607 
   1991     50-54    0.003347     0.006980     0.005153 
   1991     55-59    0.005296     0.012092     0.008593 
   1991     60-64    0.007939     0.018588     0.012892 
   1991     65-69    0.014167     0.029619     0.020122 
   1991     70-74    0.023507     0.042895     0.030484 
   1991     75-79    0.045058     0.074879     0.055126 
   1991     80-84    0.084074     0.122252     0.095643 
   1991     85-89    0.152683     0.190678     0.162846 
   1991     90-94    0.251028     0.294771     0.260356 
   1991     95-99    0.364248     0.422727     0.374604 
   1991    100-104   0.507194     0.305882     0.469642 
   1991    105-109   0.300000     1.500000     0.409091 
   1991    110+             .            .            . 
   1992        0     0.006508     0.008616     0.007592 
   1992      1-4     0.000399     0.000367     0.000383 
   1992      5-9     0.000124     0.000152     0.000138 
   1992     10-14    0.000112     0.000195     0.000155 
   1992     15-19    0.000334     0.001010     0.000679 
   1992     20-24    0.000383     0.001330     0.000863 
   1992     25-29    0.000405     0.001123     0.000772 
   1992     30-34    0.000563     0.001327     0.000954 
   1992     35-39    0.000928     0.001826     0.001380 
   1992     40-44    0.001400     0.002936     0.002173 
   1992     45-49    0.002422     0.004890     0.003654 
   1992     50-54    0.003326     0.007215     0.005256 
   1992     55-59    0.005074     0.011452     0.008171 
   1992     60-64    0.007961     0.018963     0.013138 
   1992     65-69    0.013780     0.028884     0.019748 
   1992     70-74    0.023565     0.042545     0.030376 
   1992     75-79    0.044244     0.074174     0.054263 
   1992     80-84    0.082459     0.119359     0.093686 
   1992     85-89    0.150631     0.193661     0.162060 
   1992     90-94    0.246296     0.297747     0.257401 
   1992     95-99    0.357078     0.369159     0.359233 
   1992    100-104   0.510121     0.847826     0.571807 
   1992    105-109   0.210526            .     0.210526 
   1992    110+      0.000000            .     0.000000 
   1993        0     0.005638     0.007366     0.006525 
   1993      1-4     0.000305     0.000325     0.000315 
   1993      5-9     0.000177     0.000206     0.000192 
   1993     10-14    0.000210     0.000220     0.000215 
   1993     15-19    0.000333     0.001144     0.000747 
   1993     20-24    0.000436     0.001403     0.000924 
   1993     25-29    0.000386     0.001234     0.000820 
   1993     30-34    0.000656     0.001250     0.000960 
   1993     35-39    0.000753     0.001903     0.001334 
   1993     40-44    0.001491     0.002757     0.002128 
   1993     45-49    0.002414     0.004509     0.003461 
   1993     50-54    0.003370     0.007103     0.005219 
   1993     55-59    0.005172     0.011082     0.008047 
   1993     60-64    0.008109     0.018671     0.013099 
   1993     65-69    0.013249     0.028312     0.019413 
   1993     70-74    0.022769     0.042570     0.029834 
   1993     75-79    0.043748     0.072799     0.053442 
   1993     80-84    0.079170     0.115524     0.090246 
   1993     85-89    0.146380     0.191189     0.158225 
   1993     90-94    0.245079     0.295043     0.256045 
   1993     95-99    0.381567     0.428151     0.389772 
   1993    100-104   0.571010     0.531915     0.564320 
   1993    105-109   0.750000     0.000000     0.711864 
   1993    110+      0.000000            .     0.000000 
   1994        0     0.005544     0.006842     0.006209 
   1994      1-4     0.000318     0.000399     0.000360 
   1994      5-9     0.000124     0.000189     0.000157 
   1994     10-14    0.000129     0.000245     0.000189 
   1994     15-19    0.000438     0.001038     0.000746 
   1994     20-24    0.000383     0.001425     0.000907 
   1994     25-29    0.000424     0.001211     0.000826 
   1994     30-34    0.000565     0.001318     0.000951 
   1994     35-39    0.000834     0.001855     0.001351 
   1994     40-44    0.001404     0.002889     0.002152 
   1994     45-49    0.002508     0.004380     0.003445 
   1994     50-54    0.003142     0.006775     0.004939 
   1994     55-59    0.004838     0.010417     0.007560 
   1994     60-64    0.007696     0.018175     0.012650 
   1994     65-69    0.012940     0.026599     0.018744 
   1994     70-74    0.022415     0.043441     0.029890 
   1994     75-79    0.042017     0.068390     0.050826 
   1994     80-84    0.078028     0.108474     0.087297 
   1994     85-89    0.138698     0.179984     0.149601 
   1994     90-94    0.237283     0.285602     0.247995 
   1994     95-99    0.353356     0.406497     0.362621 
   1994    100-104   0.499667     0.626866     0.518937 
   1994    105-109   0.447761     1.090909     0.538462 
   1994    110+      0.857143            .     0.857143 
   1995        0     0.004820     0.005829     0.005337 
   1995      1-4     0.000264     0.000368     0.000317 
   1995      5-9     0.000097     0.000159     0.000129 
   1995     10-14    0.000141     0.000180     0.000161 
   1995     15-19    0.000327     0.001019     0.000682 
   1995     20-24    0.000272     0.001325     0.000801 
   1995     25-29    0.000412     0.001122     0.000774 
   1995     30-34    0.000519     0.001378     0.000958 
   1995     35-39    0.000793     0.001784     0.001296 
   1995     40-44    0.001378     0.002844     0.002115 
   1995     45-49    0.002312     0.004392     0.003356 
   1995     50-54    0.003514     0.007117     0.005294 
   1995     55-59    0.004452     0.010173     0.007252 
   1995     60-64    0.007617     0.017958     0.012506 
   1995     65-69    0.012440     0.026661     0.018681 
   1995     70-74    0.022079     0.041917     0.029176 
   1995     75-79    0.038766     0.066172     0.047914 
   1995     80-84    0.078122     0.112025     0.088420 
   1995     85-89    0.140171     0.186086     0.152230 
   1995     90-94    0.238629     0.282104     0.248365 
   1995     95-99    0.355208     0.412644     0.365245 
   1995    100-104   0.495061     0.408000     0.484018 
   1995    105-109   0.843750     2.571429     1.014085 
   1995    110+      0.000000            .     0.000000 
   1996        0     0.004809     0.005348     0.005085 
   1996      1-4     0.000250     0.000326     0.000289 
   1996      5-9     0.000175     0.000141     0.000158 
   1996     10-14    0.000077     0.000222     0.000151 
   1996     15-19    0.000276     0.000843     0.000567 
   1996     20-24    0.000284     0.001217     0.000752 
   1996     25-29    0.000334     0.001008     0.000675 
   1996     30-34    0.000517     0.001176     0.000854 
   1996     35-39    0.000868     0.001748     0.001316 
   1996     40-44    0.001194     0.002663     0.001931 
   1996     45-49    0.002272     0.004533     0.003407 
   1996     50-54    0.003509     0.007189     0.005328 
   1996     55-59    0.004614     0.009745     0.007128 
   1996     60-64    0.007459     0.017072     0.012008 
   1996     65-69    0.012410     0.026778     0.018864 
   1996     70-74    0.021484     0.041147     0.028641 
   1996     75-79    0.038105     0.063479     0.046554 
   1996     80-84    0.076068     0.112723     0.087133 
   1996     85-89    0.141269     0.180041     0.151469 
   1996     90-94    0.237110     0.280962     0.246951 
   1996     95-99    0.369659     0.423216     0.378990 
   1996    100-104   0.516340     0.972332     0.571565 
   1996    105-109   0.827586     0.000000     0.786885 
   1996    110+      0.000000            .     0.000000 
   1997        0     0.004613     0.004579     0.004596 
   1997      1-4     0.000239     0.000344     0.000293 
   1997      5-9     0.000121     0.000136     0.000129 
   1997     10-14    0.000113     0.000179     0.000147 
   1997     15-19    0.000311     0.000897     0.000611 
   1997     20-24    0.000301     0.001297     0.000801 
   1997     25-29    0.000306     0.000948     0.000629 
   1997     30-34    0.000410     0.001016     0.000719 
   1997     35-39    0.000699     0.001554     0.001135 
   1997     40-44    0.001224     0.002465     0.001847 
   1997     45-49    0.002062     0.004386     0.003226 
   1997     50-54    0.003150     0.006632     0.004874 
   1997     55-59    0.004291     0.009637     0.006910 
   1997     60-64    0.007223     0.016401     0.011579 
   1997     65-69    0.011807     0.026701     0.018583 
   1997     70-74    0.020673     0.039615     0.027764 
   1997     75-79    0.036660     0.063985     0.045738 
   1997     80-84    0.076945     0.112719     0.087657 
   1997     85-89    0.134376     0.178471     0.146071 
   1997     90-94    0.228066     0.292100     0.242286 
   1997     95-99    0.369930     0.416046     0.377895 
   1997    100-104   0.479757     0.471910     0.478823 
   1997    105-109   0.493151     1.200000     0.538462 
   1997    110+      0.000000            .     0.000000 
   1998        0     0.004368     0.005244     0.004816 
   1998      1-4     0.000261     0.000282     0.000272 
   1998      5-9     0.000138     0.000131     0.000134 
   1998     10-14    0.000110     0.000146     0.000128 
   1998     15-19    0.000258     0.000768     0.000519 
   1998     20-24    0.000287     0.001083     0.000688 
   1998     25-29    0.000289     0.000941     0.000616 
   1998     30-34    0.000452     0.000996     0.000729 
   1998     35-39    0.000716     0.001552     0.001142 
   1998     40-44    0.001191     0.002326     0.001761 
   1998     45-49    0.001926     0.004115     0.003021 
   1998     50-54    0.003149     0.006760     0.004939 
   1998     55-59    0.004576     0.009665     0.007066 
   1998     60-64    0.006758     0.014352     0.010377 
   1998     65-69    0.010966     0.026216     0.017934 
   1998     70-74    0.019818     0.039016     0.027279 
   1998     75-79    0.035691     0.062276     0.044472 
   1998     80-84    0.075887     0.107167     0.085242 
   1998     85-89    0.132313     0.175525     0.143797 
   1998     90-94    0.226911     0.287917     0.240360 
   1998     95-99    0.367863     0.430840     0.378858 
   1998    100-104   0.490196     0.613419     0.505906 
   1998    105-109   0.477273     0.000000     0.446809 
   1998    110+      0.000000            .     0.000000 
   1999        0     0.004224     0.004281     0.004253 
   1999      1-4     0.000181     0.000374     0.000280 
   1999      5-9     0.000099     0.000114     0.000107 
   1999     10-14    0.000158     0.000150     0.000154 
   1999     15-19    0.000335     0.000799     0.000572 
   1999     20-24    0.000312     0.001077     0.000698 
   1999     25-29    0.000333     0.000865     0.000598 
   1999     30-34    0.000467     0.000997     0.000736 
   1999     35-39    0.000760     0.001574     0.001175 
   1999     40-44    0.001235     0.002413     0.001828 
   1999     45-49    0.002012     0.003638     0.002824 
   1999     50-54    0.003253     0.006189     0.004710 
   1999     55-59    0.004449     0.009352     0.006845 
   1999     60-64    0.006625     0.014903     0.010588 
   1999     65-69    0.010927     0.024696     0.017229 
   1999     70-74    0.019691     0.038027     0.027104 
   1999     75-79    0.035384     0.061768     0.044070 
   1999     80-84    0.071018     0.105071     0.081234 
   1999     85-89    0.134235     0.168249     0.143284 
   1999     90-94    0.235764     0.263209     0.241857 
   1999     95-99    0.362042     0.438976     0.375794 
   1999    100-104   0.566038     0.659794     0.576877 
   1999    105-109   0.571429     0.000000     0.512821 
   1999    110+      0.000000            .     0.000000 
   2000        0     0.004226     0.005353     0.004804 
   2000      1-4     0.000228     0.000223     0.000226 
   2000      5-9     0.000108     0.000148     0.000128 
   2000     10-14    0.000122     0.000174     0.000149 
   2000     15-19    0.000303     0.000843     0.000579 
   2000     20-24    0.000341     0.001056     0.000703 
   2000     25-29    0.000325     0.001074     0.000698 
   2000     30-34    0.000397     0.000993     0.000699 
   2000     35-39    0.000688     0.001353     0.001026 
   2000     40-44    0.001295     0.002368     0.001836 
   2000     45-49    0.002043     0.003549     0.002795 
   2000     50-54    0.003220     0.006397     0.004800 
   2000     55-59    0.004425     0.009382     0.006844 
   2000     60-64    0.006160     0.013681     0.009774 
   2000     65-69    0.010311     0.022816     0.016043 
   2000     70-74    0.018577     0.036021     0.025873 
   2000     75-79    0.035172     0.059584     0.043274 
   2000     80-84    0.065845     0.095643     0.074813 
   2000     85-89    0.132527     0.165393     0.141279 
   2000     90-94    0.228876     0.265870     0.237165 
   2000     95-99    0.348156     0.398344     0.357181 
   2000    100-104   0.493404     0.503106     0.494607 
   2000    105-109   0.666667     0.857143     0.687023 
   2000    110+      4.000000            .     4.000000 
   2001        0     0.003641     0.005848     0.004777 
   2001      1-4     0.000217     0.000242     0.000229 
   2001      5-9     0.000092     0.000100     0.000096 
   2001     10-14    0.000134     0.000111     0.000122 
   2001     15-19    0.000296     0.000785     0.000546 
   2001     20-24    0.000286     0.000949     0.000623 
   2001     25-29    0.000304     0.000908     0.000604 
   2001     30-34    0.000457     0.000960     0.000711 
   2001     35-39    0.000619     0.001370     0.001001 
   2001     40-44    0.001165     0.002223     0.001700 
   2001     45-49    0.001879     0.003744     0.002809 
   2001     50-54    0.003168     0.005973     0.004564 
   2001     55-59    0.004254     0.009339     0.006737 
   2001     60-64    0.006186     0.012416     0.009186 
   2001     65-69    0.009939     0.021921     0.015447 
   2001     70-74    0.017809     0.034205     0.024847 
   2001     75-79    0.033217     0.055692     0.040832 
   2001     80-84    0.061141     0.092163     0.070499 
   2001     85-89    0.126525     0.164200     0.136518 
   2001     90-94    0.220000     0.260330     0.229111 
   2001     95-99    0.361558     0.369960     0.363115 
   2001    100-104   0.448577     0.470886     0.451485 
   2001    105-109   0.576000     0.600000     0.577778 
   2001    110+             .            .            . 
   2002        0     0.003495     0.004846     0.004189 
   2002      1-4     0.000152     0.000235     0.000195 
   2002      5-9     0.000071     0.000131     0.000102 
   2002     10-14    0.000124     0.000121     0.000123 
   2002     15-19    0.000294     0.000727     0.000515 
   2002     20-24    0.000303     0.000934     0.000623 
   2002     25-29    0.000318     0.000937     0.000627 
   2002     30-34    0.000378     0.000929     0.000655 
   2002     35-39    0.000688     0.001276     0.000987 
   2002     40-44    0.001127     0.002186     0.001664 
   2002     45-49    0.001786     0.003457     0.002620 
   2002     50-54    0.002863     0.006048     0.004446 
   2002     55-59    0.004362     0.009068     0.006664 
   2002     60-64    0.005737     0.012549     0.009020 
   2002     65-69    0.010108     0.020622     0.014962 
   2002     70-74    0.017666     0.034608     0.025042 
   2002     75-79    0.034000     0.056080     0.041727 
   2002     80-84    0.061629     0.092129     0.070844 
   2002     85-89    0.130036     0.168857     0.140267 
   2002     90-94    0.221330     0.269865     0.232417 
   2002     95-99    0.361778     0.414325     0.371405 
   2002    100-104   0.519289     0.474041     0.513435 
   2002    105-109   0.756303     0.750000     0.755906 
   2002    110+             .     6.000000     6.000000 
   2003        0     0.004017     0.004864     0.004451 
   2003      1-4     0.000270     0.000293     0.000282 
   2003      5-9     0.000059     0.000117     0.000088 
   2003     10-14    0.000135     0.000128     0.000132 
   2003     15-19    0.000358     0.000685     0.000525 
   2003     20-24    0.000309     0.001010     0.000664 
   2003     25-29    0.000254     0.000822     0.000539 
   2003     30-34    0.000444     0.000909     0.000677 
   2003     35-39    0.000639     0.001242     0.000945 
   2003     40-44    0.001069     0.001950     0.001516 
   2003     45-49    0.001829     0.003441     0.002634 
   2003     50-54    0.002728     0.005753     0.004231 
   2003     55-59    0.004599     0.008676     0.006596 
   2003     60-64    0.006418     0.013312     0.009736 
   2003     65-69    0.009252     0.020492     0.014469 
   2003     70-74    0.017603     0.034213     0.024874 
   2003     75-79    0.032762     0.055521     0.041064 
   2003     80-84    0.064169     0.092814     0.072781 
   2003     85-89    0.133783     0.165656     0.142195 
   2003     90-94    0.224273     0.257345     0.231927 
   2003     95-99    0.367746     0.405566     0.374644 
   2003    100-104   0.532510     0.516252     0.530147 
   2003    105-109   0.577778     1.500000     0.629371 
   2003    110+             .            .            . 
   2004        0     0.004348     0.004745     0.004552 
   2004      1-4     0.000129     0.000183     0.000157 
   2004      5-9     0.000125     0.000128     0.000127 
   2004     10-14    0.000122     0.000128     0.000125 
   2004     15-19    0.000372     0.000764     0.000573 
   2004     20-24    0.000262     0.001010     0.000640 
   2004     25-29    0.000277     0.000875     0.000577 
   2004     30-34    0.000361     0.000838     0.000599 
   2004     35-39    0.000541     0.001258     0.000905 
   2004     40-44    0.000902     0.001809     0.001362 
   2004     45-49    0.001568     0.003377     0.002473 
   2004     50-54    0.002664     0.005500     0.004071 
   2004     55-59    0.004319     0.008770     0.006503 
   2004     60-64    0.006422     0.012875     0.009523 
   2004     65-69    0.009268     0.018940     0.013786 
   2004     70-74    0.016008     0.032086     0.023072 
   2004     75-79    0.030342     0.051825     0.038518 
   2004     80-84    0.061887     0.090949     0.070596 
   2004     85-89    0.118896     0.148785     0.126871 
   2004     90-94    0.213626     0.250233     0.222141 
   2004     95-99    0.332768     0.381188     0.341732 
   2004    100-104   0.443521     0.559859     0.460722 
   2004    105-109   0.518519     2.000000     0.571429 
   2004    110+             .            .            . 
   2005        0     0.003976     0.004363     0.004174 
   2005      1-4     0.000219     0.000207     0.000213 
   2005      5-9     0.000109     0.000149     0.000129 
   2005     10-14    0.000089     0.000140     0.000115 
   2005     15-19    0.000256     0.000710     0.000489 
   2005     20-24    0.000300     0.000893     0.000600 
   2005     25-29    0.000291     0.000808     0.000552 
   2005     30-34    0.000348     0.000893     0.000619 
   2005     35-39    0.000622     0.001206     0.000918 
   2005     40-44    0.000914     0.001775     0.001351 
   2005     45-49    0.001692     0.003026     0.002361 
   2005     50-54    0.002622     0.005378     0.003987 
   2005     55-59    0.004259     0.008841     0.006511 
   2005     60-64    0.005993     0.012895     0.009305 
   2005     65-69    0.008829     0.018453     0.013350 
   2005     70-74    0.016111     0.031029     0.022685 
   2005     75-79    0.030411     0.050925     0.038504 
   2005     80-84    0.061525     0.090101     0.070171 
   2005     85-89    0.113256     0.145959     0.122070 
   2005     90-94    0.215878     0.255895     0.225155 
   2005     95-99    0.338780     0.353300     0.341542 
   2005    100-104   0.514525     0.538983     0.517967 
   2005    105-109   0.712500     1.384615     0.763006 
   2005    110+      6.000000            .     6.000000 
   2006        0     0.003098     0.004108     0.003613 
   2006      1-4     0.000179     0.000255     0.000218 
   2006      5-9     0.000082     0.000111     0.000097 
   2006     10-14    0.000098     0.000130     0.000114 
   2006     15-19    0.000258     0.000716     0.000493 
   2006     20-24    0.000289     0.000837     0.000566 
   2006     25-29    0.000290     0.000695     0.000495 
   2006     30-34    0.000387     0.000818     0.000601 
   2006     35-39    0.000518     0.001169     0.000846 
   2006     40-44    0.000946     0.001671     0.001314 
   2006     45-49    0.001418     0.002910     0.002169 
   2006     50-54    0.002396     0.005006     0.003687 
   2006     55-59    0.004086     0.008461     0.006236 
   2006     60-64    0.005835     0.012582     0.009074 
   2006     65-69    0.008922     0.017645     0.013032 
   2006     70-74    0.015360     0.029367     0.021562 
   2006     75-79    0.028927     0.049408     0.037233 
   2006     80-84    0.058389     0.086847     0.067193 
   2006     85-89    0.111131     0.143524     0.119907 
   2006     90-94    0.213292     0.257992     0.223549 
   2006     95-99    0.332426     0.377092     0.341143 
   2006    100-104   0.435406     0.595489     0.458587 
   2006    105-109   0.582857     0.923077     0.606383 
   2006    110+             .            .            . 
   2007        0     0.003254     0.004038     0.003654 
   2007      1-4     0.000153     0.000189     0.000171 
   2007      5-9     0.000059     0.000103     0.000082 
   2007     10-14    0.000086     0.000119     0.000103 
   2007     15-19    0.000243     0.000647     0.000450 
   2007     20-24    0.000237     0.000909     0.000576 
   2007     25-29    0.000246     0.000680     0.000465 
   2007     30-34    0.000301     0.000872     0.000586 
   2007     35-39    0.000491     0.001099     0.000796 
   2007     40-44    0.000916     0.001653     0.001290 
   2007     45-49    0.001582     0.002932     0.002263 
   2007     50-54    0.002489     0.005014     0.003739 
   2007     55-59    0.004116     0.008159     0.006101 
   2007     60-64    0.005891     0.012336     0.008990 
   2007     65-69    0.008762     0.017691     0.012970 
   2007     70-74    0.014389     0.028451     0.020657 
   2007     75-79    0.028068     0.049407     0.036855 
   2007     80-84    0.057270     0.084044     0.065858 
   2007     85-89    0.111338     0.136971     0.118304 
   2007     90-94    0.207455     0.252852     0.217821 
   2007     95-99    0.338478     0.371012     0.344867 
   2007    100-104   0.464948     0.695733     0.495702 
   2007    105-109   0.606061     0.800000     0.619718 
   2007    110+             .            .            . 
   2008        0     0.003010     0.004458     0.003753 
   2008      1-4     0.000166     0.000214     0.000191 
   2008      5-9     0.000085     0.000067     0.000076 
   2008     10-14    0.000066     0.000114     0.000091 
   2008     15-19    0.000287     0.000569     0.000431 
   2008     20-24    0.000284     0.000823     0.000556 
   2008     25-29    0.000255     0.000682     0.000470 
   2008     30-34    0.000334     0.000730     0.000532 
   2008     35-39    0.000451     0.001059     0.000755 
   2008     40-44    0.000795     0.001572     0.001189 
   2008     45-49    0.001438     0.002842     0.002147 
   2008     50-54    0.002639     0.004729     0.003674 
   2008     55-59    0.003809     0.007926     0.005827 
   2008     60-64    0.005845     0.012367     0.008985 
   2008     65-69    0.008783     0.017460     0.012869 
   2008     70-74    0.014008     0.026553     0.019639 
   2008     75-79    0.027925     0.047340     0.035982 
   2008     80-84    0.056890     0.081806     0.065274 
   2008     85-89    0.109458     0.142854     0.118498 
   2008     90-94    0.212082     0.261100     0.223307 
   2008     95-99    0.328491     0.376773     0.338012 
   2008    100-104   0.509204     0.507249     0.508936 
   2008    105-109   0.466019     2.727273     0.580645 
   2008    110+      6.000000            .     6.000000 
   2009        0     0.003522     0.004021     0.003778 
   2009      1-4     0.000219     0.000197     0.000207 
   2009      5-9     0.000086     0.000105     0.000096 
   2009     10-14    0.000113     0.000143     0.000128 
   2009     15-19    0.000209     0.000592     0.000405 
   2009     20-24    0.000256     0.000764     0.000513 
   2009     25-29    0.000273     0.000710     0.000492 
   2009     30-34    0.000340     0.000760     0.000551 
   2009     35-39    0.000527     0.001051     0.000787 
   2009     40-44    0.000852     0.001674     0.001267 
   2009     45-49    0.001510     0.003014     0.002269 
   2009     50-54    0.002613     0.004913     0.003755 
   2009     55-59    0.003657     0.008168     0.005866 
   2009     60-64    0.006109     0.012914     0.009390 
   2009     65-69    0.009068     0.018153     0.013341 
   2009     70-74    0.014267     0.026999     0.020032 
   2009     75-79    0.027641     0.047581     0.035962 
   2009     80-84    0.056286     0.081865     0.065309 
   2009     85-89    0.111759     0.145603     0.120873 
   2009     90-94    0.198290     0.236613     0.207159 
   2009     95-99    0.341068     0.377198     0.348223 
   2009    100-104   0.480771     0.513476     0.485735 
   2009    105-109   0.862620     0.600000     0.849343 
   2009    110+             .            .            . 
   2010        0     0.003513     0.004439     0.003987 
   2010      1-4     0.000175     0.000204     0.000190 
   2010      5-9     0.000101     0.000062     0.000081 
   2010     10-14    0.000084     0.000098     0.000091 
   2010     15-19    0.000181     0.000536     0.000364 
   2010     20-24    0.000256     0.000910     0.000586 
   2010     25-29    0.000260     0.000694     0.000477 
   2010     30-34    0.000316     0.000799     0.000558 
   2010     35-39    0.000558     0.001086     0.000820 
   2010     40-44    0.000814     0.001551     0.001185 
   2010     45-49    0.001539     0.002832     0.002192 
   2010     50-54    0.002349     0.004956     0.003647 
   2010     55-59    0.003676     0.007682     0.005636 
   2010     60-64    0.006216     0.012630     0.009313 
   2010     65-69    0.008700     0.018493     0.013297 
   2010     70-74    0.013631     0.025902     0.019228 
   2010     75-79    0.026106     0.044535     0.033837 
   2010     80-84    0.054425     0.078943     0.063429 
   2010     85-89    0.109623     0.142232     0.118477 
   2010     90-94    0.191968     0.230265     0.201003 
   2010     95-99    0.325992     0.394217     0.339225 
   2010    100-104   0.561627     0.595906     0.566976 
   2010    105-109   0.542031     1.125000     0.583245 
   2010    110+      0.000000            .     0.000000 
   2011        0     0.002774     0.004392     0.003606 
   2011      1-4     0.000124     0.000229     0.000177 
   2011      5-9     0.000096     0.000082     0.000089 
   2011     10-14    0.000076     0.000086     0.000081 
   2011     15-19    0.000217     0.000479     0.000352 
   2011     20-24    0.000273     0.000750     0.000515 
   2011     25-29    0.000322     0.000644     0.000484 
   2011     30-34    0.000330     0.000773     0.000552 
   2011     35-39    0.000458     0.000966     0.000710 
   2011     40-44    0.000779     0.001530     0.001156 
   2011     45-49    0.001516     0.002615     0.002070 
   2011     50-54    0.002397     0.004603     0.003499 
   2011     55-59    0.003807     0.007390     0.005559 
   2011     60-64    0.005954     0.012525     0.009125 
   2011     65-69    0.009088     0.017902     0.013225 
   2011     70-74    0.013035     0.024505     0.018285 
   2011     75-79    0.024841     0.044137     0.032989 
   2011     80-84    0.051544     0.078017     0.061549 
   2011     85-89    0.104395     0.136397     0.113323 
   2011     90-94    0.185413     0.224705     0.194757 
   2011     95-99    0.323395     0.356820     0.329759 
   2011    100-104   0.485999     0.482740     0.485457 
   2011    105-109   0.393261     0.500000     0.402301 
   2011    110+      0.000000            .     0.000000 
   2012        0     0.003271     0.003209     0.003239 
   2012      1-4     0.000123     0.000166     0.000145 
   2012      5-9     0.000081     0.000087     0.000084 
   2012     10-14    0.000102     0.000139     0.000121 
   2012     15-19    0.000187     0.000442     0.000318 
   2012     20-24    0.000186     0.000612     0.000403 
   2012     25-29    0.000240     0.000785     0.000514 
   2012     30-34    0.000318     0.000678     0.000499 
   2012     35-39    0.000464     0.000985     0.000723 
   2012     40-44    0.000769     0.001478     0.001123 
   2012     45-49    0.001434     0.002514     0.001978 
   2012     50-54    0.002368     0.004410     0.003390 
   2012     55-59    0.003571     0.007143     0.005320 
   2012     60-64    0.005970     0.012251     0.008998 
   2012     65-69    0.009279     0.017924     0.013344 
   2012     70-74    0.014019     0.026273     0.019633 
   2012     75-79    0.025186     0.042570     0.032589 
   2012     80-84    0.052505     0.075628     0.061392 
   2012     85-89    0.109027     0.136522     0.117040 
   2012     90-94    0.196381     0.234695     0.205475 
   2012     95-99    0.344065     0.400875     0.354954 
   2012    100-104   0.470751     0.568308     0.486657 
   2012    105-109   0.721154     0.326087     0.671824 
   2012    110+      2.666667            .     2.666667 
   2013        0     0.002672     0.003563     0.003133 
   2013      1-4     0.000135     0.000200     0.000169 
   2013      5-9     0.000091     0.000087     0.000089 
   2013     10-14    0.000089     0.000136     0.000113 
   2013     15-19    0.000160     0.000357     0.000261 
   2013     20-24    0.000222     0.000581     0.000404 
   2013     25-29    0.000210     0.000614     0.000413 
   2013     30-34    0.000321     0.000642     0.000482 
   2013     35-39    0.000466     0.000973     0.000718 
   2013     40-44    0.000792     0.001322     0.001055 
   2013     45-49    0.001360     0.002601     0.001985 
   2013     50-54    0.002209     0.004363     0.003289 
   2013     55-59    0.003492     0.007192     0.005308 
   2013     60-64    0.006001     0.011686     0.008742 
   2013     65-69    0.009115     0.018024     0.013309 
   2013     70-74    0.013819     0.025100     0.018982 
   2013     75-79    0.024586     0.041739     0.031957 
   2013     80-84    0.050372     0.076877     0.060662 
   2013     85-89    0.105081     0.135129     0.114307 
   2013     90-94    0.194963     0.235014     0.204427 
   2013     95-99    0.340244     0.386878     0.349242 
   2013    100-104   0.496821     0.497151     0.496873 
   2013    105-109   0.517710     1.131838     0.622540 
   2013    110+             .            .            . 
   2014        0     0.003096     0.003169     0.003134 
   2014      1-4     0.000128     0.000162     0.000145 
   2014      5-9     0.000101     0.000087     0.000094 
   2014     10-14    0.000089     0.000113     0.000101 
   2014     15-19    0.000181     0.000435     0.000311 
   2014     20-24    0.000198     0.000517     0.000360 
   2014     25-29    0.000272     0.000557     0.000416 
   2014     30-34    0.000390     0.000684     0.000538 
   2014     35-39    0.000488     0.000831     0.000660 
   2014     40-44    0.000824     0.001492     0.001155 
   2014     45-49    0.001307     0.002395     0.001855 
   2014     50-54    0.002177     0.004074     0.003129 
   2014     55-59    0.003551     0.006858     0.005178 
   2014     60-64    0.005944     0.011179     0.008469 
   2014     65-69    0.009095     0.017764     0.013181 
   2014     70-74    0.013831     0.025380     0.019110 
   2014     75-79    0.022538     0.038058     0.029283 
   2014     80-84    0.048182     0.072356     0.057637 
   2014     85-89    0.099806     0.129900     0.109496 
   2014     90-94    0.189174     0.224492     0.197503 
   2014     95-99    0.306265     0.335736     0.312049 
   2014    100-104   0.506669     0.497211     0.505162 
   2014    105-109   0.440626     0.877835     0.497846 
   2014    110+      0.000000            .     0.000000 
