Belarus, Death rates (period 5x1)     Last modified: 02-Oct-2015, MPv5 (May07)

   Year      Age       Female       Male         Total
   1959        0     0.043742     0.054142     0.049076 
   1959      1-4     0.002820     0.002762     0.002790 
   1959      5-9     0.000720     0.000996     0.000861 
   1959     10-14    0.000587     0.001033     0.000814 
   1959     15-19    0.000787     0.001286     0.001030 
   1959     20-24    0.001004     0.002115     0.001524 
   1959     25-29    0.001194     0.002387     0.001750 
   1959     30-34    0.001494     0.003289     0.002268 
   1959     35-39    0.001989     0.004112     0.002822 
   1959     40-44    0.002422     0.004851     0.003338 
   1959     45-49    0.003614     0.006861     0.004831 
   1959     50-54    0.005088     0.010406     0.007230 
   1959     55-59    0.007378     0.015012     0.010114 
   1959     60-64    0.012753     0.024349     0.017055 
   1959     65-69    0.017905     0.032402     0.023152 
   1959     70-74    0.033985     0.050806     0.039689 
   1959     75-79    0.056484     0.074534     0.062981 
   1959     80-84    0.095141     0.123733     0.104225 
   1959     85-89    0.145425     0.178068     0.155178 
   1959     90-94    0.175491     0.207717     0.183705 
   1959     95-99    0.297847     0.279568     0.293601 
   1959    100-104   0.325679     0.337563     0.328260 
   1959    105-109   0.444865     0.400134     0.435972 
   1959    110+      0.794330     1.035616     0.804984 
   1960        0     0.031324     0.040049     0.035812 
   1960      1-4     0.001877     0.002095     0.001988 
   1960      5-9     0.000627     0.000786     0.000708 
   1960     10-14    0.000525     0.000880     0.000706 
   1960     15-19    0.000657     0.001160     0.000905 
   1960     20-24    0.000886     0.002095     0.001455 
   1960     25-29    0.000985     0.002248     0.001574 
   1960     30-34    0.001250     0.003021     0.002040 
   1960     35-39    0.001784     0.003834     0.002589 
   1960     40-44    0.002310     0.004493     0.003146 
   1960     45-49    0.003220     0.006536     0.004453 
   1960     50-54    0.004603     0.008819     0.006272 
   1960     55-59    0.006317     0.013443     0.008942 
   1960     60-64    0.011409     0.021663     0.015113 
   1960     65-69    0.015502     0.026978     0.019711 
   1960     70-74    0.029757     0.044959     0.034797 
   1960     75-79    0.047742     0.059630     0.052004 
   1960     80-84    0.079554     0.103303     0.087118 
   1960     85-89    0.110520     0.153438     0.123133 
   1960     90-94    0.165194     0.195706     0.173089 
   1960     95-99    0.202883     0.241297     0.211686 
   1960    100-104   0.259845     0.340232     0.277080 
   1960    105-109   0.315920     0.443854     0.341246 
   1960    110+      0.399790     0.950872     0.441914 
   1961        0     0.025241     0.035834     0.030670 
   1961      1-4     0.001489     0.001763     0.001629 
   1961      5-9     0.000525     0.000721     0.000625 
   1961     10-14    0.000399     0.000714     0.000559 
   1961     15-19    0.000586     0.001096     0.000841 
   1961     20-24    0.000785     0.001826     0.001279 
   1961     25-29    0.000931     0.002022     0.001438 
   1961     30-34    0.001268     0.002523     0.001846 
   1961     35-39    0.001661     0.003438     0.002362 
   1961     40-44    0.002189     0.004554     0.003108 
   1961     45-49    0.003271     0.006020     0.004288 
   1961     50-54    0.004770     0.009204     0.006489 
   1961     55-59    0.006676     0.013511     0.009280 
   1961     60-64    0.010549     0.021824     0.014514 
   1961     65-69    0.016180     0.028238     0.020655 
   1961     70-74    0.028483     0.045099     0.033941 
   1961     75-79    0.048287     0.060725     0.052700 
   1961     80-84    0.079339     0.101950     0.086599 
   1961     85-89    0.118045     0.150153     0.127382 
   1961     90-94    0.152842     0.183467     0.160851 
   1961     95-99    0.233065     0.256862     0.238494 
   1961    100-104   0.272186     0.384225     0.294148 
   1961    105-109   0.356503     0.601881     0.399321 
   1961    110+      0.499394     1.788679     0.577186 
   1962        0     0.026609     0.035938     0.031384 
   1962      1-4     0.001520     0.001719     0.001622 
   1962      5-9     0.000436     0.000801     0.000622 
   1962     10-14    0.000358     0.000596     0.000479 
   1962     15-19    0.000640     0.000981     0.000812 
   1962     20-24    0.000830     0.001681     0.001237 
   1962     25-29    0.000921     0.001911     0.001383 
   1962     30-34    0.001243     0.002557     0.001858 
   1962     35-39    0.001574     0.003664     0.002417 
   1962     40-44    0.002400     0.004854     0.003360 
   1962     45-49    0.003208     0.006124     0.004286 
   1962     50-54    0.004980     0.009412     0.006663 
   1962     55-59    0.007299     0.014417     0.010069 
   1962     60-64    0.012440     0.024981     0.016793 
   1962     65-69    0.018158     0.031244     0.023041 
   1962     70-74    0.032240     0.049825     0.038037 
   1962     75-79    0.059008     0.068895     0.062491 
   1962     80-84    0.095345     0.119199     0.103055 
   1962     85-89    0.147414     0.180600     0.157011 
   1962     90-94    0.201304     0.224105     0.207390 
   1962     95-99    0.288454     0.328389     0.297420 
   1962    100-104   0.377900     0.459577     0.393159 
   1962    105-109   0.515505     0.759574     0.551558 
   1962    110+      0.782861     1.547445     0.823960 
   1963        0     0.028175     0.035990     0.032195 
   1963      1-4     0.001402     0.001623     0.001515 
   1963      5-9     0.000443     0.000749     0.000599 
   1963     10-14    0.000480     0.000717     0.000601 
   1963     15-19    0.000621     0.001202     0.000914 
   1963     20-24    0.000765     0.001724     0.001228 
   1963     25-29    0.000909     0.002237     0.001533 
   1963     30-34    0.001243     0.002598     0.001878 
   1963     35-39    0.001483     0.003684     0.002405 
   1963     40-44    0.002227     0.004457     0.003102 
   1963     45-49    0.003142     0.006260     0.004300 
   1963     50-54    0.004764     0.009297     0.006455 
   1963     55-59    0.007078     0.013066     0.009429 
   1963     60-64    0.011271     0.023443     0.015511 
   1963     65-69    0.017844     0.030041     0.022350 
   1963     70-74    0.028935     0.045556     0.034571 
   1963     75-79    0.053465     0.066047     0.057737 
   1963     80-84    0.081932     0.105951     0.089722 
   1963     85-89    0.129843     0.158548     0.138065 
   1963     90-94    0.175879     0.203278     0.183274 
   1963     95-99    0.266578     0.294165     0.272728 
   1963    100-104   0.351791     0.493299     0.378250 
   1963    105-109   0.477786     1.100575     0.549220 
   1963    110+      0.745655     2.779817     0.825283 
   1964        0     0.021669     0.029935     0.025922 
   1964      1-4     0.001197     0.001442     0.001322 
   1964      5-9     0.000329     0.000632     0.000484 
   1964     10-14    0.000414     0.000610     0.000514 
   1964     15-19    0.000499     0.001049     0.000777 
   1964     20-24    0.000815     0.001636     0.001216 
   1964     25-29    0.000831     0.002012     0.001388 
   1964     30-34    0.001058     0.002769     0.001864 
   1964     35-39    0.001321     0.003445     0.002243 
   1964     40-44    0.002084     0.004712     0.003117 
   1964     45-49    0.002918     0.005924     0.004047 
   1964     50-54    0.004634     0.008974     0.006228 
   1964     55-59    0.006238     0.012324     0.008619 
   1964     60-64    0.010703     0.020819     0.014287 
   1964     65-69    0.015789     0.028285     0.020340 
   1964     70-74    0.027724     0.043854     0.033399 
   1964     75-79    0.041919     0.062540     0.048556 
   1964     80-84    0.074745     0.101953     0.083518 
   1964     85-89    0.112070     0.141132     0.120368 
   1964     90-94    0.152437     0.194210     0.163526 
   1964     95-99    0.208878     0.251945     0.218708 
   1964    100-104   0.365280     0.356788     0.363694 
   1964    105-109   0.612690     0.707110     0.622050 
   1964    110+      1.814460            .     1.814460 
   1965        0     0.019333     0.026770     0.023145 
   1965      1-4     0.001033     0.001215     0.001127 
   1965      5-9     0.000514     0.000600     0.000558 
   1965     10-14    0.000331     0.000632     0.000485 
   1965     15-19    0.000516     0.000996     0.000759 
   1965     20-24    0.000638     0.001505     0.001066 
   1965     25-29    0.000862     0.002159     0.001478 
   1965     30-34    0.001091     0.002627     0.001816 
   1965     35-39    0.001305     0.003497     0.002290 
   1965     40-44    0.002072     0.004813     0.003153 
   1965     45-49    0.003134     0.006377     0.004374 
   1965     50-54    0.004341     0.008980     0.006029 
   1965     55-59    0.006801     0.013186     0.009262 
   1965     60-64    0.010855     0.021793     0.014826 
   1965     65-69    0.018340     0.033131     0.023586 
   1965     70-74    0.028515     0.045885     0.034757 
   1965     75-79    0.048371     0.070049     0.055129 
   1965     80-84    0.077190     0.105591     0.086203 
   1965     85-89    0.129891     0.162691     0.139337 
   1965     90-94    0.169816     0.199968     0.177629 
   1965     95-99    0.245523     0.270705     0.251342 
   1965    100-104   0.234979     0.341491     0.254999 
   1965    105-109   0.217670     0.459862     0.244874 
   1965    110+      0.150519            .     0.150519 
   1966        0     0.019495     0.025147     0.022390 
   1966      1-4     0.000898     0.001273     0.001090 
   1966      5-9     0.000393     0.000589     0.000493 
   1966     10-14    0.000302     0.000570     0.000439 
   1966     15-19    0.000480     0.001010     0.000750 
   1966     20-24    0.000614     0.001627     0.001118 
   1966     25-29    0.000772     0.002035     0.001376 
   1966     30-34    0.001116     0.002686     0.001855 
   1966     35-39    0.001402     0.003269     0.002268 
   1966     40-44    0.002034     0.004674     0.003082 
   1966     45-49    0.003128     0.006202     0.004323 
   1966     50-54    0.004531     0.009314     0.006266 
   1966     55-59    0.006282     0.013493     0.009013 
   1966     60-64    0.010488     0.021695     0.014651 
   1966     65-69    0.017194     0.031913     0.022293 
   1966     70-74    0.029259     0.047837     0.035985 
   1966     75-79    0.046732     0.069404     0.053764 
   1966     80-84    0.076648     0.102358     0.084638 
   1966     85-89    0.113295     0.150028     0.123972 
   1966     90-94    0.148953     0.191610     0.159879 
   1966     95-99    0.243896     0.305799     0.258166 
   1966    100-104   0.284541     0.382483     0.302462 
   1966    105-109   0.338906     0.586421     0.365542 
   1966    110+      0.404025            .     0.404025 
   1967        0     0.018078     0.023457     0.020831 
   1967      1-4     0.001038     0.001220     0.001131 
   1967      5-9     0.000334     0.000606     0.000473 
   1967     10-14    0.000380     0.000580     0.000482 
   1967     15-19    0.000524     0.001117     0.000827 
   1967     20-24    0.000801     0.001535     0.001168 
   1967     25-29    0.000860     0.002191     0.001502 
   1967     30-34    0.001085     0.002759     0.001874 
   1967     35-39    0.001545     0.003554     0.002493 
   1967     40-44    0.002237     0.004734     0.003251 
   1967     45-49    0.003024     0.006320     0.004314 
   1967     50-54    0.004617     0.009859     0.006519 
   1967     55-59    0.006471     0.013173     0.008959 
   1967     60-64    0.011225     0.021543     0.015106 
   1967     65-69    0.017805     0.033794     0.023309 
   1967     70-74    0.028902     0.048843     0.036100 
   1967     75-79    0.047573     0.068177     0.054059 
   1967     80-84    0.079630     0.107515     0.088096 
   1967     85-89    0.121421     0.157780     0.132045 
   1967     90-94    0.159550     0.217813     0.174290 
   1967     95-99    0.244442     0.331324     0.264125 
   1967    100-104   0.262918     0.470826     0.297671 
   1967    105-109   0.269545     0.777504     0.317971 
   1967    110+      0.195969            .     0.195969 
   1968        0     0.016643     0.023203     0.020000 
   1968      1-4     0.000995     0.001424     0.001215 
   1968      5-9     0.000358     0.000620     0.000492 
   1968     10-14    0.000301     0.000607     0.000457 
   1968     15-19    0.000510     0.001032     0.000777 
   1968     20-24    0.000654     0.001602     0.001129 
   1968     25-29    0.000780     0.002279     0.001508 
   1968     30-34    0.001069     0.002843     0.001912 
   1968     35-39    0.001236     0.003719     0.002412 
   1968     40-44    0.002127     0.005041     0.003356 
   1968     45-49    0.003103     0.006461     0.004419 
   1968     50-54    0.004430     0.009943     0.006448 
   1968     55-59    0.006346     0.013806     0.009060 
   1968     60-64    0.011086     0.021389     0.014975 
   1968     65-69    0.017107     0.031855     0.022185 
   1968     70-74    0.030747     0.048895     0.037246 
   1968     75-79    0.045914     0.067175     0.052794 
   1968     80-84    0.082364     0.109251     0.090307 
   1968     85-89    0.119519     0.146535     0.127445 
   1968     90-94    0.161443     0.187821     0.168032 
   1968     95-99    0.257328     0.293820     0.265478 
   1968    100-104   0.342378     0.371878     0.347102 
   1968    105-109   0.483825     0.610495     0.495545 
   1968    110+      0.687879            .     0.687879 
   1969        0     0.015966     0.022127     0.019114 
   1969      1-4     0.001130     0.001314     0.001224 
   1969      5-9     0.000354     0.000576     0.000467 
   1969     10-14    0.000304     0.000545     0.000427 
   1969     15-19    0.000467     0.001031     0.000756 
   1969     20-24    0.000682     0.001653     0.001170 
   1969     25-29    0.000792     0.002267     0.001515 
   1969     30-34    0.000984     0.003027     0.001957 
   1969     35-39    0.001351     0.003767     0.002500 
   1969     40-44    0.002000     0.005151     0.003377 
   1969     45-49    0.003334     0.007043     0.004793 
   1969     50-54    0.004310     0.010180     0.006493 
   1969     55-59    0.006630     0.014594     0.009472 
   1969     60-64    0.010819     0.021993     0.015018 
   1969     65-69    0.018330     0.033881     0.023734 
   1969     70-74    0.030947     0.049992     0.037696 
   1969     75-79    0.049773     0.073462     0.057718 
   1969     80-84    0.083618     0.110959     0.091408 
   1969     85-89    0.129828     0.155215     0.137247 
   1969     90-94    0.161531     0.222243     0.176581 
   1969     95-99    0.231517     0.286655     0.243592 
   1969    100-104   0.438588     0.466959     0.443434 
   1969    105-109   0.764962     0.814480     0.770131 
   1969    110+      1.655342            .     1.655342 
   1970        0     0.016166     0.022807     0.019561 
   1970      1-4     0.001406     0.001664     0.001538 
   1970      5-9     0.000448     0.000697     0.000575 
   1970     10-14    0.000452     0.000648     0.000552 
   1970     15-19    0.000595     0.001169     0.000889 
   1970     20-24    0.000664     0.002199     0.001438 
   1970     25-29    0.001036     0.002820     0.001915 
   1970     30-34    0.001082     0.003179     0.002085 
   1970     35-39    0.001518     0.004001     0.002701 
   1970     40-44    0.002037     0.005363     0.003540 
   1970     45-49    0.003111     0.007028     0.004655 
   1970     50-54    0.004597     0.010610     0.006878 
   1970     55-59    0.006607     0.014759     0.009491 
   1970     60-64    0.011539     0.022218     0.015504 
   1970     65-69    0.017637     0.033056     0.023081 
   1970     70-74    0.031965     0.051172     0.038570 
   1970     75-79    0.049382     0.071767     0.057095 
   1970     80-84    0.082357     0.111131     0.090301 
   1970     85-89    0.124168     0.162303     0.135110 
   1970     90-94    0.164294     0.215508     0.177061 
   1970     95-99    0.312167     0.353100     0.320899 
   1970    100-104   0.134344     0.141611     0.135640 
   1970    105-109   0.070256     0.024463     0.064554 
   1970    110+      0.000000            .     0.000000 
   1971        0     0.014256     0.019012     0.016688 
   1971      1-4     0.001074     0.001471     0.001276 
   1971      5-9     0.000338     0.000602     0.000474 
   1971     10-14    0.000305     0.000493     0.000401 
   1971     15-19    0.000482     0.001066     0.000780 
   1971     20-24    0.000603     0.002023     0.001323 
   1971     25-29    0.000768     0.002533     0.001640 
   1971     30-34    0.000992     0.003484     0.002191 
   1971     35-39    0.001479     0.004208     0.002773 
   1971     40-44    0.001834     0.005363     0.003476 
   1971     45-49    0.003149     0.007079     0.004703 
   1971     50-54    0.004455     0.009963     0.006570 
   1971     55-59    0.006853     0.015430     0.009890 
   1971     60-64    0.010637     0.022212     0.014872 
   1971     65-69    0.017620     0.033085     0.023143 
   1971     70-74    0.029949     0.049437     0.036495 
   1971     75-79    0.049588     0.073906     0.057987 
   1971     80-84    0.078890     0.112661     0.088184 
   1971     85-89    0.119907     0.155933     0.129980 
   1971     90-94    0.153784     0.189034     0.162741 
   1971     95-99    0.214873     0.278412     0.228223 
   1971    100-104   0.315246     0.443625     0.338010 
   1971    105-109   0.452888     0.874803     0.503687 
   1971    110+      0.703777     6.000000     0.737778 
   1972        0     0.014497     0.018404     0.016499 
   1972      1-4     0.001085     0.001426     0.001259 
   1972      5-9     0.000338     0.000612     0.000478 
   1972     10-14    0.000293     0.000529     0.000414 
   1972     15-19    0.000450     0.001072     0.000766 
   1972     20-24    0.000667     0.001937     0.001312 
   1972     25-29    0.000796     0.002628     0.001707 
   1972     30-34    0.001051     0.003614     0.002291 
   1972     35-39    0.001421     0.004345     0.002806 
   1972     40-44    0.002137     0.005794     0.003863 
   1972     45-49    0.003133     0.007713     0.004982 
   1972     50-54    0.004538     0.010285     0.006748 
   1972     55-59    0.007016     0.014974     0.009843 
   1972     60-64    0.011114     0.022536     0.015216 
   1972     65-69    0.017285     0.033534     0.023118 
   1972     70-74    0.031243     0.051729     0.038070 
   1972     75-79    0.051663     0.073969     0.059317 
   1972     80-84    0.082395     0.115849     0.091837 
   1972     85-89    0.121234     0.157330     0.131059 
   1972     90-94    0.164410     0.212517     0.176713 
   1972     95-99    0.202264     0.275415     0.217487 
   1972    100-104   0.362149     0.475002     0.381532 
   1972    105-109   0.576215     0.967861     0.613235 
   1972    110+      1.109165            .     1.109165 
   1973        0     0.014044     0.019192     0.016688 
   1973      1-4     0.001040     0.001348     0.001197 
   1973      5-9     0.000344     0.000482     0.000414 
   1973     10-14    0.000306     0.000418     0.000364 
   1973     15-19    0.000391     0.000995     0.000698 
   1973     20-24    0.000505     0.001794     0.001160 
   1973     25-29    0.000769     0.002345     0.001555 
   1973     30-34    0.001034     0.003346     0.002158 
   1973     35-39    0.001497     0.004364     0.002860 
   1973     40-44    0.002041     0.005724     0.003783 
   1973     45-49    0.003100     0.007274     0.004848 
   1973     50-54    0.004782     0.010743     0.007065 
   1973     55-59    0.006926     0.015597     0.010035 
   1973     60-64    0.010845     0.022150     0.014836 
   1973     65-69    0.017951     0.034595     0.023925 
   1973     70-74    0.031303     0.051265     0.037914 
   1973     75-79    0.053377     0.076196     0.061144 
   1973     80-84    0.084550     0.115329     0.093562 
   1973     85-89    0.127289     0.170124     0.138561 
   1973     90-94    0.164378     0.212093     0.176525 
   1973     95-99    0.219459     0.264154     0.228617 
   1973    100-104   0.384046     0.451338     0.395453 
   1973    105-109   0.646898     1.025472     0.678419 
   1973    110+      1.581448            .     1.581448 
   1974        0     0.014712     0.019049     0.016936 
   1974      1-4     0.001024     0.001077     0.001051 
   1974      5-9     0.000292     0.000507     0.000401 
   1974     10-14    0.000253     0.000446     0.000353 
   1974     15-19    0.000410     0.001004     0.000713 
   1974     20-24    0.000516     0.001773     0.001154 
   1974     25-29    0.000679     0.002368     0.001525 
   1974     30-34    0.001040     0.003395     0.002192 
   1974     35-39    0.001345     0.004353     0.002776 
   1974     40-44    0.002042     0.006066     0.003949 
   1974     45-49    0.002950     0.007634     0.004982 
   1974     50-54    0.004574     0.011011     0.007034 
   1974     55-59    0.007171     0.015225     0.010095 
   1974     60-64    0.010814     0.023327     0.015174 
   1974     65-69    0.017298     0.033512     0.023082 
   1974     70-74    0.030897     0.050084     0.037245 
   1974     75-79    0.049644     0.073528     0.057699 
   1974     80-84    0.078230     0.107336     0.087087 
   1974     85-89    0.116157     0.152490     0.125279 
   1974     90-94    0.159588     0.193717     0.168227 
   1974     95-99    0.193073     0.231284     0.200833 
   1974    100-104   0.304391     0.356050     0.313112 
   1974    105-109   0.465323     0.787613     0.492647 
   1974    110+      0.875367            .     0.875367 
   1975        0     0.016650     0.020997     0.018877 
   1975      1-4     0.001035     0.001282     0.001161 
   1975      5-9     0.000343     0.000628     0.000488 
   1975     10-14    0.000259     0.000463     0.000364 
   1975     15-19    0.000438     0.001086     0.000770 
   1975     20-24    0.000610     0.002003     0.001315 
   1975     25-29    0.000671     0.002663     0.001672 
   1975     30-34    0.001061     0.003628     0.002323 
   1975     35-39    0.001373     0.005015     0.003109 
   1975     40-44    0.002173     0.006435     0.004192 
   1975     45-49    0.003174     0.008023     0.005347 
   1975     50-54    0.004707     0.011585     0.007341 
   1975     55-59    0.007217     0.016313     0.010567 
   1975     60-64    0.010911     0.024179     0.015507 
   1975     65-69    0.018233     0.035862     0.024446 
   1975     70-74    0.030647     0.053064     0.038111 
   1975     75-79    0.051709     0.079780     0.060867 
   1975     80-84    0.082038     0.119286     0.093708 
   1975     85-89    0.126876     0.166206     0.136345 
   1975     90-94    0.168427     0.220943     0.181461 
   1975     95-99    0.215791     0.254467     0.223831 
   1975    100-104   0.358161     0.320612     0.351630 
   1975    105-109   0.587778     0.534247     0.582316 
   1975    110+      1.572766            .     1.572766 
   1976        0     0.015884     0.020508     0.018252 
   1976      1-4     0.000976     0.001308     0.001146 
   1976      5-9     0.000275     0.000599     0.000439 
   1976     10-14    0.000222     0.000438     0.000333 
   1976     15-19    0.000431     0.001070     0.000760 
   1976     20-24    0.000515     0.002074     0.001301 
   1976     25-29    0.000705     0.002502     0.001609 
   1976     30-34    0.000983     0.003899     0.002421 
   1976     35-39    0.001468     0.004967     0.003145 
   1976     40-44    0.002187     0.006492     0.004217 
   1976     45-49    0.003157     0.008802     0.005760 
   1976     50-54    0.004920     0.012157     0.007711 
   1976     55-59    0.007259     0.016393     0.010649 
   1976     60-64    0.011633     0.025119     0.016302 
   1976     65-69    0.018414     0.036658     0.024754 
   1976     70-74    0.030716     0.054992     0.038842 
   1976     75-79    0.051240     0.078060     0.059725 
   1976     80-84    0.086040     0.120433     0.096905 
   1976     85-89    0.123397     0.173785     0.135405 
   1976     90-94    0.170013     0.222529     0.182587 
   1976     95-99    0.217970     0.290311     0.233348 
   1976    100-104   0.319612     0.356113     0.326190 
   1976    105-109   0.471842     0.551193     0.482038 
   1976    110+      1.929701            .     1.929701 
   1977        0     0.015064     0.019737     0.017454 
   1977      1-4     0.000995     0.001289     0.001145 
   1977      5-9     0.000293     0.000495     0.000395 
   1977     10-14    0.000265     0.000409     0.000338 
   1977     15-19    0.000346     0.001194     0.000785 
   1977     20-24    0.000528     0.002050     0.001293 
   1977     25-29    0.000669     0.002671     0.001676 
   1977     30-34    0.000950     0.003602     0.002265 
   1977     35-39    0.001416     0.005476     0.003370 
   1977     40-44    0.002085     0.006789     0.004301 
   1977     45-49    0.003342     0.009000     0.005988 
   1977     50-54    0.005007     0.012586     0.008002 
   1977     55-59    0.007331     0.016657     0.010783 
   1977     60-64    0.011301     0.025837     0.016334 
   1977     65-69    0.018136     0.037122     0.024623 
   1977     70-74    0.031508     0.054066     0.039072 
   1977     75-79    0.051177     0.081474     0.060614 
   1977     80-84    0.089027     0.119634     0.098638 
   1977     85-89    0.124369     0.163572     0.133974 
   1977     90-94    0.175316     0.222774     0.186278 
   1977     95-99    0.213561     0.277843     0.227158 
   1977    100-104   0.296117     0.338022     0.303688 
   1977    105-109   0.359941     0.475362     0.376151 
   1977    110+      1.288136            .     1.288136 
   1978        0     0.014627     0.021011     0.017879 
   1978      1-4     0.001085     0.001231     0.001159 
   1978      5-9     0.000301     0.000529     0.000417 
   1978     10-14    0.000225     0.000543     0.000387 
   1978     15-19    0.000411     0.001003     0.000719 
   1978     20-24    0.000522     0.002023     0.001278 
   1978     25-29    0.000669     0.002718     0.001696 
   1978     30-34    0.001027     0.003580     0.002298 
   1978     35-39    0.001557     0.005287     0.003361 
   1978     40-44    0.002122     0.007226     0.004533 
   1978     45-49    0.003379     0.009286     0.006146 
   1978     50-54    0.005200     0.012377     0.008155 
   1978     55-59    0.007511     0.017631     0.011228 
   1978     60-64    0.011823     0.025941     0.016728 
   1978     65-69    0.018296     0.037140     0.024648 
   1978     70-74    0.030832     0.053596     0.038433 
   1978     75-79    0.052490     0.080300     0.061082 
   1978     80-84    0.089506     0.120191     0.099073 
   1978     85-89    0.124553     0.163679     0.134569 
   1978     90-94    0.172589     0.224061     0.184047 
   1978     95-99    0.214960     0.254865     0.223309 
   1978    100-104   0.269854     0.267734     0.269475 
   1978    105-109   0.306222     0.271725     0.300908 
   1978    110+      0.737364            .     0.737364 
   1979        0     0.013737     0.019977     0.016927 
   1979      1-4     0.000882     0.001156     0.001022 
   1979      5-9     0.000353     0.000570     0.000464 
   1979     10-14    0.000282     0.000551     0.000419 
   1979     15-19    0.000504     0.001180     0.000854 
   1979     20-24    0.000498     0.002278     0.001399 
   1979     25-29    0.000649     0.002907     0.001780 
   1979     30-34    0.001061     0.003852     0.002455 
   1979     35-39    0.001497     0.005577     0.003488 
   1979     40-44    0.002289     0.007364     0.004686 
   1979     45-49    0.003241     0.009765     0.006297 
   1979     50-54    0.005324     0.013147     0.008670 
   1979     55-59    0.007294     0.018279     0.011327 
   1979     60-64    0.011548     0.026053     0.016602 
   1979     65-69    0.019329     0.039072     0.025936 
   1979     70-74    0.031995     0.057330     0.040325 
   1979     75-79    0.054225     0.084256     0.063471 
   1979     80-84    0.090173     0.128987     0.102126 
   1979     85-89    0.126788     0.173194     0.139120 
   1979     90-94    0.172518     0.231763     0.184981 
   1979     95-99    0.215519     0.281076     0.228925 
   1979    100-104   0.248887     0.290136     0.256091 
   1979    105-109   0.264819     0.321972     0.274077 
   1979    110+      0.497683            .     0.497683 
   1980        0     0.013965     0.018656     0.016375 
   1980      1-4     0.000845     0.001097     0.000974 
   1980      5-9     0.000330     0.000473     0.000403 
   1980     10-14    0.000281     0.000480     0.000382 
   1980     15-19    0.000403     0.001065     0.000742 
   1980     20-24    0.000507     0.002063     0.001296 
   1980     25-29    0.000722     0.002676     0.001702 
   1980     30-34    0.000997     0.003741     0.002370 
   1980     35-39    0.001621     0.005710     0.003626 
   1980     40-44    0.002357     0.007670     0.004873 
   1980     45-49    0.003652     0.010380     0.006799 
   1980     50-54    0.005243     0.013377     0.008832 
   1980     55-59    0.007617     0.018007     0.011461 
   1980     60-64    0.011873     0.026225     0.016923 
   1980     65-69    0.019578     0.039183     0.026059 
   1980     70-74    0.033556     0.059476     0.041988 
   1980     75-79    0.054466     0.088426     0.064780 
   1980     80-84    0.098569     0.136306     0.109880 
   1980     85-89    0.136503     0.189511     0.150949 
   1980     90-94    0.192565     0.253707     0.204666 
   1980     95-99    0.242411     0.315144     0.256613 
   1980    100-104   0.272992     0.317126     0.280616 
   1980    105-109   0.280948     0.349532     0.291831 
   1980    110+      0.441301     0.000000     0.423625 
   1981        0     0.013624     0.019642     0.016708 
   1981      1-4     0.000858     0.001166     0.001016 
   1981      5-9     0.000339     0.000647     0.000496 
   1981     10-14    0.000265     0.000503     0.000386 
   1981     15-19    0.000408     0.001250     0.000835 
   1981     20-24    0.000520     0.002219     0.001384 
   1981     25-29    0.000671     0.002925     0.001799 
   1981     30-34    0.001031     0.003949     0.002491 
   1981     35-39    0.001536     0.005576     0.003522 
   1981     40-44    0.002358     0.007362     0.004746 
   1981     45-49    0.003339     0.010376     0.006618 
   1981     50-54    0.005060     0.013735     0.008987 
   1981     55-59    0.007732     0.017808     0.011504 
   1981     60-64    0.011233     0.025686     0.016369 
   1981     65-69    0.018939     0.037306     0.024970 
   1981     70-74    0.031216     0.057566     0.039697 
   1981     75-79    0.051182     0.082911     0.060791 
   1981     80-84    0.091109     0.126230     0.101378 
   1981     85-89    0.126607     0.185798     0.142801 
   1981     90-94    0.169504     0.242173     0.183546 
   1981     95-99    0.223980     0.282244     0.234822 
   1981    100-104   0.266773     0.336199     0.278681 
   1981    105-109   0.300962     0.395321     0.315458 
   1981    110+      0.502463     0.677419     0.516303 
   1982        0     0.013438     0.018165     0.015853 
   1982      1-4     0.000808     0.000946     0.000879 
   1982      5-9     0.000362     0.000564     0.000465 
   1982     10-14    0.000273     0.000551     0.000414 
   1982     15-19    0.000410     0.001162     0.000789 
   1982     20-24    0.000550     0.002168     0.001375 
   1982     25-29    0.000710     0.002813     0.001759 
   1982     30-34    0.001070     0.003631     0.002351 
   1982     35-39    0.001496     0.005328     0.003390 
   1982     40-44    0.002346     0.007616     0.004878 
   1982     45-49    0.003368     0.010406     0.006644 
   1982     50-54    0.005388     0.013723     0.009202 
   1982     55-59    0.007395     0.018327     0.011608 
   1982     60-64    0.011541     0.026138     0.016733 
   1982     65-69    0.019343     0.038343     0.025572 
   1982     70-74    0.031507     0.056163     0.039306 
   1982     75-79    0.051895     0.084442     0.061827 
   1982     80-84    0.089614     0.121952     0.098979 
   1982     85-89    0.124421     0.172891     0.137526 
   1982     90-94    0.170783     0.220467     0.180658 
   1982     95-99    0.212880     0.247757     0.219185 
   1982    100-104   0.232546     0.348080     0.251460 
   1982    105-109   0.227458     0.477933     0.262405 
   1982    110+      0.250816     1.135348     0.316436 
   1983        0     0.013052     0.017696     0.015418 
   1983      1-4     0.000741     0.000878     0.000811 
   1983      5-9     0.000402     0.000620     0.000513 
   1983     10-14    0.000298     0.000493     0.000398 
   1983     15-19    0.000439     0.001148     0.000795 
   1983     20-24    0.000528     0.002079     0.001319 
   1983     25-29    0.000674     0.002672     0.001672 
   1983     30-34    0.001079     0.003801     0.002440 
   1983     35-39    0.001436     0.005050     0.003228 
   1983     40-44    0.002367     0.007635     0.004910 
   1983     45-49    0.003404     0.010171     0.006565 
   1983     50-54    0.005114     0.014156     0.009247 
   1983     55-59    0.007806     0.019393     0.012449 
   1983     60-64    0.011714     0.026567     0.016984 
   1983     65-69    0.018981     0.039301     0.025623 
   1983     70-74    0.032274     0.057227     0.040084 
   1983     75-79    0.055129     0.085835     0.064481 
   1983     80-84    0.092705     0.123818     0.101659 
   1983     85-89    0.137150     0.184621     0.149870 
   1983     90-94    0.180632     0.228893     0.190715 
   1983     95-99    0.234720     0.302969     0.246666 
   1983    100-104   0.247462     0.371282     0.266375 
   1983    105-109   0.246826     0.529367     0.279673 
   1983    110+      0.262771     1.281471     0.311300 
   1984        0     0.012570     0.017711     0.015192 
   1984      1-4     0.000758     0.000905     0.000833 
   1984      5-9     0.000341     0.000555     0.000450 
   1984     10-14    0.000226     0.000449     0.000340 
   1984     15-19    0.000415     0.001112     0.000764 
   1984     20-24    0.000493     0.002189     0.001355 
   1984     25-29    0.000651     0.002698     0.001680 
   1984     30-34    0.001205     0.003984     0.002596 
   1984     35-39    0.001546     0.005211     0.003365 
   1984     40-44    0.002572     0.007851     0.005132 
   1984     45-49    0.003560     0.010893     0.006989 
   1984     50-54    0.005488     0.016069     0.010322 
   1984     55-59    0.007975     0.020502     0.013171 
   1984     60-64    0.012429     0.027727     0.017858 
   1984     65-69    0.019548     0.041078     0.026630 
   1984     70-74    0.034472     0.060208     0.042455 
   1984     75-79    0.055134     0.090579     0.065796 
   1984     80-84    0.099999     0.131769     0.109073 
   1984     85-89    0.145374     0.194859     0.158473 
   1984     90-94    0.191875     0.257423     0.206034 
   1984     95-99    0.239799     0.322076     0.253274 
   1984    100-104   0.287760     0.441134     0.309497 
   1984    105-109   0.309251     0.632232     0.340016 
   1984    110+      0.353586     1.776596     0.393156 
   1985        0     0.012441     0.016351     0.014439 
   1985      1-4     0.000804     0.000976     0.000892 
   1985      5-9     0.000424     0.000643     0.000536 
   1985     10-14    0.000321     0.000463     0.000393 
   1985     15-19    0.000414     0.001020     0.000717 
   1985     20-24    0.000562     0.001949     0.001263 
   1985     25-29    0.000638     0.002304     0.001478 
   1985     30-34    0.001032     0.003356     0.002196 
   1985     35-39    0.001422     0.004372     0.002888 
   1985     40-44    0.002359     0.007437     0.004826 
   1985     45-49    0.003667     0.009822     0.006554 
   1985     50-54    0.005261     0.014506     0.009484 
   1985     55-59    0.007823     0.019553     0.012833 
   1985     60-64    0.012061     0.027816     0.017674 
   1985     65-69    0.020832     0.039800     0.027143 
   1985     70-74    0.035154     0.062594     0.043548 
   1985     75-79    0.058545     0.093019     0.068787 
   1985     80-84    0.104250     0.139688     0.114327 
   1985     85-89    0.153072     0.201023     0.165445 
   1985     90-94    0.207539     0.279933     0.223390 
   1985     95-99    0.268781     0.298811     0.273436 
   1985    100-104   0.273758     0.447787     0.296428 
   1985    105-109   0.269379     0.626103     0.298229 
   1985    110+      0.251704     2.842105     0.277395 
   1986        0     0.011254     0.015869     0.013613 
   1986      1-4     0.000807     0.000924     0.000867 
   1986      5-9     0.000348     0.000547     0.000450 
   1986     10-14    0.000289     0.000443     0.000368 
   1986     15-19    0.000347     0.000919     0.000632 
   1986     20-24    0.000476     0.001811     0.001148 
   1986     25-29    0.000545     0.001934     0.001247 
   1986     30-34    0.000800     0.002684     0.001743 
   1986     35-39    0.001225     0.003843     0.002527 
   1986     40-44    0.002045     0.005699     0.003825 
   1986     45-49    0.003071     0.008580     0.005669 
   1986     50-54    0.004894     0.012238     0.008247 
   1986     55-59    0.007280     0.017588     0.011793 
   1986     60-64    0.011424     0.025944     0.016634 
   1986     65-69    0.019579     0.036115     0.025142 
   1986     70-74    0.033871     0.057082     0.040898 
   1986     75-79    0.054817     0.085264     0.063754 
   1986     80-84    0.092458     0.129102     0.102845 
   1986     85-89    0.142443     0.189175     0.154250 
   1986     90-94    0.182897     0.255834     0.198833 
   1986     95-99    0.258792     0.299862     0.265154 
   1986    100-104   0.258235     0.361153     0.270989 
   1986    105-109   0.265750     0.461215     0.280480 
   1986    110+      0.255101     6.000000     0.260353 
   1987        0     0.011230     0.015340     0.013333 
   1987      1-4     0.000710     0.000878     0.000796 
   1987      5-9     0.000282     0.000474     0.000380 
   1987     10-14    0.000230     0.000477     0.000356 
   1987     15-19    0.000382     0.000988     0.000684 
   1987     20-24    0.000512     0.001631     0.001074 
   1987     25-29    0.000528     0.001984     0.001263 
   1987     30-34    0.000850     0.002628     0.001739 
   1987     35-39    0.001227     0.003583     0.002399 
   1987     40-44    0.002015     0.005930     0.003932 
   1987     45-49    0.003134     0.008955     0.005892 
   1987     50-54    0.004691     0.012566     0.008294 
   1987     55-59    0.007624     0.018138     0.012278 
   1987     60-64    0.012060     0.025680     0.017082 
   1987     65-69    0.019297     0.037090     0.025304 
   1987     70-74    0.034291     0.060075     0.042087 
   1987     75-79    0.055923     0.087376     0.064973 
   1987     80-84    0.096518     0.127032     0.105144 
   1987     85-89    0.142421     0.182173     0.152413 
   1987     90-94    0.196557     0.258725     0.210037 
   1987     95-99    0.246933     0.295733     0.254784 
   1987    100-104   0.283407     0.334760     0.289868 
   1987    105-109   0.329388     0.404590     0.335216 
   1987    110+      0.388868     0.606742     0.390505 
   1988        0     0.010700     0.015545     0.013191 
   1988      1-4     0.000848     0.001053     0.000953 
   1988      5-9     0.000307     0.000554     0.000433 
   1988     10-14    0.000287     0.000507     0.000399 
   1988     15-19    0.000511     0.001059     0.000785 
   1988     20-24    0.000529     0.001951     0.001239 
   1988     25-29    0.000626     0.002184     0.001412 
   1988     30-34    0.000802     0.002800     0.001802 
   1988     35-39    0.001257     0.003689     0.002467 
   1988     40-44    0.001934     0.005460     0.003665 
   1988     45-49    0.003078     0.009021     0.005910 
   1988     50-54    0.004649     0.012889     0.008438 
   1988     55-59    0.007456     0.018470     0.012333 
   1988     60-64    0.011712     0.026954     0.017569 
   1988     65-69    0.019577     0.038009     0.025807 
   1988     70-74    0.034071     0.057385     0.041135 
   1988     75-79    0.056306     0.087127     0.065085 
   1988     80-84    0.095830     0.132926     0.106252 
   1988     85-89    0.150101     0.189883     0.160074 
   1988     90-94    0.209110     0.260349     0.220241 
   1988     95-99    0.269519     0.339918     0.281249 
   1988    100-104   0.289824     0.417626     0.305902 
   1988    105-109   0.322751     0.546016     0.339957 
   1988    110+      0.338582     1.047985     0.348526 
   1989        0     0.009939     0.013024     0.011532 
   1989      1-4     0.000658     0.000947     0.000806 
   1989      5-9     0.000322     0.000570     0.000449 
   1989     10-14    0.000255     0.000550     0.000405 
   1989     15-19    0.000458     0.001085     0.000772 
   1989     20-24    0.000583     0.002214     0.001393 
   1989     25-29    0.000664     0.002514     0.001597 
   1989     30-34    0.000851     0.003196     0.002027 
   1989     35-39    0.001336     0.004116     0.002720 
   1989     40-44    0.002184     0.006570     0.004340 
   1989     45-49    0.003327     0.010147     0.006596 
   1989     50-54    0.004829     0.013826     0.008972 
   1989     55-59    0.007306     0.020283     0.013058 
   1989     60-64    0.011580     0.028067     0.018152 
   1989     65-69    0.019005     0.038540     0.025619 
   1989     70-74    0.032955     0.055395     0.039827 
   1989     75-79    0.054321     0.085090     0.063022 
   1989     80-84    0.094159     0.125421     0.102843 
   1989     85-89    0.144361     0.184347     0.154315 
   1989     90-94    0.181925     0.241978     0.194958 
   1989     95-99    0.241706     0.317263     0.254332 
   1989    100-104   0.301371     0.449061     0.318752 
   1989    105-109   0.388394     0.675419     0.408497 
   1989    110+      0.522057     2.220994     0.538550 
   1990        0     0.009591     0.013573     0.011642 
   1990      1-4     0.000734     0.000884     0.000811 
   1990      5-9     0.000295     0.000473     0.000386 
   1990     10-14    0.000272     0.000410     0.000342 
   1990     15-19    0.000486     0.001210     0.000850 
   1990     20-24    0.000567     0.002332     0.001442 
   1990     25-29    0.000590     0.002627     0.001614 
   1990     30-34    0.000895     0.003232     0.002068 
   1990     35-39    0.001295     0.004590     0.002935 
   1990     40-44    0.002070     0.006423     0.004213 
   1990     45-49    0.003801     0.010443     0.006992 
   1990     50-54    0.005107     0.014824     0.009589 
   1990     55-59    0.007942     0.020729     0.013621 
   1990     60-64    0.011909     0.028944     0.018912 
   1990     65-69    0.019718     0.039637     0.026470 
   1990     70-74    0.034753     0.059699     0.042511 
   1990     75-79    0.057397     0.087686     0.065841 
   1990     80-84    0.099258     0.133399     0.108586 
   1990     85-89    0.153661     0.193245     0.163458 
   1990     90-94    0.205510     0.269606     0.219191 
   1990     95-99    0.254195     0.328083     0.266375 
   1990    100-104   0.356043     0.451012     0.366564 
   1990    105-109   0.476329     0.652023     0.487927 
   1990    110+      0.670917     4.252427     0.682189 
   1991        0     0.009888     0.013703     0.011854 
   1991      1-4     0.000705     0.000925     0.000818 
   1991      5-9     0.000322     0.000587     0.000457 
   1991     10-14    0.000291     0.000513     0.000404 
   1991     15-19    0.000545     0.001248     0.000899 
   1991     20-24    0.000577     0.002406     0.001481 
   1991     25-29    0.000715     0.002731     0.001726 
   1991     30-34    0.000921     0.003462     0.002197 
   1991     35-39    0.001480     0.004805     0.003134 
   1991     40-44    0.002110     0.007097     0.004566 
   1991     45-49    0.003393     0.010831     0.006975 
   1991     50-54    0.005291     0.016041     0.010266 
   1991     55-59    0.008291     0.021067     0.013974 
   1991     60-64    0.012059     0.030578     0.019857 
   1991     65-69    0.020900     0.042534     0.028261 
   1991     70-74    0.034126     0.060704     0.042489 
   1991     75-79    0.060388     0.096250     0.070268 
   1991     80-84    0.103135     0.135920     0.111911 
   1991     85-89    0.156082     0.195462     0.165818 
   1991     90-94    0.214632     0.270716     0.226455 
   1991     95-99    0.276083     0.323252     0.283819 
   1991    100-104   0.391678     0.452349     0.398494 
   1991    105-109   0.527126     0.622211     0.533677 
   1991    110+      0.726195     1.706422     0.730344 
   1992        0     0.010386     0.014108     0.012305 
   1992      1-4     0.000585     0.000929     0.000762 
   1992      5-9     0.000296     0.000494     0.000397 
   1992     10-14    0.000276     0.000505     0.000392 
   1992     15-19    0.000532     0.001388     0.000964 
   1992     20-24    0.000584     0.002619     0.001592 
   1992     25-29    0.000701     0.003170     0.001936 
   1992     30-34    0.000978     0.003841     0.002416 
   1992     35-39    0.001499     0.005341     0.003410 
   1992     40-44    0.002332     0.007824     0.005037 
   1992     45-49    0.003703     0.011356     0.007407 
   1992     50-54    0.005615     0.016403     0.010624 
   1992     55-59    0.008529     0.022256     0.014644 
   1992     60-64    0.012899     0.031661     0.020876 
   1992     65-69    0.020844     0.043481     0.028732 
   1992     70-74    0.035055     0.061447     0.043367 
   1992     75-79    0.059968     0.093832     0.069253 
   1992     80-84    0.098242     0.133788     0.107554 
   1992     85-89    0.154165     0.194461     0.164129 
   1992     90-94    0.207258     0.248389     0.215955 
   1992     95-99    0.263336     0.302113     0.269801 
   1992    100-104   0.430270     0.484877     0.436862 
   1992    105-109   0.630436     0.747806     0.639104 
   1992    110+      0.967152     4.142857     0.982137 
   1993        0     0.010269     0.014145     0.012262 
   1993      1-4     0.000565     0.000863     0.000718 
   1993      5-9     0.000252     0.000434     0.000345 
   1993     10-14    0.000266     0.000441     0.000355 
   1993     15-19    0.000544     0.001219     0.000885 
   1993     20-24    0.000615     0.002522     0.001569 
   1993     25-29    0.000778     0.003135     0.001951 
   1993     30-34    0.001023     0.004233     0.002636 
   1993     35-39    0.001480     0.005873     0.003667 
   1993     40-44    0.002597     0.008520     0.005514 
   1993     45-49    0.004238     0.013216     0.008589 
   1993     50-54    0.006149     0.019442     0.012344 
   1993     55-59    0.009172     0.025566     0.016491 
   1993     60-64    0.013548     0.035227     0.022746 
   1993     65-69    0.022056     0.046804     0.031012 
   1993     70-74    0.038302     0.067226     0.047370 
   1993     75-79    0.065627     0.099556     0.074933 
   1993     80-84    0.108224     0.147644     0.118320 
   1993     85-89    0.171889     0.218194     0.183274 
   1993     90-94    0.231934     0.280674     0.242228 
   1993     95-99    0.292315     0.384305     0.307827 
   1993    100-104   0.483351     0.593970     0.497281 
   1993    105-109   0.711765     0.975766     0.731241 
   1993    110+      1.121317     6.000000     1.134902 
   1994        0     0.011887     0.014293     0.013125 
   1994      1-4     0.000632     0.000810     0.000723 
   1994      5-9     0.000257     0.000581     0.000422 
   1994     10-14    0.000244     0.000465     0.000356 
   1994     15-19    0.000465     0.001408     0.000941 
   1994     20-24    0.000547     0.002619     0.001586 
   1994     25-29    0.000769     0.003465     0.002101 
   1994     30-34    0.001043     0.004372     0.002709 
   1994     35-39    0.001580     0.006108     0.003828 
   1994     40-44    0.002696     0.008891     0.005737 
   1994     45-49    0.004083     0.013183     0.008476 
   1994     50-54    0.006154     0.019490     0.012375 
   1994     55-59    0.009425     0.026112     0.016836 
   1994     60-64    0.013668     0.035584     0.022925 
   1994     65-69    0.021585     0.048092     0.031470 
   1994     70-74    0.037091     0.065887     0.046059 
   1994     75-79    0.065175     0.098382     0.074323 
   1994     80-84    0.112344     0.147959     0.121294 
   1994     85-89    0.172350     0.211059     0.181732 
   1994     90-94    0.244497     0.309927     0.258143 
   1994     95-99    0.281605     0.348518     0.292768 
   1994    100-104   0.483789     0.636487     0.502294 
   1994    105-109   0.689912     1.099742     0.715758 
   1994    110+      1.042369            .     1.042369 
   1995        0     0.010696     0.015382     0.013113 
   1995      1-4     0.000713     0.000877     0.000797 
   1995      5-9     0.000300     0.000449     0.000376 
   1995     10-14    0.000212     0.000393     0.000304 
   1995     15-19    0.000531     0.001421     0.000980 
   1995     20-24    0.000694     0.002579     0.001640 
   1995     25-29    0.000786     0.003526     0.002137 
   1995     30-34    0.001077     0.004491     0.002776 
   1995     35-39    0.001662     0.006340     0.003979 
   1995     40-44    0.002531     0.009323     0.005853 
   1995     45-49    0.004229     0.013666     0.008774 
   1995     50-54    0.006893     0.021479     0.013684 
   1995     55-59    0.009715     0.027671     0.017662 
   1995     60-64    0.014476     0.037921     0.024346 
   1995     65-69    0.021884     0.050275     0.032745 
   1995     70-74    0.036955     0.067308     0.046357 
   1995     75-79    0.062265     0.099635     0.072663 
   1995     80-84    0.111901     0.155486     0.122681 
   1995     85-89    0.176719     0.229340     0.189129 
   1995     90-94    0.245766     0.303371     0.257659 
   1995     95-99    0.305028     0.378250     0.317044 
   1995    100-104   0.583040     0.622931     0.587761 
   1995    105-109   0.959976     1.189939     0.972328 
   1995    110+      1.783380            .     1.783380 
   1996        0     0.010786     0.014125     0.012515 
   1996      1-4     0.000691     0.000898     0.000798 
   1996      5-9     0.000263     0.000403     0.000335 
   1996     10-14    0.000194     0.000396     0.000297 
   1996     15-19    0.000537     0.001178     0.000861 
   1996     20-24    0.000615     0.002517     0.001572 
   1996     25-29    0.000838     0.003584     0.002194 
   1996     30-34    0.001054     0.004527     0.002780 
   1996     35-39    0.001598     0.006186     0.003873 
   1996     40-44    0.002567     0.008998     0.005712 
   1996     45-49    0.003934     0.013572     0.008575 
   1996     50-54    0.006689     0.020417     0.013094 
   1996     55-59    0.009655     0.027697     0.017652 
   1996     60-64    0.014509     0.038223     0.024483 
   1996     65-69    0.022028     0.052604     0.033971 
   1996     70-74    0.036902     0.069516     0.046994 
   1996     75-79    0.062191     0.095162     0.071465 
   1996     80-84    0.113474     0.151353     0.122712 
   1996     85-89    0.176001     0.216764     0.185353 
   1996     90-94    0.248198     0.276585     0.254076 
   1996     95-99    0.323029     0.360721     0.329252 
   1996    100-104   0.519486     0.597242     0.528963 
   1996    105-109   0.790346     1.533724     0.825161 
   1996    110+      1.610701            .     1.610701 
   1997        0     0.010387     0.014256     0.012384 
   1997      1-4     0.000612     0.000807     0.000712 
   1997      5-9     0.000267     0.000433     0.000352 
   1997     10-14    0.000212     0.000401     0.000308 
   1997     15-19    0.000529     0.001229     0.000883 
   1997     20-24    0.000611     0.002611     0.001617 
   1997     25-29    0.000852     0.003564     0.002198 
   1997     30-34    0.001152     0.004640     0.002883 
   1997     35-39    0.001699     0.006259     0.003962 
   1997     40-44    0.002521     0.008992     0.005688 
   1997     45-49    0.004138     0.013454     0.008623 
   1997     50-54    0.006620     0.019977     0.012880 
   1997     55-59    0.009843     0.028420     0.018090 
   1997     60-64    0.014362     0.039527     0.024942 
   1997     65-69    0.022381     0.053924     0.034774 
   1997     70-74    0.037671     0.071996     0.048519 
   1997     75-79    0.063740     0.104871     0.075289 
   1997     80-84    0.113864     0.149989     0.122592 
   1997     85-89    0.182394     0.223585     0.191658 
   1997     90-94    0.262195     0.294061     0.268858 
   1997     95-99    0.322866     0.365450     0.330134 
   1997    100-104   0.546682     0.465191     0.535800 
   1997    105-109   0.821240     1.129121     0.834778 
   1997    110+      2.358531            .     2.358531 
   1998        0     0.009269     0.013748     0.011580 
   1998      1-4     0.000627     0.000859     0.000746 
   1998      5-9     0.000253     0.000444     0.000351 
   1998     10-14    0.000269     0.000378     0.000325 
   1998     15-19    0.000516     0.001186     0.000857 
   1998     20-24    0.000594     0.002807     0.001711 
   1998     25-29    0.000852     0.003633     0.002239 
   1998     30-34    0.001061     0.004835     0.002934 
   1998     35-39    0.001684     0.006305     0.003976 
   1998     40-44    0.002576     0.009368     0.005894 
   1998     45-49    0.004244     0.014233     0.009046 
   1998     50-54    0.006568     0.020692     0.013201 
   1998     55-59    0.009946     0.029168     0.018487 
   1998     60-64    0.014442     0.038970     0.024741 
   1998     65-69    0.022463     0.054164     0.034881 
   1998     70-74    0.037284     0.072161     0.048721 
   1998     75-79    0.063230     0.099536     0.073279 
   1998     80-84    0.109965     0.149995     0.119612 
   1998     85-89    0.178137     0.221424     0.187656 
   1998     90-94    0.268433     0.296209     0.274256 
   1998     95-99    0.336201     0.355237     0.339549 
   1998    100-104   0.481380     0.413355     0.470973 
   1998    105-109   0.670616     0.686499     0.671785 
   1998    110+      4.238532            .     4.238532 
   1999        0     0.009403     0.013624     0.011580 
   1999      1-4     0.000700     0.000967     0.000837 
   1999      5-9     0.000196     0.000388     0.000295 
   1999     10-14    0.000227     0.000401     0.000316 
   1999     15-19    0.000589     0.001168     0.000886 
   1999     20-24    0.000752     0.003053     0.001919 
   1999     25-29    0.000921     0.004195     0.002556 
   1999     30-34    0.001207     0.005374     0.003276 
   1999     35-39    0.001735     0.006770     0.004228 
   1999     40-44    0.002631     0.009461     0.005961 
   1999     45-49    0.004013     0.014025     0.008813 
   1999     50-54    0.006903     0.020220     0.013161 
   1999     55-59    0.010098     0.029975     0.018947 
   1999     60-64    0.014854     0.040119     0.025411 
   1999     65-69    0.022941     0.053775     0.034995 
   1999     70-74    0.037806     0.074103     0.050069 
   1999     75-79    0.064974     0.103617     0.075546 
   1999     80-84    0.116487     0.155656     0.125994 
   1999     85-89    0.190545     0.235141     0.200125 
   1999     90-94    0.278832     0.320059     0.287339 
   1999     95-99    0.327059     0.348081     0.330845 
   1999    100-104   0.414129     0.383084     0.409115 
   1999    105-109   0.480475     0.435665     0.475476 
   1999    110+      0.913043            .     0.913043 
   2000        0     0.007984     0.010806     0.009435 
   2000      1-4     0.000694     0.000795     0.000745 
   2000      5-9     0.000196     0.000291     0.000245 
   2000     10-14    0.000225     0.000381     0.000305 
   2000     15-19    0.000486     0.001071     0.000785 
   2000     20-24    0.000673     0.002756     0.001731 
   2000     25-29    0.000857     0.003631     0.002242 
   2000     30-34    0.001186     0.004875     0.003016 
   2000     35-39    0.001644     0.006402     0.003995 
   2000     40-44    0.002500     0.008776     0.005563 
   2000     45-49    0.003966     0.012828     0.008205 
   2000     50-54    0.005890     0.018271     0.011707 
   2000     55-59    0.009584     0.028777     0.018146 
   2000     60-64    0.013764     0.039159     0.024355 
   2000     65-69    0.022337     0.052202     0.033960 
   2000     70-74    0.037015     0.072313     0.049268 
   2000     75-79    0.062848     0.100625     0.073099 
   2000     80-84    0.103414     0.141363     0.112726 
   2000     85-89    0.177572     0.213057     0.185061 
   2000     90-94    0.257404     0.294411     0.264799 
   2000     95-99    0.320512     0.311444     0.318824 
   2000    100-104   0.434758     0.346290     0.420077 
   2000    105-109   0.554834     0.320722     0.520421 
   2000    110+      2.095522            .     2.095522 
   2001        0     0.007979     0.010226     0.009136 
   2001      1-4     0.000503     0.000739     0.000624 
   2001      5-9     0.000221     0.000374     0.000300 
   2001     10-14    0.000179     0.000354     0.000268 
   2001     15-19    0.000419     0.001230     0.000832 
   2001     20-24    0.000617     0.002888     0.001772 
   2001     25-29    0.000937     0.003766     0.002351 
   2001     30-34    0.001153     0.004871     0.002995 
   2001     35-39    0.001657     0.006617     0.004103 
   2001     40-44    0.002346     0.009230     0.005708 
   2001     45-49    0.003800     0.013566     0.008464 
   2001     50-54    0.006253     0.020175     0.012781 
   2001     55-59    0.010610     0.029554     0.019090 
   2001     60-64    0.014359     0.041782     0.025788 
   2001     65-69    0.023204     0.054819     0.035450 
   2001     70-74    0.037238     0.074036     0.050291 
   2001     75-79    0.064458     0.104013     0.075156 
   2001     80-84    0.103722     0.139777     0.112590 
   2001     85-89    0.183338     0.217078     0.190398 
   2001     90-94    0.271485     0.315323     0.280001 
   2001     95-99    0.322709     0.332480     0.324571 
   2001    100-104   0.423872     0.326290     0.406680 
   2001    105-109   0.474844     0.264078     0.435449 
   2001    110+      1.090909            .     1.090909 
   2002        0     0.006860     0.008624     0.007769 
   2002      1-4     0.000638     0.000919     0.000783 
   2002      5-9     0.000292     0.000367     0.000331 
   2002     10-14    0.000200     0.000394     0.000300 
   2002     15-19    0.000463     0.001115     0.000795 
   2002     20-24    0.000719     0.002448     0.001599 
   2002     25-29    0.000912     0.004027     0.002471 
   2002     30-34    0.001294     0.005125     0.003190 
   2002     35-39    0.001636     0.007100     0.004327 
   2002     40-44    0.002539     0.010003     0.006181 
   2002     45-49    0.004123     0.014534     0.009090 
   2002     50-54    0.006635     0.021483     0.013576 
   2002     55-59    0.011093     0.030324     0.019745 
   2002     60-64    0.015462     0.044484     0.027534 
   2002     65-69    0.023100     0.056804     0.036127 
   2002     70-74    0.037885     0.079631     0.052754 
   2002     75-79    0.064807     0.106797     0.076390 
   2002     80-84    0.108966     0.146129     0.118037 
   2002     85-89    0.187842     0.226433     0.195862 
   2002     90-94    0.278302     0.308755     0.284138 
   2002     95-99    0.362224     0.347913     0.359477 
   2002    100-104   0.475427     0.391404     0.459593 
   2002    105-109   0.555372     0.382054     0.517052 
   2002    110+      1.046200     0.000000     0.926121 
   2003        0     0.006453     0.009038     0.007783 
   2003      1-4     0.000464     0.000621     0.000545 
   2003      5-9     0.000197     0.000353     0.000277 
   2003     10-14    0.000168     0.000293     0.000232 
   2003     15-19    0.000370     0.001102     0.000744 
   2003     20-24    0.000593     0.002416     0.001521 
   2003     25-29    0.000789     0.003774     0.002284 
   2003     30-34    0.001282     0.005179     0.003208 
   2003     35-39    0.001807     0.006974     0.004344 
   2003     40-44    0.002546     0.009386     0.005884 
   2003     45-49    0.003972     0.014319     0.008909 
   2003     50-54    0.006230     0.020768     0.013002 
   2003     55-59    0.010224     0.028587     0.018500 
   2003     60-64    0.014862     0.044276     0.027085 
   2003     65-69    0.022233     0.055589     0.035105 
   2003     70-74    0.037344     0.078235     0.051764 
   2003     75-79    0.062367     0.104757     0.074505 
   2003     80-84    0.105706     0.146567     0.115547 
   2003     85-89    0.176267     0.217902     0.184891 
   2003     90-94    0.277411     0.303004     0.282284 
   2003     95-99    0.360405     0.414316     0.370619 
   2003    100-104   0.523025     0.543045     0.526823 
   2003    105-109   0.678009     0.775412     0.700258 
   2003    110+      1.701493     2.191011     1.804245 
   2004        0     0.005840     0.008047     0.006975 
   2004      1-4     0.000470     0.000645     0.000560 
   2004      5-9     0.000205     0.000281     0.000244 
   2004     10-14    0.000154     0.000271     0.000214 
   2004     15-19    0.000400     0.001080     0.000748 
   2004     20-24    0.000579     0.002366     0.001489 
   2004     25-29    0.000937     0.003397     0.002171 
   2004     30-34    0.001206     0.004862     0.003011 
   2004     35-39    0.001913     0.006538     0.004179 
   2004     40-44    0.002609     0.009639     0.006036 
   2004     45-49    0.003974     0.014032     0.008775 
   2004     50-54    0.005980     0.019407     0.012213 
   2004     55-59    0.009762     0.028145     0.018050 
   2004     60-64    0.014404     0.043696     0.026599 
   2004     65-69    0.021163     0.054054     0.033783 
   2004     70-74    0.036091     0.076477     0.050202 
   2004     75-79    0.059859     0.101666     0.072213 
   2004     80-84    0.104352     0.144570     0.113876 
   2004     85-89    0.168535     0.203418     0.175862 
   2004     90-94    0.275799     0.301899     0.280700 
   2004     95-99    0.356252     0.407092     0.365476 
   2004    100-104   0.466335     0.576603     0.485619 
   2004    105-109   0.565184     0.998862     0.644713 
   2004    110+      1.172519     4.090909     1.518170 
   2005        0     0.005781     0.008518     0.007185 
   2005      1-4     0.000517     0.000593     0.000556 
   2005      5-9     0.000166     0.000361     0.000266 
   2005     10-14    0.000162     0.000296     0.000231 
   2005     15-19    0.000361     0.001026     0.000702 
   2005     20-24    0.000616     0.002319     0.001483 
   2005     25-29    0.000919     0.003654     0.002295 
   2005     30-34    0.001383     0.005313     0.003323 
   2005     35-39    0.001741     0.007113     0.004370 
   2005     40-44    0.002560     0.009812     0.006084 
   2005     45-49    0.003921     0.014080     0.008773 
   2005     50-54    0.005973     0.020404     0.012657 
   2005     55-59    0.009812     0.027994     0.018003 
   2005     60-64    0.014854     0.044424     0.027190 
   2005     65-69    0.021119     0.056006     0.034447 
   2005     70-74    0.034946     0.075904     0.049157 
   2005     75-79    0.059754     0.103417     0.072980 
   2005     80-84    0.102373     0.141158     0.111433 
   2005     85-89    0.169700     0.200451     0.176281 
   2005     90-94    0.271377     0.305095     0.277601 
   2005     95-99    0.367604     0.418482     0.376460 
   2005    100-104   0.478705     0.461566     0.475860 
   2005    105-109   0.596406     0.702128     0.612033 
   2005    110+      1.584375            .     1.584375 
   2006        0     0.005626     0.006989     0.006326 
   2006      1-4     0.000514     0.000575     0.000546 
   2006      5-9     0.000163     0.000310     0.000239 
   2006     10-14    0.000180     0.000226     0.000204 
   2006     15-19    0.000374     0.000988     0.000689 
   2006     20-24    0.000577     0.002113     0.001359 
   2006     25-29    0.000925     0.003573     0.002259 
   2006     30-34    0.001240     0.005218     0.003205 
   2006     35-39    0.001798     0.006473     0.004080 
   2006     40-44    0.002488     0.009367     0.005823 
   2006     45-49    0.003553     0.013374     0.008245 
   2006     50-54    0.005457     0.018918     0.011682 
   2006     55-59    0.009600     0.027449     0.017617 
   2006     60-64    0.013556     0.041772     0.025386 
   2006     65-69    0.020416     0.054539     0.033410 
   2006     70-74    0.034609     0.073819     0.048137 
   2006     75-79    0.057861     0.103125     0.071828 
   2006     80-84    0.101455     0.141810     0.110884 
   2006     85-89    0.159881     0.189000     0.166133 
   2006     90-94    0.269739     0.290518     0.273537 
   2006     95-99    0.373590     0.388859     0.376197 
   2006    100-104   0.446413     0.385905     0.436093 
   2006    105-109   0.523791     0.471695     0.515564 
   2006    110+      1.029070            .     1.029070 
   2007        0     0.004678     0.006052     0.005386 
   2007      1-4     0.000365     0.000527     0.000448 
   2007      5-9     0.000201     0.000272     0.000237 
   2007     10-14    0.000189     0.000343     0.000268 
   2007     15-19    0.000363     0.000989     0.000685 
   2007     20-24    0.000544     0.002052     0.001313 
   2007     25-29    0.000820     0.003240     0.002041 
   2007     30-34    0.001064     0.004591     0.002809 
   2007     35-39    0.001638     0.005962     0.003746 
   2007     40-44    0.002265     0.008343     0.005206 
   2007     45-49    0.003523     0.012337     0.007732 
   2007     50-54    0.005291     0.017695     0.011026 
   2007     55-59    0.008994     0.025526     0.016396 
   2007     60-64    0.012661     0.038024     0.023385 
   2007     65-69    0.019443     0.051828     0.031742 
   2007     70-74    0.031793     0.069616     0.044839 
   2007     75-79    0.056349     0.100448     0.069983 
   2007     80-84    0.096582     0.137697     0.106400 
   2007     85-89    0.155724     0.195219     0.164076 
   2007     90-94    0.260793     0.296694     0.267316 
   2007     95-99    0.374481     0.365145     0.372864 
   2007    100-104   0.491810     0.503469     0.493834 
   2007    105-109   0.649415     0.859938     0.683405 
   2007    110+      1.691589            .     1.691589 
   2008        0     0.003713     0.005480     0.004624 
   2008      1-4     0.000315     0.000432     0.000375 
   2008      5-9     0.000138     0.000252     0.000196 
   2008     10-14    0.000142     0.000221     0.000183 
   2008     15-19    0.000285     0.000930     0.000617 
   2008     20-24    0.000466     0.001912     0.001205 
   2008     25-29    0.000807     0.002855     0.001842 
   2008     30-34    0.001085     0.004683     0.002867 
   2008     35-39    0.001634     0.006276     0.003895 
   2008     40-44    0.002197     0.008485     0.005231 
   2008     45-49    0.003387     0.012198     0.007598 
   2008     50-54    0.005466     0.017897     0.011222 
   2008     55-59    0.008327     0.025876     0.016157 
   2008     60-64    0.013002     0.038582     0.023867 
   2008     65-69    0.019097     0.052485     0.031768 
   2008     70-74    0.031461     0.069813     0.044690 
   2008     75-79    0.054879     0.099986     0.068669 
   2008     80-84    0.095481     0.138702     0.106175 
   2008     85-89    0.156145     0.197944     0.164764 
   2008     90-94    0.262675     0.279952     0.265825 
   2008     95-99    0.360421     0.384927     0.364709 
   2008    100-104   0.456122     0.427216     0.451102 
   2008    105-109   0.588688     0.658596     0.599603 
   2008    110+      1.140845            .     1.140845 
   2009        0     0.004027     0.005430     0.004750 
   2009      1-4     0.000328     0.000485     0.000409 
   2009      5-9     0.000181     0.000338     0.000261 
   2009     10-14    0.000166     0.000268     0.000219 
   2009     15-19    0.000293     0.000843     0.000576 
   2009     20-24    0.000503     0.001921     0.001230 
   2009     25-29    0.000779     0.002854     0.001829 
   2009     30-34    0.001321     0.004307     0.002804 
   2009     35-39    0.001704     0.006060     0.003825 
   2009     40-44    0.002254     0.008576     0.005299 
   2009     45-49    0.003377     0.012296     0.007638 
   2009     50-54    0.005274     0.017458     0.010926 
   2009     55-59    0.008516     0.025655     0.016142 
   2009     60-64    0.012244     0.038726     0.023507 
   2009     65-69    0.019036     0.051539     0.031405 
   2009     70-74    0.030771     0.070372     0.044347 
   2009     75-79    0.056733     0.101809     0.070381 
   2009     80-84    0.094614     0.134560     0.104845 
   2009     85-89    0.158629     0.198572     0.166672 
   2009     90-94    0.250330     0.284796     0.256750 
   2009     95-99    0.353906     0.422312     0.365522 
   2009    100-104   0.493570     0.481034     0.491397 
   2009    105-109   0.708243     0.855838     0.731672 
   2009    110+      1.732558            .     1.732558 
   2010        0     0.003696     0.004211     0.003962 
   2010      1-4     0.000359     0.000393     0.000377 
   2010      5-9     0.000182     0.000274     0.000229 
   2010     10-14    0.000175     0.000242     0.000209 
   2010     15-19    0.000357     0.000967     0.000671 
   2010     20-24    0.000393     0.001902     0.001168 
   2010     25-29    0.000696     0.002775     0.001749 
   2010     30-34    0.001250     0.004372     0.002806 
   2010     35-39    0.001676     0.006153     0.003859 
   2010     40-44    0.002391     0.008875     0.005515 
   2010     45-49    0.003361     0.012412     0.007675 
   2010     50-54    0.005111     0.018016     0.011110 
   2010     55-59    0.008525     0.025715     0.016168 
   2010     60-64    0.012016     0.039386     0.023641 
   2010     65-69    0.018988     0.052255     0.031687 
   2010     70-74    0.030363     0.071984     0.044559 
   2010     75-79    0.054968     0.100639     0.068711 
   2010     80-84    0.095738     0.137724     0.106727 
   2010     85-89    0.159569     0.193154     0.166251 
   2010     90-94    0.253450     0.286016     0.259608 
   2010     95-99    0.377348     0.364126     0.375171 
   2010    100-104   0.521412     0.465075     0.511637 
   2010    105-109   0.820180     0.785732     0.814475 
   2010    110+      2.126582            .     2.126582 
   2011        0     0.003426     0.004308     0.003880 
   2011      1-4     0.000247     0.000368     0.000309 
   2011      5-9     0.000144     0.000220     0.000183 
   2011     10-14    0.000150     0.000284     0.000219 
   2011     15-19    0.000356     0.000790     0.000579 
   2011     20-24    0.000415     0.001696     0.001073 
   2011     25-29    0.000706     0.002809     0.001774 
   2011     30-34    0.001281     0.004527     0.002904 
   2011     35-39    0.001649     0.006416     0.003979 
   2011     40-44    0.002519     0.008959     0.005619 
   2011     45-49    0.003364     0.012214     0.007574 
   2011     50-54    0.005249     0.018299     0.011321 
   2011     55-59    0.008723     0.026174     0.016481 
   2011     60-64    0.012607     0.039799     0.024105 
   2011     65-69    0.017639     0.050191     0.030154 
   2011     70-74    0.029461     0.067843     0.042507 
   2011     75-79    0.052368     0.097305     0.065836 
   2011     80-84    0.090440     0.136118     0.102519 
   2011     85-89    0.148350     0.193085     0.157268 
   2011     90-94    0.233174     0.275083     0.240999 
   2011     95-99    0.345685     0.357803     0.347667 
   2011    100-104   0.525813     0.486840     0.518894 
   2011    105-109   0.913747     0.829268     0.898010 
   2011    110+      4.066116            .     4.066116 
   2012        0     0.003020     0.003818     0.003430 
   2012      1-4     0.000216     0.000344     0.000282 
   2012      5-9     0.000159     0.000181     0.000170 
   2012     10-14    0.000151     0.000246     0.000200 
   2012     15-19    0.000336     0.000773     0.000561 
   2012     20-24    0.000438     0.001425     0.000945 
   2012     25-29    0.000627     0.002239     0.001447 
   2012     30-34    0.001007     0.003581     0.002297 
   2012     35-39    0.001552     0.004995     0.003240 
   2012     40-44    0.002154     0.007049     0.004510 
   2012     45-49    0.002979     0.010543     0.006573 
   2012     50-54    0.004342     0.015224     0.009405 
   2012     55-59    0.007079     0.021746     0.013609 
   2012     60-64    0.010774     0.034421     0.020739 
   2012     65-69    0.016815     0.045906     0.028128 
   2012     70-74    0.027397     0.064858     0.040092 
   2012     75-79    0.049423     0.095044     0.063097 
   2012     80-84    0.088464     0.135368     0.100819 
   2012     85-89    0.151240     0.193503     0.159848 
   2012     90-94    0.237413     0.275112     0.244220 
   2012     95-99    0.331686     0.399881     0.342691 
   2012    100-104   0.472579     0.602535     0.494592 
   2012    105-109   0.736712     1.306677     0.831430 
   2012    110+             .            .            . 
   2013        0     0.002974     0.003946     0.003475 
   2013      1-4     0.000254     0.000323     0.000290 
   2013      5-9     0.000118     0.000253     0.000187 
   2013     10-14    0.000147     0.000178     0.000163 
   2013     15-19    0.000275     0.000668     0.000478 
   2013     20-24    0.000437     0.001375     0.000919 
   2013     25-29    0.000564     0.002006     0.001300 
   2013     30-34    0.000949     0.003244     0.002102 
   2013     35-39    0.001494     0.005017     0.003226 
   2013     40-44    0.002000     0.006748     0.004286 
   2013     45-49    0.002962     0.009354     0.005995 
   2013     50-54    0.004190     0.014003     0.008762 
   2013     55-59    0.007136     0.021432     0.013521 
   2013     60-64    0.010137     0.033309     0.019873 
   2013     65-69    0.015971     0.042617     0.026408 
   2013     70-74    0.027573     0.063805     0.039844 
   2013     75-79    0.049454     0.090873     0.061861 
   2013     80-84    0.089125     0.133942     0.100764 
   2013     85-89    0.150696     0.194808     0.160014 
   2013     90-94    0.238357     0.280716     0.245748 
   2013     95-99    0.350469     0.365094     0.352840 
   2013    100-104   0.485826     0.605647     0.503961 
   2013    105-109   0.731684     1.329917     0.798934 
   2013    110+             .            .            . 
   2014        0     0.002879     0.003998     0.003456 
   2014      1-4     0.000188     0.000281     0.000236 
   2014      5-9     0.000163     0.000194     0.000179 
   2014     10-14    0.000152     0.000206     0.000180 
   2014     15-19    0.000239     0.000680     0.000466 
   2014     20-24    0.000334     0.001321     0.000841 
   2014     25-29    0.000499     0.001881     0.001206 
   2014     30-34    0.000918     0.003017     0.001976 
   2014     35-39    0.001378     0.004403     0.002870 
   2014     40-44    0.002134     0.006294     0.004139 
   2014     45-49    0.002762     0.009161     0.005798 
   2014     50-54    0.004199     0.013733     0.008645 
   2014     55-59    0.006414     0.020001     0.012504 
   2014     60-64    0.009590     0.032003     0.018999 
   2014     65-69    0.015374     0.042539     0.026057 
   2014     70-74    0.026649     0.062271     0.038768 
   2014     75-79    0.045663     0.087437     0.058114 
   2014     80-84    0.085534     0.130824     0.097141 
   2014     85-89    0.146071     0.187842     0.155203 
   2014     90-94    0.227639     0.258031     0.232817 
   2014     95-99    0.334115     0.379499     0.341620 
   2014    100-104   0.467403     0.356433     0.450918 
   2014    105-109   0.552816     0.215531     0.510689 
   2014    110+             .            .            . 
