Czech Republic, Death rates (period 5x1)     Last modified: 02-Oct-2015, MPv5 (May07)

   Year      Age       Female       Male         Total
   1950        0     0.059993     0.075442     0.067921 
   1950      1-4     0.002288     0.002740     0.002518 
   1950      5-9     0.000709     0.000883     0.000797 
   1950     10-14    0.000680     0.000960     0.000821 
   1950     15-19    0.001053     0.001727     0.001394 
   1950     20-24    0.001472     0.002240     0.001860 
   1950     25-29    0.001718     0.002630     0.002165 
   1950     30-34    0.001923     0.002687     0.002298 
   1950     35-39    0.002547     0.003227     0.002881 
   1950     40-44    0.003381     0.004788     0.004074 
   1950     45-49    0.004859     0.007134     0.005971 
   1950     50-54    0.006879     0.012112     0.009317 
   1950     55-59    0.011144     0.018779     0.014574 
   1950     60-64    0.018306     0.029855     0.023398 
   1950     65-69    0.031090     0.044328     0.036860 
   1950     70-74    0.054355     0.070182     0.061157 
   1950     75-79    0.092666     0.104831     0.097838 
   1950     80-84    0.149259     0.168116     0.157073 
   1950     85-89    0.224863     0.255938     0.236769 
   1950     90-94    0.319900     0.370031     0.337379 
   1950     95-99    0.455332     0.495997     0.468207 
   1950    100-104   0.813621     1.179892     0.899377 
   1950    105-109          .            .            . 
   1950    110+             .            .            . 
   1951        0     0.052698     0.065739     0.059400 
   1951      1-4     0.002354     0.002661     0.002511 
   1951      5-9     0.000579     0.000867     0.000725 
   1951     10-14    0.000506     0.000796     0.000653 
   1951     15-19    0.000848     0.001509     0.001182 
   1951     20-24    0.001243     0.002170     0.001712 
   1951     25-29    0.001424     0.002233     0.001822 
   1951     30-34    0.001808     0.002662     0.002226 
   1951     35-39    0.002327     0.003027     0.002670 
   1951     40-44    0.003073     0.004413     0.003733 
   1951     45-49    0.004564     0.007205     0.005856 
   1951     50-54    0.007033     0.012161     0.009447 
   1951     55-59    0.010617     0.019262     0.014490 
   1951     60-64    0.018250     0.030055     0.023443 
   1951     65-69    0.030001     0.044731     0.036384 
   1951     70-74    0.054602     0.069184     0.060834 
   1951     75-79    0.094164     0.107916     0.099957 
   1951     80-84    0.150200     0.170948     0.158814 
   1951     85-89    0.236134     0.269813     0.248985 
   1951     90-94    0.338780     0.368908     0.349217 
   1951     95-99    0.493967     0.471453     0.487042 
   1951    100-104   0.452899     0.668524     0.498872 
   1951    105-109          .            .            . 
   1951    110+             .            .            . 
   1952        0     0.039439     0.051801     0.045793 
   1952      1-4     0.001961     0.002057     0.002010 
   1952      5-9     0.000536     0.000789     0.000664 
   1952     10-14    0.000480     0.000648     0.000566 
   1952     15-19    0.000792     0.001333     0.001065 
   1952     20-24    0.001047     0.001820     0.001437 
   1952     25-29    0.001264     0.002091     0.001673 
   1952     30-34    0.001537     0.002225     0.001873 
   1952     35-39    0.002263     0.002913     0.002580 
   1952     40-44    0.002835     0.004025     0.003421 
   1952     45-49    0.004240     0.006810     0.005498 
   1952     50-54    0.006603     0.011756     0.009052 
   1952     55-59    0.010391     0.018269     0.013920 
   1952     60-64    0.017026     0.028349     0.021994 
   1952     65-69    0.029458     0.043401     0.035466 
   1952     70-74    0.051460     0.067382     0.058215 
   1952     75-79    0.091243     0.105849     0.097354 
   1952     80-84    0.150632     0.163985     0.156164 
   1952     85-89    0.231314     0.262790     0.243303 
   1952     90-94    0.351432     0.397824     0.367638 
   1952     95-99    0.479054     0.687940     0.542664 
   1952    100-104   0.293938     1.337047     0.481928 
   1952    105-109          .            .            . 
   1952    110+             .            .            . 
   1953        0     0.032082     0.038126     0.035189 
   1953      1-4     0.001829     0.002076     0.001956 
   1953      5-9     0.000440     0.000720     0.000582 
   1953     10-14    0.000425     0.000740     0.000585 
   1953     15-19    0.000746     0.001343     0.001048 
   1953     20-24    0.000899     0.001930     0.001419 
   1953     25-29    0.001043     0.001804     0.001421 
   1953     30-34    0.001480     0.002118     0.001791 
   1953     35-39    0.002013     0.002805     0.002400 
   1953     40-44    0.002836     0.003920     0.003368 
   1953     45-49    0.004362     0.006400     0.005360 
   1953     50-54    0.006441     0.011632     0.008927 
   1953     55-59    0.010041     0.018439     0.013817 
   1953     60-64    0.016869     0.029343     0.022324 
   1953     65-69    0.029875     0.045531     0.036575 
   1953     70-74    0.053286     0.070636     0.060596 
   1953     75-79    0.091281     0.111882     0.099828 
   1953     80-84    0.155548     0.183643     0.167079 
   1953     85-89    0.242723     0.276887     0.255753 
   1953     90-94    0.374580     0.417184     0.389150 
   1953     95-99    0.503900     0.577052     0.526021 
   1953    100-104   0.755151     0.390879     0.708053 
   1953    105-109          .            .            . 
   1953    110+             .            .            . 
   1954        0     0.026418     0.034360     0.030497 
   1954      1-4     0.001406     0.001721     0.001568 
   1954      5-9     0.000430     0.000570     0.000502 
   1954     10-14    0.000370     0.000566     0.000470 
   1954     15-19    0.000561     0.001381     0.000975 
   1954     20-24    0.000787     0.001789     0.001293 
   1954     25-29    0.000929     0.001663     0.001295 
   1954     30-34    0.001342     0.002163     0.001743 
   1954     35-39    0.001904     0.002428     0.002159 
   1954     40-44    0.002667     0.003850     0.003246 
   1954     45-49    0.004126     0.006240     0.005161 
   1954     50-54    0.006192     0.011289     0.008646 
   1954     55-59    0.010046     0.019283     0.014222 
   1954     60-64    0.016564     0.030093     0.022463 
   1954     65-69    0.030379     0.048479     0.038070 
   1954     70-74    0.053499     0.072375     0.061392 
   1954     75-79    0.094437     0.113719     0.102360 
   1954     80-84    0.161171     0.182702     0.169916 
   1954     85-89    0.251868     0.271060     0.259214 
   1954     90-94    0.364807     0.370401     0.366713 
   1954     95-99    0.479645     0.540147     0.498343 
   1954    100-104   0.638644     1.653315     0.763442 
   1954    105-109          .            .            . 
   1954    110+             .            .            . 
   1955        0     0.023882     0.032379     0.028246 
   1955      1-4     0.001276     0.001476     0.001378 
   1955      5-9     0.000390     0.000682     0.000539 
   1955     10-14    0.000390     0.000609     0.000501 
   1955     15-19    0.000505     0.001122     0.000817 
   1955     20-24    0.000722     0.001647     0.001189 
   1955     25-29    0.000983     0.001701     0.001342 
   1955     30-34    0.001291     0.002032     0.001652 
   1955     35-39    0.001679     0.002279     0.001971 
   1955     40-44    0.002530     0.003728     0.003115 
   1955     45-49    0.003800     0.006326     0.005037 
   1955     50-54    0.006250     0.010976     0.008532 
   1955     55-59    0.009388     0.018473     0.013530 
   1955     60-64    0.015441     0.028946     0.021309 
   1955     65-69    0.028043     0.043708     0.034663 
   1955     70-74    0.049133     0.066620     0.056384 
   1955     75-79    0.084524     0.102196     0.091731 
   1955     80-84    0.136858     0.158664     0.145624 
   1955     85-89    0.226010     0.252883     0.236352 
   1955     90-94    0.306911     0.318757     0.311044 
   1955     95-99    0.442816     0.463521     0.449375 
   1955    100-104   0.587717     0.000000     0.494927 
   1955    105-109          .            .            . 
   1955    110+             .            .            . 
   1956        0     0.022946     0.028810     0.025955 
   1956      1-4     0.001158     0.001334     0.001248 
   1956      5-9     0.000383     0.000627     0.000507 
   1956     10-14    0.000335     0.000561     0.000450 
   1956     15-19    0.000481     0.001159     0.000824 
   1956     20-24    0.000732     0.001754     0.001247 
   1956     25-29    0.000867     0.001578     0.001223 
   1956     30-34    0.001184     0.001901     0.001534 
   1956     35-39    0.001686     0.002429     0.002048 
   1956     40-44    0.002463     0.003467     0.002952 
   1956     45-49    0.003589     0.005693     0.004619 
   1956     50-54    0.006000     0.010687     0.008267 
   1956     55-59    0.009149     0.017889     0.013175 
   1956     60-64    0.015387     0.028843     0.021210 
   1956     65-69    0.026589     0.043892     0.033871 
   1956     70-74    0.047302     0.068107     0.055858 
   1956     75-79    0.080002     0.105607     0.090333 
   1956     80-84    0.140565     0.163623     0.149727 
   1956     85-89    0.222976     0.253076     0.234580 
   1956     90-94    0.337839     0.388264     0.355488 
   1956     95-99    0.439868     0.441967     0.440511 
   1956    100-104   0.850958     1.583810     1.006246 
   1956    105-109          .            .            . 
   1956    110+             .            .            . 
   1957        0     0.021773     0.028226     0.025085 
   1957      1-4     0.001204     0.001361     0.001285 
   1957      5-9     0.000413     0.000763     0.000592 
   1957     10-14    0.000380     0.000676     0.000530 
   1957     15-19    0.000536     0.001399     0.000973 
   1957     20-24    0.000804     0.001684     0.001248 
   1957     25-29    0.000827     0.001716     0.001272 
   1957     30-34    0.001159     0.001934     0.001538 
   1957     35-39    0.001524     0.002418     0.001959 
   1957     40-44    0.002453     0.003439     0.002932 
   1957     45-49    0.003526     0.005798     0.004637 
   1957     50-54    0.005800     0.010483     0.008066 
   1957     55-59    0.009449     0.018679     0.013742 
   1957     60-64    0.015777     0.029548     0.021731 
   1957     65-69    0.028259     0.045694     0.035566 
   1957     70-74    0.050146     0.072087     0.059087 
   1957     75-79    0.087041     0.109254     0.095897 
   1957     80-84    0.148963     0.171849     0.157955 
   1957     85-89    0.227946     0.265724     0.242417 
   1957     90-94    0.360901     0.365710     0.362586 
   1957     95-99    0.463531     0.475267     0.467169 
   1957    100-104   1.434263     0.724346     1.258113 
   1957    105-109          .            .            . 
   1957    110+             .            .            . 
   1958        0     0.020100     0.027106     0.023696 
   1958      1-4     0.001025     0.001221     0.001125 
   1958      5-9     0.000356     0.000566     0.000464 
   1958     10-14    0.000314     0.000532     0.000425 
   1958     15-19    0.000522     0.001224     0.000878 
   1958     20-24    0.000618     0.001664     0.001145 
   1958     25-29    0.000770     0.001526     0.001149 
   1958     30-34    0.001016     0.001703     0.001353 
   1958     35-39    0.001488     0.002319     0.001891 
   1958     40-44    0.002269     0.003460     0.002847 
   1958     45-49    0.003513     0.005357     0.004412 
   1958     50-54    0.005457     0.009703     0.007513 
   1958     55-59    0.008651     0.017232     0.012673 
   1958     60-64    0.014535     0.027389     0.020113 
   1958     65-69    0.026240     0.043967     0.033629 
   1958     70-74    0.046805     0.067185     0.055036 
   1958     75-79    0.081566     0.104214     0.090512 
   1958     80-84    0.136057     0.166767     0.147942 
   1958     85-89    0.216743     0.251966     0.230042 
   1958     90-94    0.322429     0.371982     0.339684 
   1958     95-99    0.444755     0.461492     0.450036 
   1958    100-104   1.135247     0.855011     1.043901 
   1958    105-109          .            .            . 
   1958    110+             .            .            . 
   1959        0     0.017505     0.023119     0.020385 
   1959      1-4     0.001136     0.001200     0.001169 
   1959      5-9     0.000336     0.000549     0.000445 
   1959     10-14    0.000272     0.000492     0.000384 
   1959     15-19    0.000488     0.001319     0.000910 
   1959     20-24    0.000501     0.001722     0.001117 
   1959     25-29    0.000794     0.001630     0.001214 
   1959     30-34    0.000991     0.001797     0.001388 
   1959     35-39    0.001360     0.002420     0.001874 
   1959     40-44    0.002235     0.003453     0.002826 
   1959     45-49    0.003481     0.005471     0.004449 
   1959     50-54    0.005635     0.009944     0.007722 
   1959     55-59    0.008838     0.018050     0.013181 
   1959     60-64    0.014651     0.028986     0.020906 
   1959     65-69    0.026287     0.046031     0.034475 
   1959     70-74    0.047889     0.069466     0.056534 
   1959     75-79    0.082015     0.106286     0.091501 
   1959     80-84    0.137718     0.169714     0.149893 
   1959     85-89    0.226944     0.261809     0.239911 
   1959     90-94    0.356026     0.396920     0.370082 
   1959     95-99    0.468390     0.543385     0.492112 
   1959    100-104   0.507860     0.600400     0.532481 
   1959    105-109          .            .            . 
   1959    110+             .            .            . 
   1960        0     0.017048     0.023212     0.020213 
   1960      1-4     0.000794     0.001152     0.000977 
   1960      5-9     0.000316     0.000461     0.000390 
   1960     10-14    0.000264     0.000472     0.000370 
   1960     15-19    0.000478     0.001183     0.000836 
   1960     20-24    0.000624     0.001817     0.001226 
   1960     25-29    0.000779     0.001720     0.001252 
   1960     30-34    0.000920     0.001837     0.001372 
   1960     35-39    0.001382     0.002402     0.001876 
   1960     40-44    0.001950     0.003462     0.002682 
   1960     45-49    0.003432     0.005564     0.004466 
   1960     50-54    0.005434     0.009500     0.007404 
   1960     55-59    0.008724     0.017142     0.012708 
   1960     60-64    0.013722     0.028263     0.020119 
   1960     65-69    0.024883     0.043171     0.032433 
   1960     70-74    0.043736     0.065378     0.052338 
   1960     75-79    0.076481     0.099010     0.085193 
   1960     80-84    0.132485     0.162542     0.143771 
   1960     85-89    0.208650     0.240619     0.220397 
   1960     90-94    0.295295     0.371506     0.321006 
   1960     95-99    0.435863     0.582607     0.478912 
   1960    100-104   0.762527     1.367633     0.894442 
   1960    105-109          .            .            . 
   1960    110+             .            .            . 
   1961        0     0.016324     0.023057     0.019777 
   1961      1-4     0.000778     0.001159     0.000973 
   1961      5-9     0.000368     0.000622     0.000498 
   1961     10-14    0.000240     0.000448     0.000346 
   1961     15-19    0.000474     0.001249     0.000867 
   1961     20-24    0.000508     0.001634     0.001077 
   1961     25-29    0.000642     0.001541     0.001094 
   1961     30-34    0.000941     0.001861     0.001396 
   1961     35-39    0.001418     0.002376     0.001883 
   1961     40-44    0.002011     0.003366     0.002667 
   1961     45-49    0.003458     0.005377     0.004386 
   1961     50-54    0.005232     0.009187     0.007148 
   1961     55-59    0.008345     0.016327     0.012131 
   1961     60-64    0.013599     0.027948     0.019980 
   1961     65-69    0.023796     0.043909     0.032062 
   1961     70-74    0.043224     0.066391     0.052380 
   1961     75-79    0.077093     0.099612     0.085717 
   1961     80-84    0.130536     0.159793     0.141383 
   1961     85-89    0.215605     0.242218     0.225280 
   1961     90-94    0.313436     0.359614     0.328889 
   1961     95-99    0.370985     0.487736     0.401813 
   1961    100-104   0.407148     1.225167     0.575347 
   1961    105-109          .            .            . 
   1961    110+             .            .            . 
   1962        0     0.018693     0.024433     0.021634 
   1962      1-4     0.000881     0.001158     0.001023 
   1962      5-9     0.000369     0.000675     0.000526 
   1962     10-14    0.000287     0.000443     0.000367 
   1962     15-19    0.000416     0.001158     0.000793 
   1962     20-24    0.000550     0.001692     0.001128 
   1962     25-29    0.000620     0.001637     0.001132 
   1962     30-34    0.001010     0.001772     0.001389 
   1962     35-39    0.001519     0.002371     0.001933 
   1962     40-44    0.001995     0.003350     0.002650 
   1962     45-49    0.003262     0.005605     0.004394 
   1962     50-54    0.005188     0.009924     0.007481 
   1962     55-59    0.008349     0.017489     0.012692 
   1962     60-64    0.014686     0.029733     0.021450 
   1962     65-69    0.025272     0.046469     0.033968 
   1962     70-74    0.046530     0.072599     0.056769 
   1962     75-79    0.083406     0.115217     0.095444 
   1962     80-84    0.146517     0.175702     0.157209 
   1962     85-89    0.232639     0.275944     0.248123 
   1962     90-94    0.382857     0.411168     0.392297 
   1962     95-99    0.516145     0.572191     0.530343 
   1962    100-104   0.416609     1.090711     0.516347 
   1962    105-109          .            .            . 
   1962    110+             .            .            . 
   1963        0     0.018205     0.023746     0.021044 
   1963      1-4     0.000838     0.001130     0.000987 
   1963      5-9     0.000349     0.000502     0.000427 
   1963     10-14    0.000269     0.000525     0.000400 
   1963     15-19    0.000494     0.001173     0.000839 
   1963     20-24    0.000456     0.001754     0.001114 
   1963     25-29    0.000732     0.001604     0.001171 
   1963     30-34    0.000954     0.001923     0.001438 
   1963     35-39    0.001258     0.002390     0.001809 
   1963     40-44    0.002116     0.003602     0.002834 
   1963     45-49    0.003219     0.005613     0.004374 
   1963     50-54    0.005139     0.009693     0.007340 
   1963     55-59    0.007841     0.016845     0.012125 
   1963     60-64    0.013885     0.028978     0.020730 
   1963     65-69    0.024405     0.045173     0.032950 
   1963     70-74    0.042795     0.068589     0.052838 
   1963     75-79    0.076395     0.102445     0.086136 
   1963     80-84    0.132684     0.160695     0.142848 
   1963     85-89    0.213032     0.248866     0.225535 
   1963     90-94    0.310721     0.341899     0.321105 
   1963     95-99    0.477264     0.476986     0.477187 
   1963    100-104   0.798780     0.582713     0.765641 
   1963    105-109   6.000000            .     6.000000 
   1963    110+             .            .            . 
   1964        0     0.016789     0.022524     0.019734 
   1964      1-4     0.000861     0.001067     0.000966 
   1964      5-9     0.000351     0.000534     0.000445 
   1964     10-14    0.000248     0.000418     0.000335 
   1964     15-19    0.000453     0.001092     0.000778 
   1964     20-24    0.000508     0.001737     0.001131 
   1964     25-29    0.000575     0.001658     0.001119 
   1964     30-34    0.000950     0.001788     0.001369 
   1964     35-39    0.001183     0.002441     0.001798 
   1964     40-44    0.002092     0.003699     0.002867 
   1964     45-49    0.003137     0.005360     0.004207 
   1964     50-54    0.005207     0.009107     0.007087 
   1964     55-59    0.008297     0.016834     0.012363 
   1964     60-64    0.013961     0.028982     0.020819 
   1964     65-69    0.024261     0.046153     0.033318 
   1964     70-74    0.043319     0.069717     0.053516 
   1964     75-79    0.075333     0.103707     0.085841 
   1964     80-84    0.131042     0.162341     0.142254 
   1964     85-89    0.204910     0.235948     0.215551 
   1964     90-94    0.302349     0.333270     0.312583 
   1964     95-99    0.410095     0.502114     0.436877 
   1964    100-104   0.528344     0.369762     0.493079 
   1964    105-109          .            .            . 
   1964    110+             .            .            . 
   1965        0     0.020001     0.026899     0.023548 
   1965      1-4     0.000783     0.001126     0.000959 
   1965      5-9     0.000372     0.000506     0.000440 
   1965     10-14    0.000309     0.000460     0.000387 
   1965     15-19    0.000517     0.001145     0.000838 
   1965     20-24    0.000521     0.001674     0.001106 
   1965     25-29    0.000539     0.001546     0.001046 
   1965     30-34    0.000754     0.001843     0.001299 
   1965     35-39    0.001298     0.002432     0.001855 
   1965     40-44    0.002088     0.003809     0.002919 
   1965     45-49    0.003166     0.005578     0.004326 
   1965     50-54    0.005259     0.009734     0.007411 
   1965     55-59    0.008180     0.016534     0.012162 
   1965     60-64    0.013553     0.028613     0.020458 
   1965     65-69    0.024487     0.046502     0.033680 
   1965     70-74    0.043194     0.069763     0.053389 
   1965     75-79    0.076818     0.102435     0.086221 
   1965     80-84    0.129462     0.163749     0.141576 
   1965     85-89    0.207276     0.241993     0.219057 
   1965     90-94    0.312576     0.347457     0.323990 
   1965     95-99    0.436529     0.460877     0.443567 
   1965    100-104   0.608554     0.480538     0.576185 
   1965    105-109   6.000000            .     6.000000 
   1965    110+             .            .            . 
   1966        0     0.018329     0.025178     0.021844 
   1966      1-4     0.000693     0.001109     0.000907 
   1966      5-9     0.000309     0.000545     0.000429 
   1966     10-14    0.000298     0.000487     0.000395 
   1966     15-19    0.000505     0.001191     0.000855 
   1966     20-24    0.000516     0.001672     0.001102 
   1966     25-29    0.000633     0.001544     0.001093 
   1966     30-34    0.000771     0.001900     0.001336 
   1966     35-39    0.001292     0.002497     0.001886 
   1966     40-44    0.002025     0.003792     0.002878 
   1966     45-49    0.002956     0.005502     0.004180 
   1966     50-54    0.005306     0.009750     0.007437 
   1966     55-59    0.007940     0.016101     0.011831 
   1966     60-64    0.013453     0.028838     0.020526 
   1966     65-69    0.023583     0.046305     0.033176 
   1966     70-74    0.042602     0.070253     0.053149 
   1966     75-79    0.075272     0.104878     0.086046 
   1966     80-84    0.126729     0.159776     0.138240 
   1966     85-89    0.203996     0.235087     0.214427 
   1966     90-94    0.302383     0.364768     0.322180 
   1966     95-99    0.385853     0.543955     0.430664 
   1966    100-104   0.534738     0.987980     0.644143 
   1966    105-109   0.000000            .     0.000000 
   1966    110+             .            .            . 
   1967        0     0.018887     0.024250     0.021640 
   1967      1-4     0.000720     0.001095     0.000912 
   1967      5-9     0.000311     0.000450     0.000382 
   1967     10-14    0.000277     0.000477     0.000379 
   1967     15-19    0.000479     0.001075     0.000784 
   1967     20-24    0.000580     0.001661     0.001129 
   1967     25-29    0.000525     0.001718     0.001128 
   1967     30-34    0.000821     0.001961     0.001392 
   1967     35-39    0.001355     0.002445     0.001894 
   1967     40-44    0.001923     0.004025     0.002939 
   1967     45-49    0.003196     0.005766     0.004429 
   1967     50-54    0.005038     0.010212     0.007514 
   1967     55-59    0.008128     0.016563     0.012146 
   1967     60-64    0.013470     0.029510     0.020858 
   1967     65-69    0.024014     0.046989     0.033816 
   1967     70-74    0.042855     0.070871     0.053507 
   1967     75-79    0.073872     0.105800     0.085369 
   1967     80-84    0.128505     0.162892     0.140318 
   1967     85-89    0.208396     0.249490     0.222009 
   1967     90-94    0.300452     0.355895     0.317492 
   1967     95-99    0.433754     0.568883     0.470111 
   1967    100-104   0.875327     1.265526     0.946611 
   1967    105-109   2.948276            .     2.948276 
   1967    110+             .            .            . 
   1968        0     0.018480     0.025108     0.021878 
   1968      1-4     0.000640     0.000877     0.000762 
   1968      5-9     0.000277     0.000631     0.000458 
   1968     10-14    0.000246     0.000472     0.000362 
   1968     15-19    0.000554     0.001305     0.000938 
   1968     20-24    0.000551     0.001982     0.001278 
   1968     25-29    0.000679     0.001816     0.001253 
   1968     30-34    0.000823     0.002128     0.001477 
   1968     35-39    0.001285     0.002594     0.001935 
   1968     40-44    0.001963     0.004114     0.003004 
   1968     45-49    0.003429     0.006324     0.004817 
   1968     50-54    0.005231     0.010334     0.007668 
   1968     55-59    0.008352     0.017577     0.012737 
   1968     60-64    0.013900     0.030129     0.021383 
   1968     65-69    0.024173     0.048265     0.034540 
   1968     70-74    0.043716     0.073386     0.055005 
   1968     75-79    0.079049     0.110140     0.090101 
   1968     80-84    0.136690     0.175003     0.149666 
   1968     85-89    0.218590     0.256377     0.230871 
   1968     90-94    0.315003     0.362657     0.329491 
   1968     95-99    0.496381     0.567335     0.515595 
   1968    100-104   0.718706     0.571565     0.693212 
   1968    105-109          .            .            . 
   1968    110+             .            .            . 
   1969        0     0.019411     0.025549     0.022561 
   1969      1-4     0.000792     0.000989     0.000893 
   1969      5-9     0.000336     0.000520     0.000431 
   1969     10-14    0.000241     0.000565     0.000407 
   1969     15-19    0.000527     0.001468     0.001008 
   1969     20-24    0.000584     0.001906     0.001256 
   1969     25-29    0.000680     0.001824     0.001259 
   1969     30-34    0.000814     0.002152     0.001484 
   1969     35-39    0.001277     0.002800     0.002035 
   1969     40-44    0.002129     0.004272     0.003170 
   1969     45-49    0.003429     0.007197     0.005234 
   1969     50-54    0.005227     0.011051     0.008001 
   1969     55-59    0.008725     0.018097     0.013166 
   1969     60-64    0.014656     0.031580     0.022468 
   1969     65-69    0.025576     0.052182     0.037083 
   1969     70-74    0.046161     0.079640     0.058941 
   1969     75-79    0.078344     0.116405     0.091698 
   1969     80-84    0.131214     0.168735     0.143747 
   1969     85-89    0.212189     0.247965     0.223550 
   1969     90-94    0.311308     0.365527     0.327599 
   1969     95-99    0.444012     0.456759     0.447603 
   1969    100-104   0.652561     1.084142     0.730141 
   1969    105-109          .            .            . 
   1969    110+             .            .            . 
   1970        0     0.018129     0.023657     0.020965 
   1970      1-4     0.000686     0.000902     0.000797 
   1970      5-9     0.000302     0.000474     0.000390 
   1970     10-14    0.000296     0.000481     0.000391 
   1970     15-19    0.000561     0.001254     0.000915 
   1970     20-24    0.000531     0.001752     0.001153 
   1970     25-29    0.000646     0.001763     0.001211 
   1970     30-34    0.000879     0.002237     0.001561 
   1970     35-39    0.001365     0.002866     0.002112 
   1970     40-44    0.002013     0.004255     0.003107 
   1970     45-49    0.003452     0.007110     0.005203 
   1970     50-54    0.005496     0.011428     0.008316 
   1970     55-59    0.008723     0.018426     0.013305 
   1970     60-64    0.014842     0.030889     0.022250 
   1970     65-69    0.025671     0.051620     0.036911 
   1970     70-74    0.046271     0.079196     0.058926 
   1970     75-79    0.081594     0.119678     0.094787 
   1970     80-84    0.135895     0.174271     0.148525 
   1970     85-89    0.220542     0.256548     0.231774 
   1970     90-94    0.336560     0.354215     0.341840 
   1970     95-99    0.452817     0.464152     0.455985 
   1970    100-104   0.439314     1.262778     0.542495 
   1970    105-109   0.000000            .     0.000000 
   1970    110+             .            .            . 
   1971        0     0.017323     0.024561     0.021026 
   1971      1-4     0.000684     0.000967     0.000829 
   1971      5-9     0.000364     0.000468     0.000418 
   1971     10-14    0.000250     0.000515     0.000386 
   1971     15-19    0.000459     0.001247     0.000862 
   1971     20-24    0.000544     0.001588     0.001076 
   1971     25-29    0.000595     0.001679     0.001143 
   1971     30-34    0.000817     0.002051     0.001437 
   1971     35-39    0.001257     0.002817     0.002034 
   1971     40-44    0.002006     0.004389     0.003173 
   1971     45-49    0.003523     0.007355     0.005358 
   1971     50-54    0.005279     0.010896     0.007947 
   1971     55-59    0.008688     0.018039     0.013088 
   1971     60-64    0.014091     0.030730     0.021766 
   1971     65-69    0.025641     0.050677     0.036508 
   1971     70-74    0.044379     0.079003     0.057810 
   1971     75-79    0.078659     0.116761     0.091723 
   1971     80-84    0.132994     0.171279     0.145416 
   1971     85-89    0.206292     0.258077     0.222107 
   1971     90-94    0.312751     0.355322     0.325339 
   1971     95-99    0.436429     0.469885     0.445646 
   1971    100-104   0.560248     0.689127     0.582662 
   1971    105-109   4.278261            .     4.278261 
   1971    110+             .            .            . 
   1972        0     0.017634     0.023041     0.020405 
   1972      1-4     0.000588     0.000798     0.000695 
   1972      5-9     0.000318     0.000459     0.000390 
   1972     10-14    0.000265     0.000454     0.000362 
   1972     15-19    0.000472     0.001139     0.000813 
   1972     20-24    0.000482     0.001588     0.001046 
   1972     25-29    0.000547     0.001623     0.001092 
   1972     30-34    0.000717     0.001829     0.001277 
   1972     35-39    0.001217     0.002756     0.001984 
   1972     40-44    0.002016     0.004117     0.003050 
   1972     45-49    0.003523     0.006530     0.004964 
   1972     50-54    0.005377     0.011018     0.008051 
   1972     55-59    0.008340     0.017851     0.012803 
   1972     60-64    0.014256     0.029198     0.021141 
   1972     65-69    0.023799     0.048119     0.034378 
   1972     70-74    0.042966     0.073482     0.054907 
   1972     75-79    0.075456     0.110327     0.087332 
   1972     80-84    0.128923     0.166738     0.141002 
   1972     85-89    0.203587     0.249609     0.217353 
   1972     90-94    0.303943     0.352728     0.318032 
   1972     95-99    0.421672     0.425822     0.422791 
   1972    100-104   0.416379     0.505963     0.437468 
   1972    105-109   6.000000            .     6.000000 
   1972    110+             .            .            . 
   1973        0     0.016689     0.024652     0.020784 
   1973      1-4     0.000616     0.000792     0.000706 
   1973      5-9     0.000243     0.000489     0.000369 
   1973     10-14    0.000221     0.000432     0.000329 
   1973     15-19    0.000460     0.001214     0.000846 
   1973     20-24    0.000487     0.001511     0.001009 
   1973     25-29    0.000590     0.001571     0.001087 
   1973     30-34    0.000783     0.001775     0.001283 
   1973     35-39    0.001061     0.002497     0.001778 
   1973     40-44    0.001989     0.004252     0.003107 
   1973     45-49    0.003287     0.006554     0.004856 
   1973     50-54    0.005143     0.011288     0.008052 
   1973     55-59    0.008766     0.018760     0.013443 
   1973     60-64    0.014004     0.029315     0.021046 
   1973     65-69    0.024162     0.049084     0.035022 
   1973     70-74    0.044259     0.077210     0.057259 
   1973     75-79    0.076718     0.118484     0.090893 
   1973     80-84    0.135599     0.174685     0.147854 
   1973     85-89    0.213091     0.261357     0.227236 
   1973     90-94    0.313792     0.379220     0.332184 
   1973     95-99    0.431379     0.425839     0.429913 
   1973    100-104   0.506177     0.561054     0.521478 
   1973    105-109   0.000000            .     0.000000 
   1973    110+             .            .            . 
   1974        0     0.017594     0.022702     0.020220 
   1974      1-4     0.000561     0.000699     0.000632 
   1974      5-9     0.000296     0.000499     0.000400 
   1974     10-14    0.000204     0.000434     0.000322 
   1974     15-19    0.000443     0.001062     0.000760 
   1974     20-24    0.000431     0.001425     0.000937 
   1974     25-29    0.000563     0.001364     0.000969 
   1974     30-34    0.000721     0.001571     0.001150 
   1974     35-39    0.001115     0.002507     0.001809 
   1974     40-44    0.002130     0.004180     0.003145 
   1974     45-49    0.003307     0.006949     0.005063 
   1974     50-54    0.005523     0.011815     0.008500 
   1974     55-59    0.008296     0.017863     0.012761 
   1974     60-64    0.013993     0.029582     0.021141 
   1974     65-69    0.024255     0.048923     0.035024 
   1974     70-74    0.044559     0.077638     0.057674 
   1974     75-79    0.078127     0.119851     0.092296 
   1974     80-84    0.135086     0.174402     0.147228 
   1974     85-89    0.218641     0.266525     0.232390 
   1974     90-94    0.321195     0.369711     0.334307 
   1974     95-99    0.431146     0.469838     0.441331 
   1974    100-104   0.570144     0.577201     0.572336 
   1974    105-109   4.346457            .     4.346457 
   1974    110+             .            .            . 
   1975        0     0.016862     0.022090     0.019537 
   1975      1-4     0.000497     0.000686     0.000594 
   1975      5-9     0.000295     0.000500     0.000400 
   1975     10-14    0.000213     0.000430     0.000324 
   1975     15-19    0.000403     0.000983     0.000699 
   1975     20-24    0.000435     0.001366     0.000910 
   1975     25-29    0.000555     0.001467     0.001018 
   1975     30-34    0.000803     0.001654     0.001232 
   1975     35-39    0.001110     0.002727     0.001918 
   1975     40-44    0.001863     0.004199     0.003020 
   1975     45-49    0.003038     0.006546     0.004738 
   1975     50-54    0.005228     0.011278     0.008089 
   1975     55-59    0.007986     0.017499     0.012418 
   1975     60-64    0.013293     0.029072     0.020504 
   1975     65-69    0.023436     0.046984     0.033723 
   1975     70-74    0.042707     0.075130     0.055601 
   1975     75-79    0.076283     0.113476     0.089008 
   1975     80-84    0.129629     0.175978     0.143705 
   1975     85-89    0.210133     0.265198     0.225665 
   1975     90-94    0.321646     0.370599     0.334428 
   1975     95-99    0.428601     0.421197     0.426633 
   1975    100-104   0.401169     0.254162     0.356171 
   1975    105-109   0.670391            .     0.670391 
   1975    110+             .            .            . 
   1976        0     0.016093     0.022111     0.019168 
   1976      1-4     0.000497     0.000668     0.000585 
   1976      5-9     0.000250     0.000438     0.000346 
   1976     10-14    0.000221     0.000429     0.000327 
   1976     15-19    0.000388     0.000971     0.000686 
   1976     20-24    0.000463     0.001476     0.000979 
   1976     25-29    0.000565     0.001419     0.000999 
   1976     30-34    0.000684     0.001663     0.001178 
   1976     35-39    0.000938     0.002467     0.001704 
   1976     40-44    0.001863     0.004057     0.002951 
   1976     45-49    0.003097     0.006703     0.004851 
   1976     50-54    0.004918     0.011450     0.008007 
   1976     55-59    0.007987     0.017709     0.012513 
   1976     60-64    0.013873     0.028483     0.020524 
   1976     65-69    0.023310     0.046585     0.033478 
   1976     70-74    0.041425     0.075678     0.055083 
   1976     75-79    0.074603     0.115928     0.088881 
   1976     80-84    0.128281     0.176496     0.142626 
   1976     85-89    0.212919     0.261391     0.226362 
   1976     90-94    0.335585     0.387150     0.348648 
   1976     95-99    0.436033     0.461099     0.442536 
   1976    100-104   0.451827     0.464684     0.455748 
   1976    105-109   0.936330     1.613445     1.023913 
   1976    110+             .            .            . 
   1977        0     0.015234     0.022052     0.018722 
   1977      1-4     0.000563     0.000620     0.000592 
   1977      5-9     0.000294     0.000412     0.000354 
   1977     10-14    0.000216     0.000389     0.000305 
   1977     15-19    0.000393     0.000955     0.000681 
   1977     20-24    0.000476     0.001218     0.000854 
   1977     25-29    0.000530     0.001307     0.000925 
   1977     30-34    0.000701     0.001805     0.001258 
   1977     35-39    0.001126     0.002302     0.001716 
   1977     40-44    0.001909     0.004196     0.003044 
   1977     45-49    0.003014     0.006975     0.004948 
   1977     50-54    0.004942     0.011437     0.008016 
   1977     55-59    0.008058     0.018194     0.012766 
   1977     60-64    0.013625     0.029181     0.020683 
   1977     65-69    0.023002     0.047045     0.033504 
   1977     70-74    0.041910     0.074669     0.054997 
   1977     75-79    0.074285     0.114094     0.088155 
   1977     80-84    0.131042     0.171710     0.143002 
   1977     85-89    0.210021     0.256587     0.222692 
   1977     90-94    0.322318     0.374629     0.335305 
   1977     95-99    0.456325     0.507594     0.468808 
   1977    100-104   0.370514     0.467587     0.396593 
   1977    105-109   0.282252     2.140127     0.469231 
   1977    110+             .            .            . 
   1978        0     0.014171     0.020030     0.017170 
   1978      1-4     0.000501     0.000626     0.000565 
   1978      5-9     0.000281     0.000395     0.000339 
   1978     10-14    0.000249     0.000388     0.000320 
   1978     15-19    0.000426     0.000942     0.000690 
   1978     20-24    0.000480     0.001260     0.000877 
   1978     25-29    0.000511     0.001326     0.000925 
   1978     30-34    0.000629     0.001763     0.001202 
   1978     35-39    0.001131     0.002473     0.001805 
   1978     40-44    0.001748     0.004115     0.002923 
   1978     45-49    0.003030     0.006992     0.004971 
   1978     50-54    0.005255     0.011641     0.008282 
   1978     55-59    0.008197     0.018972     0.013191 
   1978     60-64    0.013881     0.029959     0.021155 
   1978     65-69    0.023855     0.045759     0.033409 
   1978     70-74    0.042325     0.073590     0.054858 
   1978     75-79    0.073831     0.115208     0.088340 
   1978     80-84    0.128877     0.171955     0.141523 
   1978     85-89    0.205973     0.246538     0.216774 
   1978     90-94    0.313663     0.353955     0.323567 
   1978     95-99    0.431459     0.494007     0.446075 
   1978    100-104   0.401087     0.454700     0.413957 
   1978    105-109   0.259106     1.311377     0.376376 
   1978    110+             .            .            . 
   1979        0     0.013330     0.018070     0.015760 
   1979      1-4     0.000472     0.000622     0.000549 
   1979      5-9     0.000288     0.000477     0.000384 
   1979     10-14    0.000163     0.000362     0.000265 
   1979     15-19    0.000353     0.000799     0.000582 
   1979     20-24    0.000465     0.001277     0.000879 
   1979     25-29    0.000552     0.001325     0.000944 
   1979     30-34    0.000756     0.001657     0.001212 
   1979     35-39    0.001174     0.002700     0.001942 
   1979     40-44    0.001864     0.004117     0.002983 
   1979     45-49    0.003080     0.006757     0.004885 
   1979     50-54    0.005148     0.011430     0.008138 
   1979     55-59    0.008380     0.019253     0.013411 
   1979     60-64    0.014132     0.030220     0.021388 
   1979     65-69    0.023238     0.045890     0.033094 
   1979     70-74    0.041466     0.072922     0.054124 
   1979     75-79    0.074422     0.114325     0.088476 
   1979     80-84    0.127664     0.174240     0.141323 
   1979     85-89    0.206448     0.253716     0.218851 
   1979     90-94    0.316020     0.353146     0.324985 
   1979     95-99    0.430098     0.439233     0.432167 
   1979    100-104   0.734492     0.557680     0.691712 
   1979    105-109   2.204869     3.030303     2.303961 
   1979    110+             .            .            . 
   1980        0     0.013342     0.018569     0.016028 
   1980      1-4     0.000517     0.000631     0.000576 
   1980      5-9     0.000313     0.000497     0.000407 
   1980     10-14    0.000271     0.000324     0.000298 
   1980     15-19    0.000325     0.000865     0.000602 
   1980     20-24    0.000394     0.001417     0.000915 
   1980     25-29    0.000508     0.001364     0.000942 
   1980     30-34    0.000671     0.001671     0.001177 
   1980     35-39    0.001034     0.002495     0.001769 
   1980     40-44    0.001951     0.004251     0.003094 
   1980     45-49    0.003092     0.007444     0.005231 
   1980     50-54    0.005182     0.012425     0.008645 
   1980     55-59    0.008705     0.020041     0.013944 
   1980     60-64    0.014082     0.029954     0.021230 
   1980     65-69    0.024966     0.047837     0.034882 
   1980     70-74    0.044444     0.077006     0.057570 
   1980     75-79    0.079144     0.119052     0.093253 
   1980     80-84    0.136759     0.188204     0.151834 
   1980     85-89    0.221369     0.265714     0.232832 
   1980     90-94    0.342993     0.401180     0.356705 
   1980     95-99    0.487981     0.478420     0.485827 
   1980    100-104   0.550976     0.380947     0.503033 
   1980    105-109   1.072750     0.000000     0.899690 
   1980    110+             .            .            . 
   1981        0     0.012498     0.017393     0.015010 
   1981      1-4     0.000502     0.000597     0.000550 
   1981      5-9     0.000249     0.000468     0.000361 
   1981     10-14    0.000200     0.000328     0.000266 
   1981     15-19    0.000342     0.000938     0.000647 
   1981     20-24    0.000494     0.001184     0.000846 
   1981     25-29    0.000520     0.001359     0.000945 
   1981     30-34    0.000726     0.001798     0.001269 
   1981     35-39    0.000934     0.002554     0.001749 
   1981     40-44    0.001647     0.004147     0.002892 
   1981     45-49    0.003184     0.006840     0.004983 
   1981     50-54    0.005125     0.011742     0.008300 
   1981     55-59    0.008440     0.020019     0.013790 
   1981     60-64    0.013737     0.029555     0.020851 
   1981     65-69    0.023712     0.046791     0.033672 
   1981     70-74    0.041797     0.073290     0.054511 
   1981     75-79    0.075483     0.116273     0.089978 
   1981     80-84    0.130074     0.175476     0.143469 
   1981     85-89    0.206707     0.265436     0.221499 
   1981     90-94    0.313221     0.345828     0.320865 
   1981     95-99    0.417463     0.522694     0.440099 
   1981    100-104   0.665478     0.602054     0.647610 
   1981    105-109   1.962264     3.015228     2.211285 
   1981    110+             .            .            . 
   1982        0     0.011968     0.018016     0.015061 
   1982      1-4     0.000400     0.000586     0.000495 
   1982      5-9     0.000264     0.000362     0.000314 
   1982     10-14    0.000223     0.000335     0.000280 
   1982     15-19    0.000410     0.000832     0.000626 
   1982     20-24    0.000409     0.001147     0.000786 
   1982     25-29    0.000474     0.001269     0.000878 
   1982     30-34    0.000682     0.001741     0.001218 
   1982     35-39    0.001091     0.002445     0.001773 
   1982     40-44    0.001748     0.004062     0.002903 
   1982     45-49    0.003334     0.006786     0.005034 
   1982     50-54    0.004892     0.011789     0.008214 
   1982     55-59    0.007895     0.019248     0.013145 
   1982     60-64    0.013797     0.029799     0.020971 
   1982     65-69    0.024398     0.047404     0.034278 
   1982     70-74    0.042027     0.072798     0.054460 
   1982     75-79    0.075249     0.116935     0.090136 
   1982     80-84    0.128894     0.179456     0.143956 
   1982     85-89    0.207148     0.251388     0.218060 
   1982     90-94    0.317988     0.386612     0.333765 
   1982     95-99    0.417139     0.507948     0.435851 
   1982    100-104   0.661558     0.539039     0.630896 
   1982    105-109   1.682927     6.000000     1.946565 
   1982    110+             .            .            . 
   1983        0     0.011660     0.017146     0.014470 
   1983      1-4     0.000470     0.000517     0.000494 
   1983      5-9     0.000271     0.000405     0.000339 
   1983     10-14    0.000213     0.000382     0.000300 
   1983     15-19    0.000393     0.000815     0.000609 
   1983     20-24    0.000367     0.001183     0.000784 
   1983     25-29    0.000536     0.001396     0.000973 
   1983     30-34    0.000650     0.001712     0.001187 
   1983     35-39    0.001108     0.002595     0.001857 
   1983     40-44    0.001753     0.004269     0.003010 
   1983     45-49    0.003167     0.007405     0.005254 
   1983     50-54    0.005105     0.012121     0.008496 
   1983     55-59    0.008280     0.019927     0.013675 
   1983     60-64    0.014093     0.030942     0.021622 
   1983     65-69    0.025153     0.050240     0.035883 
   1983     70-74    0.042913     0.073817     0.055386 
   1983     75-79    0.076897     0.116720     0.091191 
   1983     80-84    0.132493     0.178594     0.146352 
   1983     85-89    0.216354     0.262062     0.227565 
   1983     90-94    0.327925     0.375010     0.338410 
   1983     95-99    0.468451     0.482417     0.471269 
   1983    100-104   0.652214     0.487706     0.609446 
   1983    105-109   1.153179            .     1.153179 
   1983    110+             .            .            . 
   1984        0     0.011967     0.016399     0.014240 
   1984      1-4     0.000420     0.000530     0.000477 
   1984      5-9     0.000211     0.000373     0.000294 
   1984     10-14    0.000203     0.000264     0.000235 
   1984     15-19    0.000369     0.000805     0.000592 
   1984     20-24    0.000366     0.001042     0.000712 
   1984     25-29    0.000557     0.001209     0.000888 
   1984     30-34    0.000681     0.001699     0.001196 
   1984     35-39    0.001076     0.002630     0.001859 
   1984     40-44    0.001730     0.004122     0.002927 
   1984     45-49    0.002938     0.007432     0.005151 
   1984     50-54    0.005000     0.012190     0.008481 
   1984     55-59    0.008304     0.019711     0.013609 
   1984     60-64    0.014745     0.031858     0.022371 
   1984     65-69    0.024111     0.046324     0.033584 
   1984     70-74    0.040766     0.072976     0.053729 
   1984     75-79    0.075080     0.113385     0.088892 
   1984     80-84    0.129909     0.175632     0.143793 
   1984     85-89    0.209936     0.253480     0.220637 
   1984     90-94    0.319971     0.378642     0.332689 
   1984     95-99    0.462743     0.440152     0.458352 
   1984    100-104   0.713078     0.610731     0.685678 
   1984    105-109   0.761905     0.000000     0.625917 
   1984    110+             .            .            . 
   1985        0     0.010998     0.014038     0.012554 
   1985      1-4     0.000406     0.000502     0.000455 
   1985      5-9     0.000268     0.000316     0.000292 
   1985     10-14    0.000153     0.000366     0.000262 
   1985     15-19    0.000329     0.000832     0.000586 
   1985     20-24    0.000361     0.001140     0.000759 
   1985     25-29    0.000458     0.001276     0.000874 
   1985     30-34    0.000594     0.001675     0.001141 
   1985     35-39    0.001053     0.002502     0.001784 
   1985     40-44    0.001712     0.004412     0.003063 
   1985     45-49    0.002826     0.007220     0.004993 
   1985     50-54    0.005027     0.011989     0.008400 
   1985     55-59    0.008059     0.019319     0.013321 
   1985     60-64    0.013815     0.031958     0.021882 
   1985     65-69    0.022868     0.045321     0.032442 
   1985     70-74    0.041637     0.073662     0.054468 
   1985     75-79    0.074229     0.112980     0.088234 
   1985     80-84    0.127489     0.173892     0.141673 
   1985     85-89    0.212804     0.258289     0.224072 
   1985     90-94    0.313620     0.342451     0.319777 
   1985     95-99    0.440979     0.506365     0.453170 
   1985    100-104   1.139808     1.065331     1.121624 
   1985    105-109   2.751220     2.988848     2.823529 
   1985    110+             .            .            . 
   1986        0     0.010440     0.014066     0.012299 
   1986      1-4     0.000416     0.000607     0.000514 
   1986      5-9     0.000221     0.000372     0.000299 
   1986     10-14    0.000165     0.000284     0.000226 
   1986     15-19    0.000307     0.000836     0.000577 
   1986     20-24    0.000387     0.001131     0.000767 
   1986     25-29    0.000474     0.001301     0.000895 
   1986     30-34    0.000753     0.001523     0.001143 
   1986     35-39    0.001065     0.002504     0.001791 
   1986     40-44    0.001976     0.004268     0.003122 
   1986     45-49    0.002914     0.007073     0.004969 
   1986     50-54    0.004819     0.012013     0.008308 
   1986     55-59    0.008205     0.019645     0.013571 
   1986     60-64    0.013754     0.031734     0.021743 
   1986     65-69    0.023419     0.046714     0.033340 
   1986     70-74    0.042881     0.072754     0.054786 
   1986     75-79    0.073551     0.112985     0.087826 
   1986     80-84    0.127760     0.175849     0.142542 
   1986     85-89    0.213228     0.257943     0.224341 
   1986     90-94    0.316114     0.369662     0.327454 
   1986     95-99    0.488066     0.494276     0.489205 
   1986    100-104   0.687138     1.018277     0.758384 
   1986    105-109          .            .            . 
   1986    110+             .            .            . 
   1987        0     0.010269     0.013736     0.012049 
   1987      1-4     0.000373     0.000519     0.000448 
   1987      5-9     0.000207     0.000337     0.000273 
   1987     10-14    0.000163     0.000316     0.000241 
   1987     15-19    0.000347     0.000823     0.000591 
   1987     20-24    0.000337     0.001092     0.000723 
   1987     25-29    0.000426     0.001200     0.000820 
   1987     30-34    0.000627     0.001527     0.001083 
   1987     35-39    0.000975     0.002432     0.001710 
   1987     40-44    0.001641     0.004235     0.002939 
   1987     45-49    0.002926     0.007033     0.004958 
   1987     50-54    0.004845     0.011825     0.008233 
   1987     55-59    0.008009     0.018819     0.013098 
   1987     60-64    0.012908     0.030784     0.020856 
   1987     65-69    0.022623     0.045292     0.032242 
   1987     70-74    0.040337     0.070219     0.052190 
   1987     75-79    0.069374     0.109246     0.083822 
   1987     80-84    0.122905     0.164074     0.135654 
   1987     85-89    0.199525     0.246847     0.211373 
   1987     90-94    0.304617     0.338244     0.311691 
   1987     95-99    0.420033     0.426059     0.421187 
   1987    100-104   0.780054     0.821277     0.787244 
   1987    105-109          .            .            . 
   1987    110+             .            .            . 
   1988        0     0.010152     0.012228     0.011215 
   1988      1-4     0.000405     0.000470     0.000439 
   1988      5-9     0.000207     0.000324     0.000267 
   1988     10-14    0.000144     0.000320     0.000234 
   1988     15-19    0.000339     0.000746     0.000547 
   1988     20-24    0.000382     0.001115     0.000757 
   1988     25-29    0.000408     0.001059     0.000740 
   1988     30-34    0.000618     0.001598     0.001113 
   1988     35-39    0.001005     0.002585     0.001801 
   1988     40-44    0.001881     0.004100     0.002992 
   1988     45-49    0.002746     0.007148     0.004927 
   1988     50-54    0.004715     0.011456     0.007987 
   1988     55-59    0.007825     0.018763     0.012991 
   1988     60-64    0.013137     0.030135     0.020711 
   1988     65-69    0.022258     0.046066     0.032312 
   1988     70-74    0.039933     0.071686     0.052479 
   1988     75-79    0.068100     0.104239     0.081192 
   1988     80-84    0.118796     0.158848     0.131318 
   1988     85-89    0.192450     0.243386     0.205290 
   1988     90-94    0.290676     0.338617     0.300766 
   1988     95-99    0.411861     0.444292     0.418217 
   1988    100-104   0.735481     1.104430     0.800458 
   1988    105-109   6.000000            .     6.000000 
   1988    110+             .            .            . 
   1989        0     0.008074     0.011668     0.009910 
   1989      1-4     0.000355     0.000513     0.000436 
   1989      5-9     0.000203     0.000310     0.000258 
   1989     10-14    0.000180     0.000296     0.000239 
   1989     15-19    0.000271     0.000722     0.000502 
   1989     20-24    0.000381     0.001185     0.000792 
   1989     25-29    0.000403     0.001148     0.000783 
   1989     30-34    0.000655     0.001558     0.001112 
   1989     35-39    0.000989     0.002372     0.001686 
   1989     40-44    0.001774     0.004120     0.002950 
   1989     45-49    0.003013     0.007100     0.005041 
   1989     50-54    0.004760     0.011368     0.007968 
   1989     55-59    0.007815     0.018852     0.013037 
   1989     60-64    0.012759     0.030161     0.020551 
   1989     65-69    0.023011     0.047802     0.033434 
   1989     70-74    0.039639     0.068307     0.050945 
   1989     75-79    0.068852     0.104649     0.081811 
   1989     80-84    0.120035     0.164118     0.133929 
   1989     85-89    0.198208     0.251042     0.211645 
   1989     90-94    0.318154     0.354777     0.325828 
   1989     95-99    0.437731     0.526107     0.454214 
   1989    100-104   0.640423     0.602410     0.635030 
   1989    105-109          .            .            . 
   1989    110+             .            .            . 
   1990        0     0.009237     0.012721     0.011020 
   1990      1-4     0.000375     0.000448     0.000412 
   1990      5-9     0.000187     0.000314     0.000252 
   1990     10-14    0.000165     0.000254     0.000211 
   1990     15-19    0.000402     0.000731     0.000570 
   1990     20-24    0.000383     0.001268     0.000836 
   1990     25-29    0.000397     0.001259     0.000837 
   1990     30-34    0.000720     0.001646     0.001189 
   1990     35-39    0.001042     0.002790     0.001922 
   1990     40-44    0.001777     0.004559     0.003172 
   1990     45-49    0.002914     0.007869     0.005371 
   1990     50-54    0.004471     0.012571     0.008411 
   1990     55-59    0.007857     0.019652     0.013439 
   1990     60-64    0.012908     0.031351     0.021207 
   1990     65-69    0.022634     0.047954     0.033243 
   1990     70-74    0.038115     0.068067     0.049938 
   1990     75-79    0.068258     0.108656     0.082829 
   1990     80-84    0.115856     0.162981     0.130720 
   1990     85-89    0.195165     0.249570     0.209129 
   1990     90-94    0.302602     0.345835     0.311639 
   1990     95-99    0.439572     0.473465     0.445466 
   1990    100-104   0.550751     0.551210     0.550822 
   1990    105-109   1.650000            .     1.650000 
   1990    110+             .            .            . 
   1991        0     0.009154     0.011689     0.010456 
   1991      1-4     0.000359     0.000505     0.000434 
   1991      5-9     0.000185     0.000266     0.000226 
   1991     10-14    0.000163     0.000310     0.000238 
   1991     15-19    0.000387     0.000848     0.000623 
   1991     20-24    0.000420     0.001159     0.000798 
   1991     25-29    0.000432     0.001301     0.000875 
   1991     30-34    0.000665     0.001622     0.001151 
   1991     35-39    0.001025     0.002512     0.001774 
   1991     40-44    0.001799     0.004174     0.002990 
   1991     45-49    0.003018     0.007370     0.005175 
   1991     50-54    0.004544     0.011364     0.007867 
   1991     55-59    0.007654     0.018622     0.012848 
   1991     60-64    0.012179     0.029058     0.019802 
   1991     65-69    0.021566     0.045309     0.031506 
   1991     70-74    0.035627     0.064363     0.046954 
   1991     75-79    0.064989     0.104782     0.079252 
   1991     80-84    0.112801     0.158830     0.127298 
   1991     85-89    0.190152     0.239436     0.202918 
   1991     90-94    0.304394     0.357726     0.315510 
   1991     95-99    0.439390     0.533427     0.455035 
   1991    100-104   0.537497     0.759414     0.570105 
   1991    105-109   0.950893            .     0.950893 
   1991    110+             .            .            . 
   1992        0     0.008419     0.010846     0.009668 
   1992      1-4     0.000400     0.000419     0.000410 
   1992      5-9     0.000209     0.000267     0.000239 
   1992     10-14    0.000179     0.000296     0.000239 
   1992     15-19    0.000311     0.000861     0.000592 
   1992     20-24    0.000414     0.001250     0.000841 
   1992     25-29    0.000495     0.001233     0.000872 
   1992     30-34    0.000630     0.001677     0.001162 
   1992     35-39    0.001037     0.002524     0.001787 
   1992     40-44    0.001623     0.004355     0.002993 
   1992     45-49    0.002802     0.007072     0.004919 
   1992     50-54    0.004393     0.011214     0.007722 
   1992     55-59    0.007391     0.018090     0.012465 
   1992     60-64    0.012028     0.028480     0.019488 
   1992     65-69    0.020424     0.044303     0.030436 
   1992     70-74    0.033585     0.062297     0.044850 
   1992     75-79    0.063984     0.102837     0.077832 
   1992     80-84    0.106952     0.148337     0.120027 
   1992     85-89    0.179538     0.232507     0.193356 
   1992     90-94    0.285439     0.338390     0.296442 
   1992     95-99    0.394172     0.464382     0.405837 
   1992    100-104   0.484076     0.872874     0.536304 
   1992    105-109   1.283333            .     1.283333 
   1992    110+             .            .            . 
   1993        0     0.007252     0.009739     0.008529 
   1993      1-4     0.000336     0.000446     0.000392 
   1993      5-9     0.000162     0.000272     0.000218 
   1993     10-14    0.000174     0.000262     0.000219 
   1993     15-19    0.000317     0.000858     0.000594 
   1993     20-24    0.000419     0.001227     0.000833 
   1993     25-29    0.000464     0.001185     0.000832 
   1993     30-34    0.000601     0.001591     0.001105 
   1993     35-39    0.001057     0.002310     0.001689 
   1993     40-44    0.001594     0.003747     0.002673 
   1993     45-49    0.002767     0.006518     0.004629 
   1993     50-54    0.004112     0.010326     0.007150 
   1993     55-59    0.006921     0.017429     0.011907 
   1993     60-64    0.011798     0.026622     0.018549 
   1993     65-69    0.020129     0.040402     0.028663 
   1993     70-74    0.034272     0.062825     0.045412 
   1993     75-79    0.065142     0.096613     0.076326 
   1993     80-84    0.106420     0.146995     0.119281 
   1993     85-89    0.182221     0.223641     0.193133 
   1993     90-94    0.292883     0.339337     0.302548 
   1993     95-99    0.419412     0.475718     0.428846 
   1993    100-104   0.629077     0.433079     0.602607 
   1993    105-109   1.666174            .     1.666174 
   1993    110+             .            .            . 
   1994        0     0.006553     0.008381     0.007490 
   1994      1-4     0.000419     0.000522     0.000472 
   1994      5-9     0.000207     0.000275     0.000242 
   1994     10-14    0.000188     0.000291     0.000241 
   1994     15-19    0.000314     0.000825     0.000575 
   1994     20-24    0.000413     0.001222     0.000827 
   1994     25-29    0.000417     0.001303     0.000870 
   1994     30-34    0.000569     0.001534     0.001061 
   1994     35-39    0.000927     0.002275     0.001608 
   1994     40-44    0.001643     0.003771     0.002710 
   1994     45-49    0.002636     0.006525     0.004569 
   1994     50-54    0.004096     0.010525     0.007243 
   1994     55-59    0.006591     0.016585     0.011337 
   1994     60-64    0.011543     0.026097     0.018190 
   1994     65-69    0.019507     0.039552     0.028009 
   1994     70-74    0.034487     0.062856     0.045511 
   1994     75-79    0.060296     0.091631     0.071467 
   1994     80-84    0.108114     0.141467     0.118709 
   1994     85-89    0.182868     0.219425     0.192674 
   1994     90-94    0.291073     0.342340     0.301814 
   1994     95-99    0.420944     0.457678     0.427270 
   1994    100-104   0.515545     0.638246     0.534185 
   1994    105-109   0.890323            .     0.890323 
   1994    110+             .            .            . 
   1995        0     0.006135     0.008486     0.007341 
   1995      1-4     0.000335     0.000390     0.000363 
   1995      5-9     0.000231     0.000266     0.000249 
   1995     10-14    0.000198     0.000237     0.000218 
   1995     15-19    0.000370     0.000867     0.000624 
   1995     20-24    0.000363     0.001104     0.000742 
   1995     25-29    0.000392     0.001196     0.000803 
   1995     30-34    0.000592     0.001517     0.001063 
   1995     35-39    0.000981     0.002319     0.001658 
   1995     40-44    0.001629     0.003753     0.002694 
   1995     45-49    0.002632     0.006226     0.004421 
   1995     50-54    0.004372     0.010339     0.007293 
   1995     55-59    0.006897     0.015830     0.011151 
   1995     60-64    0.011368     0.025733     0.017942 
   1995     65-69    0.019413     0.039574     0.028029 
   1995     70-74    0.033694     0.062561     0.044886 
   1995     75-79    0.058536     0.089754     0.069730 
   1995     80-84    0.107424     0.146627     0.119885 
   1995     85-89    0.182083     0.224749     0.193660 
   1995     90-94    0.291244     0.321341     0.297699 
   1995     95-99    0.436442     0.482543     0.444416 
   1995    100-104   0.547094     0.475662     0.537133 
   1995    105-109   0.907865            .     0.907865 
   1995    110+             .            .            . 
   1996        0     0.005692     0.006085     0.005893 
   1996      1-4     0.000337     0.000375     0.000356 
   1996      5-9     0.000166     0.000249     0.000208 
   1996     10-14    0.000133     0.000225     0.000180 
   1996     15-19    0.000261     0.000802     0.000538 
   1996     20-24    0.000364     0.000929     0.000653 
   1996     25-29    0.000343     0.001161     0.000761 
   1996     30-34    0.000543     0.001403     0.000981 
   1996     35-39    0.000885     0.002194     0.001548 
   1996     40-44    0.001464     0.003530     0.002501 
   1996     45-49    0.002536     0.006067     0.004295 
   1996     50-54    0.004003     0.010367     0.007119 
   1996     55-59    0.006218     0.015561     0.010679 
   1996     60-64    0.010652     0.025480     0.017453 
   1996     65-69    0.018091     0.037893     0.026607 
   1996     70-74    0.032891     0.059053     0.043050 
   1996     75-79    0.055546     0.084232     0.065840 
   1996     80-84    0.103105     0.138330     0.114290 
   1996     85-89    0.168057     0.208973     0.179215 
   1996     90-94    0.278701     0.312732     0.286145 
   1996     95-99    0.405158     0.423356     0.408316 
   1996    100-104   0.526743     0.547529     0.529732 
   1996    105-109   1.402878            .     1.402878 
   1996    110+             .            .            . 
   1997        0     0.005429     0.006334     0.005894 
   1997      1-4     0.000347     0.000398     0.000373 
   1997      5-9     0.000180     0.000205     0.000193 
   1997     10-14    0.000135     0.000251     0.000195 
   1997     15-19    0.000284     0.000767     0.000531 
   1997     20-24    0.000329     0.001170     0.000759 
   1997     25-29    0.000350     0.001099     0.000733 
   1997     30-34    0.000599     0.001319     0.000966 
   1997     35-39    0.000980     0.002085     0.001541 
   1997     40-44    0.001573     0.003767     0.002675 
   1997     45-49    0.002543     0.006074     0.004302 
   1997     50-54    0.003949     0.010136     0.006981 
   1997     55-59    0.006305     0.015200     0.010562 
   1997     60-64    0.010444     0.024780     0.017034 
   1997     65-69    0.017593     0.037598     0.026244 
   1997     70-74    0.032309     0.057170     0.042016 
   1997     75-79    0.053344     0.084367     0.064432 
   1997     80-84    0.102667     0.139019     0.114201 
   1997     85-89    0.170544     0.200922     0.178928 
   1997     90-94    0.281829     0.315647     0.289352 
   1997     95-99    0.401915     0.489042     0.417044 
   1997    100-104   0.602947     0.643781     0.609045 
   1997    105-109   1.422904     6.000000     1.543459 
   1997    110+             .            .            . 
   1998        0     0.004634     0.005812     0.005239 
   1998      1-4     0.000244     0.000300     0.000273 
   1998      5-9     0.000131     0.000211     0.000172 
   1998     10-14    0.000174     0.000219     0.000197 
   1998     15-19    0.000309     0.000712     0.000515 
   1998     20-24    0.000324     0.000966     0.000652 
   1998     25-29    0.000299     0.001092     0.000704 
   1998     30-34    0.000405     0.001231     0.000827 
   1998     35-39    0.000799     0.001881     0.001349 
   1998     40-44    0.001432     0.003491     0.002467 
   1998     45-49    0.002350     0.005686     0.004012 
   1998     50-54    0.003772     0.009578     0.006621 
   1998     55-59    0.006206     0.014678     0.010270 
   1998     60-64    0.009963     0.022752     0.015851 
   1998     65-69    0.017004     0.035719     0.025143 
   1998     70-74    0.030285     0.054850     0.039949 
   1998     75-79    0.052585     0.085134     0.064160 
   1998     80-84    0.099059     0.135128     0.110497 
   1998     85-89    0.167779     0.198949     0.176491 
   1998     90-94    0.264863     0.306139     0.274194 
   1998     95-99    0.413227     0.404797     0.411720 
   1998    100-104   0.495613     0.888571     0.552753 
   1998    105-109   1.198905     6.000000     1.339238 
   1998    110+             .            .            . 
   1999        0     0.004405     0.004807     0.004612 
   1999      1-4     0.000209     0.000308     0.000260 
   1999      5-9     0.000188     0.000194     0.000191 
   1999     10-14    0.000135     0.000233     0.000185 
   1999     15-19    0.000262     0.000712     0.000492 
   1999     20-24    0.000321     0.001049     0.000692 
   1999     25-29    0.000331     0.001061     0.000704 
   1999     30-34    0.000443     0.001338     0.000900 
   1999     35-39    0.000769     0.001819     0.001303 
   1999     40-44    0.001328     0.003207     0.002274 
   1999     45-49    0.002368     0.005604     0.003981 
   1999     50-54    0.003814     0.009028     0.006377 
   1999     55-59    0.005948     0.014750     0.010178 
   1999     60-64    0.009760     0.023137     0.015929 
   1999     65-69    0.016885     0.033885     0.024310 
   1999     70-74    0.029821     0.053158     0.039095 
   1999     75-79    0.053675     0.084441     0.064577 
   1999     80-84    0.096270     0.129114     0.106733 
   1999     85-89    0.166934     0.200489     0.176352 
   1999     90-94    0.276911     0.303763     0.283185 
   1999     95-99    0.420251     0.453053     0.426272 
   1999    100-104   0.693021     0.657181     0.688613 
   1999    105-109   1.451264            .     1.451264 
   1999    110+             .            .            . 
   2000        0     0.003586     0.004751     0.004186 
   2000      1-4     0.000262     0.000286     0.000274 
   2000      5-9     0.000133     0.000210     0.000173 
   2000     10-14    0.000173     0.000220     0.000197 
   2000     15-19    0.000312     0.000685     0.000503 
   2000     20-24    0.000341     0.001023     0.000689 
   2000     25-29    0.000330     0.001010     0.000677 
   2000     30-34    0.000448     0.001246     0.000855 
   2000     35-39    0.000733     0.001782     0.001267 
   2000     40-44    0.001376     0.003260     0.002327 
   2000     45-49    0.002480     0.005588     0.004030 
   2000     50-54    0.003867     0.009123     0.006455 
   2000     55-59    0.005921     0.014090     0.009849 
   2000     60-64    0.009214     0.022172     0.015209 
   2000     65-69    0.016237     0.034280     0.024145 
   2000     70-74    0.028251     0.051644     0.037640 
   2000     75-79    0.051949     0.081293     0.062352 
   2000     80-84    0.090267     0.127009     0.102058 
   2000     85-89    0.167366     0.204155     0.177705 
   2000     90-94    0.268457     0.308085     0.277904 
   2000     95-99    0.403377     0.440144     0.410204 
   2000    100-104   0.541132     0.885574     0.581797 
   2000    105-109   1.204207            .     1.204207 
   2000    110+             .            .            . 
   2001        0     0.003408     0.004583     0.004014 
   2001      1-4     0.000225     0.000284     0.000255 
   2001      5-9     0.000119     0.000156     0.000138 
   2001     10-14    0.000139     0.000184     0.000162 
   2001     15-19    0.000285     0.000648     0.000471 
   2001     20-24    0.000319     0.001091     0.000713 
   2001     25-29    0.000355     0.000966     0.000667 
   2001     30-34    0.000451     0.001170     0.000818 
   2001     35-39    0.000760     0.001696     0.001237 
   2001     40-44    0.001467     0.003146     0.002316 
   2001     45-49    0.002349     0.005267     0.003806 
   2001     50-54    0.003791     0.008707     0.006215 
   2001     55-59    0.005956     0.013946     0.009801 
   2001     60-64    0.009028     0.020704     0.014450 
   2001     65-69    0.015737     0.032546     0.023133 
   2001     70-74    0.027777     0.049794     0.036688 
   2001     75-79    0.052096     0.078834     0.061625 
   2001     80-84    0.087652     0.118897     0.097705 
   2001     85-89    0.164155     0.202587     0.174953 
   2001     90-94    0.262200     0.312971     0.274313 
   2001     95-99    0.390451     0.412081     0.394566 
   2001    100-104   0.492437     0.705467     0.515989 
   2001    105-109   0.812658            .     0.812658 
   2001    110+             .            .            . 
   2002        0     0.003807     0.004596     0.004213 
   2002      1-4     0.000231     0.000327     0.000280 
   2002      5-9     0.000123     0.000192     0.000159 
   2002     10-14    0.000118     0.000164     0.000142 
   2002     15-19    0.000307     0.000630     0.000472 
   2002     20-24    0.000310     0.000995     0.000660 
   2002     25-29    0.000333     0.000987     0.000667 
   2002     30-34    0.000492     0.001200     0.000854 
   2002     35-39    0.000758     0.001681     0.001229 
   2002     40-44    0.001298     0.003013     0.002167 
   2002     45-49    0.002202     0.005246     0.003724 
   2002     50-54    0.003582     0.008700     0.006108 
   2002     55-59    0.005759     0.013463     0.009473 
   2002     60-64    0.008797     0.020979     0.014472 
   2002     65-69    0.015232     0.032355     0.022792 
   2002     70-74    0.027517     0.049176     0.036351 
   2002     75-79    0.049616     0.076637     0.059329 
   2002     80-84    0.089163     0.121131     0.099435 
   2002     85-89    0.165156     0.211164     0.178015 
   2002     90-94    0.257971     0.305275     0.269315 
   2002     95-99    0.412678     0.406911     0.411577 
   2002    100-104   0.528790     0.673926     0.546990 
   2002    105-109   0.981256            .     0.981256 
   2002    110+             .            .            . 
   2003        0     0.003494     0.004331     0.003924 
   2003      1-4     0.000229     0.000265     0.000248 
   2003      5-9     0.000106     0.000168     0.000138 
   2003     10-14    0.000123     0.000197     0.000161 
   2003     15-19    0.000251     0.000598     0.000429 
   2003     20-24    0.000308     0.001007     0.000666 
   2003     25-29    0.000302     0.000984     0.000650 
   2003     30-34    0.000477     0.001264     0.000880 
   2003     35-39    0.000768     0.001771     0.001281 
   2003     40-44    0.001286     0.002760     0.002034 
   2003     45-49    0.002272     0.005174     0.003725 
   2003     50-54    0.003677     0.008750     0.006182 
   2003     55-59    0.006025     0.013917     0.009837 
   2003     60-64    0.009198     0.020710     0.014579 
   2003     65-69    0.015038     0.032281     0.022666 
   2003     70-74    0.026725     0.049149     0.035940 
   2003     75-79    0.050047     0.078815     0.060494 
   2003     80-84    0.090418     0.124172     0.101231 
   2003     85-89    0.175749     0.211650     0.185749 
   2003     90-94    0.271673     0.327272     0.285011 
   2003     95-99    0.410811     0.465454     0.421454 
   2003    100-104   0.510404     0.587467     0.521053 
   2003    105-109   1.054122            .     1.054122 
   2003    110+             .            .            . 
   2004        0     0.003362     0.004279     0.003834 
   2004      1-4     0.000198     0.000219     0.000209 
   2004      5-9     0.000115     0.000151     0.000134 
   2004     10-14    0.000123     0.000161     0.000142 
   2004     15-19    0.000258     0.000616     0.000441 
   2004     20-24    0.000255     0.000968     0.000621 
   2004     25-29    0.000278     0.000977     0.000635 
   2004     30-34    0.000382     0.001089     0.000744 
   2004     35-39    0.000741     0.001748     0.001256 
   2004     40-44    0.001251     0.002673     0.001975 
   2004     45-49    0.002219     0.005011     0.003619 
   2004     50-54    0.003377     0.008448     0.005883 
   2004     55-59    0.005455     0.013230     0.009219 
   2004     60-64    0.008679     0.020185     0.014072 
   2004     65-69    0.014489     0.030764     0.021704 
   2004     70-74    0.025311     0.046826     0.034197 
   2004     75-79    0.047098     0.073277     0.056727 
   2004     80-84    0.088201     0.121064     0.098708 
   2004     85-89    0.154455     0.192091     0.165020 
   2004     90-94    0.254635     0.304351     0.266491 
   2004     95-99    0.388456     0.426763     0.396091 
   2004    100-104   0.478157     0.374367     0.461587 
   2004    105-109   0.714746            .     0.714746 
   2004    110+             .            .            . 
   2005        0     0.002804     0.004117     0.003479 
   2005      1-4     0.000195     0.000178     0.000186 
   2005      5-9     0.000114     0.000138     0.000126 
   2005     10-14    0.000177     0.000185     0.000181 
   2005     15-19    0.000265     0.000552     0.000412 
   2005     20-24    0.000256     0.000944     0.000609 
   2005     25-29    0.000316     0.000930     0.000630 
   2005     30-34    0.000447     0.001177     0.000821 
   2005     35-39    0.000699     0.001585     0.001152 
   2005     40-44    0.001167     0.002538     0.001865 
   2005     45-49    0.002269     0.004885     0.003585 
   2005     50-54    0.003474     0.007983     0.005704 
   2005     55-59    0.005560     0.013019     0.009178 
   2005     60-64    0.008617     0.019788     0.013860 
   2005     65-69    0.014117     0.029353     0.020902 
   2005     70-74    0.024908     0.045557     0.033476 
   2005     75-79    0.046606     0.072772     0.056353 
   2005     80-84    0.086879     0.118803     0.097103 
   2005     85-89    0.149411     0.185440     0.159649 
   2005     90-94    0.269918     0.303210     0.277851 
   2005     95-99    0.396769     0.473401     0.412010 
   2005    100-104   0.542958     0.588688     0.550649 
   2005    105-109   0.859960     1.500000     0.881836 
   2005    110+             .            .            . 
   2006        0     0.002732     0.004001     0.003385 
   2006      1-4     0.000184     0.000215     0.000200 
   2006      5-9     0.000092     0.000191     0.000143 
   2006     10-14    0.000067     0.000172     0.000121 
   2006     15-19    0.000183     0.000559     0.000375 
   2006     20-24    0.000280     0.000900     0.000599 
   2006     25-29    0.000254     0.000799     0.000533 
   2006     30-34    0.000406     0.000959     0.000689 
   2006     35-39    0.000706     0.001503     0.001114 
   2006     40-44    0.001260     0.002464     0.001874 
   2006     45-49    0.002032     0.004601     0.003328 
   2006     50-54    0.003254     0.007846     0.005530 
   2006     55-59    0.005397     0.012159     0.008683 
   2006     60-64    0.008612     0.019453     0.013706 
   2006     65-69    0.013251     0.027965     0.019841 
   2006     70-74    0.023099     0.042556     0.031211 
   2006     75-79    0.043207     0.068243     0.052631 
   2006     80-84    0.081187     0.112213     0.091192 
   2006     85-89    0.141281     0.182848     0.153153 
   2006     90-94    0.254793     0.306180     0.267074 
   2006     95-99    0.376073     0.410285     0.382773 
   2006    100-104   0.520207     0.561295     0.527027 
   2006    105-109   0.613121     2.562500     0.684795 
   2006    110+             .            .            . 
   2007        0     0.002639     0.003850     0.003260 
   2007      1-4     0.000178     0.000242     0.000211 
   2007      5-9     0.000087     0.000112     0.000100 
   2007     10-14    0.000106     0.000172     0.000140 
   2007     15-19    0.000229     0.000535     0.000386 
   2007     20-24    0.000207     0.000985     0.000607 
   2007     25-29    0.000262     0.000986     0.000634 
   2007     30-34    0.000336     0.001029     0.000691 
   2007     35-39    0.000667     0.001605     0.001148 
   2007     40-44    0.001278     0.002331     0.001816 
   2007     45-49    0.001895     0.004097     0.003009 
   2007     50-54    0.003281     0.007461     0.005356 
   2007     55-59    0.005259     0.012515     0.008789 
   2007     60-64    0.008283     0.019178     0.013415 
   2007     65-69    0.012819     0.027049     0.019223 
   2007     70-74    0.022449     0.042790     0.030969 
   2007     75-79    0.042411     0.065486     0.051189 
   2007     80-84    0.079684     0.107459     0.088749 
   2007     85-89    0.140021     0.172803     0.149342 
   2007     90-94    0.254455     0.295601     0.264298 
   2007     95-99    0.374095     0.393599     0.378018 
   2007    100-104   0.471692     0.348740     0.451283 
   2007    105-109   0.577156     0.312605     0.556249 
   2007    110+             .            .            . 
   2008        0     0.002403     0.003330     0.002877 
   2008      1-4     0.000160     0.000184     0.000172 
   2008      5-9     0.000068     0.000111     0.000090 
   2008     10-14    0.000105     0.000183     0.000145 
   2008     15-19    0.000220     0.000566     0.000397 
   2008     20-24    0.000253     0.000842     0.000556 
   2008     25-29    0.000305     0.000929     0.000626 
   2008     30-34    0.000444     0.001029     0.000744 
   2008     35-39    0.000600     0.001422     0.001022 
   2008     40-44    0.001186     0.002486     0.001851 
   2008     45-49    0.001888     0.004156     0.003038 
   2008     50-54    0.003294     0.007324     0.005298 
   2008     55-59    0.005303     0.012211     0.008668 
   2008     60-64    0.008053     0.018967     0.013209 
   2008     65-69    0.012604     0.026815     0.019026 
   2008     70-74    0.021767     0.040636     0.029705 
   2008     75-79    0.039780     0.064247     0.049177 
   2008     80-84    0.078412     0.106154     0.087605 
   2008     85-89    0.138793     0.171579     0.148092 
   2008     90-94    0.246950     0.294780     0.258388 
   2008     95-99    0.376832     0.409028     0.383462 
   2008    100-104   0.494552     0.625813     0.517621 
   2008    105-109   0.662559     1.151020     0.714270 
   2008    110+             .            .            . 
   2009        0     0.002669     0.003026     0.002851 
   2009      1-4     0.000165     0.000183     0.000174 
   2009      5-9     0.000107     0.000109     0.000108 
   2009     10-14    0.000106     0.000201     0.000155 
   2009     15-19    0.000203     0.000462     0.000336 
   2009     20-24    0.000323     0.000796     0.000566 
   2009     25-29    0.000249     0.000818     0.000542 
   2009     30-34    0.000432     0.001030     0.000738 
   2009     35-39    0.000648     0.001440     0.001055 
   2009     40-44    0.001118     0.002384     0.001767 
   2009     45-49    0.001908     0.003996     0.002969 
   2009     50-54    0.003122     0.007179     0.005144 
   2009     55-59    0.004979     0.011773     0.008293 
   2009     60-64    0.007961     0.018516     0.012960 
   2009     65-69    0.012734     0.027491     0.019427 
   2009     70-74    0.021310     0.039859     0.029148 
   2009     75-79    0.040759     0.063567     0.049581 
   2009     80-84    0.077957     0.105242     0.087167 
   2009     85-89    0.143369     0.184377     0.154976 
   2009     90-94    0.246830     0.272623     0.253081 
   2009     95-99    0.377724     0.453450     0.393341 
   2009    100-104   0.569101     0.705941     0.592598 
   2009    105-109   0.761152     2.184375     0.859645 
   2009    110+             .            .            . 
   2010        0     0.002424     0.002821     0.002627 
   2010      1-4     0.000165     0.000216     0.000191 
   2010      5-9     0.000109     0.000090     0.000099 
   2010     10-14    0.000113     0.000150     0.000132 
   2010     15-19    0.000224     0.000471     0.000351 
   2010     20-24    0.000259     0.000849     0.000561 
   2010     25-29    0.000256     0.000868     0.000571 
   2010     30-34    0.000368     0.000924     0.000654 
   2010     35-39    0.000552     0.001379     0.000977 
   2010     40-44    0.001057     0.002348     0.001720 
   2010     45-49    0.001872     0.003730     0.002818 
   2010     50-54    0.003076     0.007081     0.005079 
   2010     55-59    0.004804     0.011522     0.008085 
   2010     60-64    0.007674     0.018515     0.012822 
   2010     65-69    0.012661     0.026674     0.019024 
   2010     70-74    0.020890     0.038621     0.028429 
   2010     75-79    0.038430     0.062573     0.047832 
   2010     80-84    0.074358     0.104174     0.084578 
   2010     85-89    0.139929     0.174448     0.149756 
   2010     90-94    0.232722     0.270864     0.242134 
   2010     95-99    0.368806     0.402110     0.375643 
   2010    100-104   0.579108     0.648957     0.590856 
   2010    105-109   0.830139     0.836957     0.830562 
   2010    110+             .            .            . 
   2011        0     0.002236     0.002974     0.002615 
   2011      1-4     0.000116     0.000205     0.000162 
   2011      5-9     0.000076     0.000092     0.000084 
   2011     10-14    0.000132     0.000108     0.000119 
   2011     15-19    0.000242     0.000501     0.000375 
   2011     20-24    0.000286     0.000832     0.000565 
   2011     25-29    0.000242     0.000780     0.000519 
   2011     30-34    0.000395     0.000951     0.000681 
   2011     35-39    0.000614     0.001332     0.000983 
   2011     40-44    0.001114     0.002158     0.001650 
   2011     45-49    0.001694     0.003635     0.002684 
   2011     50-54    0.002857     0.006851     0.004862 
   2011     55-59    0.004848     0.011246     0.007979 
   2011     60-64    0.007646     0.017883     0.012516 
   2011     65-69    0.012468     0.026559     0.018875 
   2011     70-74    0.020269     0.037790     0.027775 
   2011     75-79    0.037069     0.061118     0.046489 
   2011     80-84    0.073132     0.100459     0.082601 
   2011     85-89    0.135560     0.169940     0.145490 
   2011     90-94    0.224943     0.265143     0.234874 
   2011     95-99    0.356563     0.403669     0.366193 
   2011    100-104   0.498651     0.559153     0.508312 
   2011    105-109   0.921846     1.885993     0.994822 
   2011    110+             .            .            . 
   2012        0     0.002338     0.002890     0.002621 
   2012      1-4     0.000090     0.000192     0.000142 
   2012      5-9     0.000121     0.000069     0.000094 
   2012     10-14    0.000082     0.000167     0.000125 
   2012     15-19    0.000223     0.000486     0.000358 
   2012     20-24    0.000237     0.000664     0.000455 
   2012     25-29    0.000250     0.000764     0.000515 
   2012     30-34    0.000395     0.000997     0.000705 
   2012     35-39    0.000575     0.001360     0.000978 
   2012     40-44    0.001005     0.002150     0.001593 
   2012     45-49    0.001775     0.003478     0.002644 
   2012     50-54    0.002772     0.006261     0.004528 
   2012     55-59    0.004789     0.010757     0.007717 
   2012     60-64    0.007648     0.017420     0.012304 
   2012     65-69    0.012071     0.026301     0.018558 
   2012     70-74    0.020120     0.037688     0.027689 
   2012     75-79    0.036586     0.059720     0.045691 
   2012     80-84    0.071375     0.099649     0.081285 
   2012     85-89    0.136722     0.171408     0.146896 
   2012     90-94    0.226775     0.258338     0.234569 
   2012     95-99    0.392230     0.411154     0.396118 
   2012    100-104   0.503124     0.592052     0.516973 
   2012    105-109   1.138432     1.336898     1.154905 
   2012    110+             .            .            . 
   2013        0     0.002033     0.002864     0.002458 
   2013      1-4     0.000119     0.000163     0.000142 
   2013      5-9     0.000084     0.000105     0.000095 
   2013     10-14    0.000049     0.000110     0.000081 
   2013     15-19    0.000195     0.000544     0.000374 
   2013     20-24    0.000241     0.000771     0.000512 
   2013     25-29    0.000314     0.000785     0.000556 
   2013     30-34    0.000347     0.000948     0.000657 
   2013     35-39    0.000547     0.001228     0.000897 
   2013     40-44    0.000941     0.002004     0.001487 
   2013     45-49    0.001669     0.003611     0.002662 
   2013     50-54    0.002886     0.005640     0.004275 
   2013     55-59    0.004561     0.010227     0.007345 
   2013     60-64    0.007589     0.016968     0.012065 
   2013     65-69    0.012512     0.026154     0.018751 
   2013     70-74    0.019746     0.037773     0.027544 
   2013     75-79    0.035254     0.060192     0.045121 
   2013     80-84    0.070411     0.097139     0.079878 
   2013     85-89    0.134356     0.169557     0.144843 
   2013     90-94    0.227268     0.265746     0.236785 
   2013     95-99    0.381672     0.421308     0.389895 
   2013    100-104   0.561611     0.623397     0.572007 
   2013    105-109   0.943544     1.051793     0.956344 
   2013    110+             .            .            . 
   2014        0     0.002083     0.002752     0.002426 
   2014      1-4     0.000149     0.000138     0.000143 
   2014      5-9     0.000087     0.000101     0.000094 
   2014     10-14    0.000058     0.000113     0.000086 
   2014     15-19    0.000170     0.000522     0.000350 
   2014     20-24    0.000216     0.000666     0.000446 
   2014     25-29    0.000278     0.000734     0.000512 
   2014     30-34    0.000338     0.000865     0.000610 
   2014     35-39    0.000548     0.001151     0.000858 
   2014     40-44    0.000883     0.001956     0.001434 
   2014     45-49    0.001665     0.003388     0.002547 
   2014     50-54    0.002571     0.005511     0.004058 
   2014     55-59    0.004313     0.009583     0.006909 
   2014     60-64    0.007032     0.016114     0.011374 
   2014     65-69    0.011430     0.025116     0.017709 
   2014     70-74    0.018551     0.035922     0.026093 
   2014     75-79    0.033411     0.056544     0.042605 
   2014     80-84    0.065009     0.093176     0.075059 
   2014     85-89    0.126002     0.158699     0.135924 
   2014     90-94    0.221275     0.268181     0.232899 
   2014     95-99    0.336235     0.354885     0.340132 
   2014    100-104   0.535739     0.607654     0.548324 
   2014    105-109   0.658764     1.902439     0.770140 
   2014    110+             .            .            . 
