Lithuania, Death rates (period 5x1)     Last modified: 26-Nov-2014, MPv5 (May07)

   Year      Age       Female       Male         Total
   1959        0     0.048581     0.062190     0.055504 
   1959      1-4     0.002238     0.002243     0.002240 
   1959      5-9     0.000600     0.000992     0.000799 
   1959     10-14    0.000548     0.001009     0.000780 
   1959     15-19    0.000764     0.001741     0.001247 
   1959     20-24    0.001004     0.002286     0.001612 
   1959     25-29    0.001189     0.002777     0.001936 
   1959     30-34    0.001475     0.003109     0.002189 
   1959     35-39    0.002070     0.003981     0.002882 
   1959     40-44    0.002811     0.004778     0.003631 
   1959     45-49    0.003727     0.006382     0.004793 
   1959     50-54    0.005575     0.009958     0.007766 
   1959     55-59    0.007901     0.015796     0.011238 
   1959     60-64    0.014886     0.025008     0.019014 
   1959     65-69    0.021845     0.034704     0.027148 
   1959     70-74    0.041810     0.055223     0.046379 
   1959     75-79    0.067880     0.087822     0.075006 
   1959     80-84    0.113389     0.129340     0.118503 
   1959     85-89    0.170406     0.211732     0.183472 
   1959     90-94    0.199144     0.219932     0.204567 
   1959     95-99    0.257359     0.279696     0.262894 
   1959    100-104   0.407070     0.454103     0.416377 
   1959    105-109   0.622534     1.080127     0.670624 
   1959    110+      1.645730            .     1.645730 
   1960        0     0.034829     0.043454     0.039223 
   1960      1-4     0.001646     0.001793     0.001721 
   1960      5-9     0.000738     0.000672     0.000704 
   1960     10-14    0.000527     0.000709     0.000619 
   1960     15-19    0.000812     0.001595     0.001201 
   1960     20-24    0.000976     0.002240     0.001578 
   1960     25-29    0.001328     0.002791     0.002018 
   1960     30-34    0.001411     0.003136     0.002185 
   1960     35-39    0.001891     0.004035     0.002791 
   1960     40-44    0.002586     0.004822     0.003532 
   1960     45-49    0.003754     0.006834     0.004991 
   1960     50-54    0.005795     0.009003     0.007356 
   1960     55-59    0.007922     0.014477     0.010781 
   1960     60-64    0.012733     0.022387     0.016615 
   1960     65-69    0.019176     0.027858     0.022795 
   1960     70-74    0.033504     0.047449     0.038281 
   1960     75-79    0.053282     0.072290     0.060029 
   1960     80-84    0.095911     0.108694     0.100068 
   1960     85-89    0.136340     0.160435     0.143843 
   1960     90-94    0.163380     0.225438     0.179393 
   1960     95-99    0.240256     0.228239     0.237331 
   1960    100-104   0.282322     0.375992     0.300725 
   1960    105-109   0.372268     0.744774     0.409417 
   1960    110+      0.430476            .     0.430476 
   1961        0     0.031130     0.041346     0.036349 
   1961      1-4     0.001487     0.001849     0.001671 
   1961      5-9     0.000552     0.000762     0.000659 
   1961     10-14    0.000338     0.000789     0.000566 
   1961     15-19    0.000588     0.001505     0.001045 
   1961     20-24    0.000817     0.002128     0.001447 
   1961     25-29    0.000910     0.002762     0.001785 
   1961     30-34    0.001188     0.003414     0.002215 
   1961     35-39    0.001669     0.003919     0.002602 
   1961     40-44    0.002304     0.005143     0.003517 
   1961     45-49    0.003358     0.006207     0.004511 
   1961     50-54    0.004975     0.009191     0.006953 
   1961     55-59    0.007476     0.014428     0.010619 
   1961     60-64    0.012585     0.023343     0.016887 
   1961     65-69    0.018639     0.030064     0.023381 
   1961     70-74    0.035696     0.050333     0.040847 
   1961     75-79    0.060784     0.076793     0.066371 
   1961     80-84    0.096221     0.105545     0.099313 
   1961     85-89    0.144478     0.158740     0.148812 
   1961     90-94    0.185287     0.209184     0.191590 
   1961     95-99    0.247605     0.248934     0.247926 
   1961    100-104   0.347648     0.370156     0.352066 
   1961    105-109   0.536512     0.716849     0.555571 
   1961    110+      0.965060            .     0.965060 
   1962        0     0.031188     0.041121     0.036264 
   1962      1-4     0.001788     0.001562     0.001673 
   1962      5-9     0.000639     0.000968     0.000807 
   1962     10-14    0.000469     0.000649     0.000560 
   1962     15-19    0.000572     0.001284     0.000928 
   1962     20-24    0.000923     0.002421     0.001651 
   1962     25-29    0.000974     0.002625     0.001756 
   1962     30-34    0.001431     0.003412     0.002356 
   1962     35-39    0.001879     0.004185     0.002843 
   1962     40-44    0.002691     0.005125     0.003733 
   1962     45-49    0.003318     0.007202     0.004904 
   1962     50-54    0.005017     0.010331     0.007379 
   1962     55-59    0.007717     0.014795     0.011039 
   1962     60-64    0.013817     0.025545     0.018505 
   1962     65-69    0.022098     0.034359     0.027169 
   1962     70-74    0.037761     0.051337     0.042698 
   1962     75-79    0.066807     0.082613     0.072220 
   1962     80-84    0.112192     0.128461     0.117673 
   1962     85-89    0.163053     0.190386     0.171204 
   1962     90-94    0.226290     0.243893     0.231178 
   1962     95-99    0.333575     0.380362     0.344778 
   1962    100-104   0.468282     0.453249     0.465188 
   1962    105-109   0.795292     1.005780     0.819968 
   1962    110+      2.563107            .     2.563107 
   1963        0     0.030078     0.039787     0.035046 
   1963      1-4     0.001294     0.001713     0.001507 
   1963      5-9     0.000517     0.000764     0.000643 
   1963     10-14    0.000466     0.000716     0.000593 
   1963     15-19    0.000501     0.001596     0.001048 
   1963     20-24    0.000975     0.002225     0.001588 
   1963     25-29    0.000969     0.002862     0.001870 
   1963     30-34    0.001451     0.003297     0.002317 
   1963     35-39    0.001718     0.003609     0.002527 
   1963     40-44    0.002486     0.005285     0.003682 
   1963     45-49    0.003041     0.006825     0.004600 
   1963     50-54    0.005383     0.009913     0.007256 
   1963     55-59    0.006997     0.013263     0.010047 
   1963     60-64    0.012346     0.024349     0.017202 
   1963     65-69    0.020416     0.033449     0.025712 
   1963     70-74    0.032980     0.041595     0.036266 
   1963     75-79    0.056510     0.077003     0.063323 
   1963     80-84    0.094249     0.111339     0.100081 
   1963     85-89    0.142149     0.186506     0.155235 
   1963     90-94    0.188880     0.212780     0.195719 
   1963     95-99    0.258188     0.283738     0.264318 
   1963    100-104   0.320720     0.431894     0.344533 
   1963    105-109   0.474402     1.005348     0.533572 
   1963    110+      0.868778            .     0.868778 
   1964        0     0.025610     0.034543     0.030183 
   1964      1-4     0.001054     0.001363     0.001211 
   1964      5-9     0.000525     0.000727     0.000628 
   1964     10-14    0.000578     0.000663     0.000621 
   1964     15-19    0.000678     0.001444     0.001061 
   1964     20-24    0.000879     0.001854     0.001360 
   1964     25-29    0.000851     0.002619     0.001695 
   1964     30-34    0.001149     0.002975     0.002012 
   1964     35-39    0.001562     0.003842     0.002561 
   1964     40-44    0.002187     0.004497     0.003170 
   1964     45-49    0.003183     0.005657     0.004214 
   1964     50-54    0.004497     0.010191     0.006748 
   1964     55-59    0.006929     0.011720     0.009270 
   1964     60-64    0.011951     0.021736     0.016015 
   1964     65-69    0.018125     0.031176     0.023285 
   1964     70-74    0.033012     0.045741     0.038120 
   1964     75-79    0.051637     0.064452     0.055771 
   1964     80-84    0.084352     0.107022     0.092088 
   1964     85-89    0.132921     0.147618     0.137288 
   1964     90-94    0.161774     0.193694     0.171019 
   1964     95-99    0.201709     0.237960     0.210318 
   1964    100-104   0.300471     0.352107     0.311416 
   1964    105-109   0.513346     0.766274     0.540031 
   1964    110+      2.773333            .     2.773333 
   1965        0     0.021886     0.027285     0.024654 
   1965      1-4     0.001243     0.001499     0.001374 
   1965      5-9     0.000512     0.000728     0.000621 
   1965     10-14    0.000430     0.000648     0.000541 
   1965     15-19    0.000522     0.001207     0.000866 
   1965     20-24    0.000743     0.001768     0.001251 
   1965     25-29    0.000863     0.002431     0.001615 
   1965     30-34    0.001049     0.003051     0.001998 
   1965     35-39    0.001594     0.003441     0.002427 
   1965     40-44    0.002322     0.005127     0.003502 
   1965     45-49    0.003352     0.006322     0.004610 
   1965     50-54    0.004531     0.009848     0.006635 
   1965     55-59    0.007045     0.012908     0.009833 
   1965     60-64    0.012345     0.023871     0.017283 
   1965     65-69    0.019701     0.035464     0.025826 
   1965     70-74    0.032533     0.047862     0.038768 
   1965     75-79    0.058372     0.069465     0.061969 
   1965     80-84    0.090321     0.109180     0.096617 
   1965     85-89    0.146658     0.165401     0.152356 
   1965     90-94    0.178324     0.215157     0.188910 
   1965     95-99    0.307001     0.258892     0.295645 
   1965    100-104   0.281086     0.418805     0.308961 
   1965    105-109   0.333891     1.125501     0.406062 
   1965    110+             .            .            . 
   1966        0     0.020398     0.026848     0.023702 
   1966      1-4     0.001036     0.001347     0.001195 
   1966      5-9     0.000375     0.000681     0.000530 
   1966     10-14    0.000391     0.000488     0.000440 
   1966     15-19    0.000614     0.001286     0.000953 
   1966     20-24    0.000895     0.001870     0.001378 
   1966     25-29    0.000885     0.003115     0.001964 
   1966     30-34    0.001002     0.003224     0.002057 
   1966     35-39    0.001763     0.003501     0.002568 
   1966     40-44    0.002022     0.004931     0.003232 
   1966     45-49    0.003099     0.006994     0.004764 
   1966     50-54    0.004830     0.009298     0.006616 
   1966     55-59    0.007172     0.013757     0.010195 
   1966     60-64    0.010983     0.022893     0.016243 
   1966     65-69    0.019325     0.034461     0.025188 
   1966     70-74    0.034052     0.048199     0.039747 
   1966     75-79    0.056103     0.071874     0.061385 
   1966     80-84    0.087257     0.103061     0.092365 
   1966     85-89    0.132550     0.149646     0.137843 
   1966     90-94    0.195713     0.203979     0.198029 
   1966     95-99    0.268945     0.242589     0.262304 
   1966    100-104   0.308475     0.402649     0.326948 
   1966    105-109   0.380810     0.967442     0.422836 
   1966    110+      6.000000            .     6.000000 
   1967        0     0.018060     0.023183     0.020663 
   1967      1-4     0.001266     0.001414     0.001341 
   1967      5-9     0.000494     0.000670     0.000583 
   1967     10-14    0.000299     0.000633     0.000469 
   1967     15-19    0.000421     0.001530     0.000982 
   1967     20-24    0.000674     0.001993     0.001327 
   1967     25-29    0.000748     0.002698     0.001700 
   1967     30-34    0.000889     0.003194     0.001987 
   1967     35-39    0.001410     0.004011     0.002631 
   1967     40-44    0.002151     0.005537     0.003571 
   1967     45-49    0.003220     0.006801     0.004753 
   1967     50-54    0.005150     0.010137     0.007165 
   1967     55-59    0.006456     0.014411     0.009918 
   1967     60-64    0.010923     0.022038     0.015993 
   1967     65-69    0.019534     0.034392     0.025326 
   1967     70-74    0.034684     0.051347     0.041318 
   1967     75-79    0.053554     0.074322     0.060788 
   1967     80-84    0.091821     0.099016     0.094079 
   1967     85-89    0.139341     0.160126     0.145862 
   1967     90-94    0.183387     0.250915     0.201744 
   1967     95-99    0.211335     0.287208     0.231397 
   1967    100-104   0.311674     0.484781     0.344931 
   1967    105-109   0.356635     1.237168     0.410638 
   1967    110+      0.458015            .     0.458015 
   1968        0     0.017596     0.022651     0.020165 
   1968      1-4     0.001196     0.001676     0.001441 
   1968      5-9     0.000336     0.000653     0.000497 
   1968     10-14    0.000341     0.000517     0.000430 
   1968     15-19    0.000531     0.001345     0.000945 
   1968     20-24    0.000796     0.002188     0.001485 
   1968     25-29    0.000777     0.003347     0.002038 
   1968     30-34    0.000983     0.003491     0.002183 
   1968     35-39    0.001626     0.004418     0.002943 
   1968     40-44    0.002273     0.005306     0.003574 
   1968     45-49    0.003638     0.007161     0.005144 
   1968     50-54    0.005238     0.010411     0.007353 
   1968     55-59    0.006965     0.014480     0.010005 
   1968     60-64    0.011548     0.021715     0.016348 
   1968     65-69    0.018676     0.034589     0.024952 
   1968     70-74    0.035914     0.051808     0.042123 
   1968     75-79    0.057455     0.071479     0.062584 
   1968     80-84    0.088641     0.115507     0.096805 
   1968     85-89    0.140745     0.153578     0.144847 
   1968     90-94    0.187470     0.200111     0.190880 
   1968     95-99    0.277176     0.359458     0.298685 
   1968    100-104   0.324856     0.373355     0.334196 
   1968    105-109   0.408627     0.567568     0.419541 
   1968    110+      0.380357            .     0.380357 
   1969        0     0.018253     0.024609     0.021490 
   1969      1-4     0.001199     0.001498     0.001351 
   1969      5-9     0.000367     0.000645     0.000508 
   1969     10-14    0.000309     0.000565     0.000439 
   1969     15-19    0.000608     0.001289     0.000956 
   1969     20-24    0.000600     0.002332     0.001459 
   1969     25-29    0.000621     0.003343     0.001961 
   1969     30-34    0.001071     0.003867     0.002413 
   1969     35-39    0.001565     0.004480     0.002948 
   1969     40-44    0.002142     0.005200     0.003485 
   1969     45-49    0.003637     0.007873     0.005439 
   1969     50-54    0.004798     0.010615     0.007214 
   1969     55-59    0.007654     0.015202     0.010570 
   1969     60-64    0.012241     0.022351     0.017025 
   1969     65-69    0.019032     0.036693     0.026147 
   1969     70-74    0.034472     0.054276     0.041978 
   1969     75-79    0.061566     0.077946     0.067891 
   1969     80-84    0.094970     0.111998     0.099998 
   1969     85-89    0.141659     0.155355     0.146079 
   1969     90-94    0.199162     0.222099     0.205497 
   1969     95-99    0.232601     0.276796     0.243968 
   1969    100-104   0.430790     0.322695     0.408174 
   1969    105-109   0.638594     0.252046     0.597789 
   1969    110+      0.951273            .     0.951273 
   1970        0     0.017733     0.022739     0.020288 
   1970      1-4     0.000934     0.001022     0.000979 
   1970      5-9     0.000466     0.000670     0.000570 
   1970     10-14    0.000275     0.000563     0.000421 
   1970     15-19    0.000479     0.001636     0.001071 
   1970     20-24    0.000834     0.003100     0.001963 
   1970     25-29    0.000896     0.003235     0.002047 
   1970     30-34    0.001163     0.003929     0.002495 
   1970     35-39    0.001476     0.004645     0.002981 
   1970     40-44    0.002447     0.005533     0.003841 
   1970     45-49    0.003546     0.007949     0.005395 
   1970     50-54    0.005421     0.010439     0.007537 
   1970     55-59    0.006699     0.017174     0.010757 
   1970     60-64    0.010832     0.022667     0.016275 
   1970     65-69    0.018925     0.036694     0.026284 
   1970     70-74    0.033928     0.054218     0.041436 
   1970     75-79    0.059618     0.077573     0.066657 
   1970     80-84    0.095542     0.114166     0.101051 
   1970     85-89    0.146412     0.164871     0.152236 
   1970     90-94    0.209352     0.221646     0.212870 
   1970     95-99    0.229781     0.223291     0.228131 
   1970    100-104   0.517098     0.606289     0.536364 
   1970    105-109   0.936227     1.839897     1.038978 
   1970    110+      2.572848            .     2.572848 
   1971        0     0.012991     0.017117     0.015102 
   1971      1-4     0.001245     0.001280     0.001263 
   1971      5-9     0.000501     0.000673     0.000589 
   1971     10-14    0.000398     0.000629     0.000515 
   1971     15-19    0.000491     0.001476     0.000993 
   1971     20-24    0.000618     0.003059     0.001843 
   1971     25-29    0.000701     0.003692     0.002169 
   1971     30-34    0.000953     0.003618     0.002243 
   1971     35-39    0.001440     0.004611     0.002946 
   1971     40-44    0.002220     0.005696     0.003830 
   1971     45-49    0.003302     0.007889     0.005202 
   1971     50-54    0.004298     0.010937     0.007110 
   1971     55-59    0.006833     0.015385     0.010189 
   1971     60-64    0.010508     0.022509     0.015835 
   1971     65-69    0.017110     0.033238     0.023959 
   1971     70-74    0.031645     0.050724     0.038694 
   1971     75-79    0.056431     0.073391     0.062948 
   1971     80-84    0.088544     0.103593     0.093161 
   1971     85-89    0.131252     0.151636     0.137430 
   1971     90-94    0.184540     0.199683     0.188982 
   1971     95-99    0.244578     0.250492     0.246062 
   1971    100-104   0.280789     0.349424     0.295827 
   1971    105-109   0.343332     0.692082     0.373419 
   1971    110+             .            .            . 
   1972        0     0.015235     0.019294     0.017309 
   1972      1-4     0.001156     0.001380     0.001270 
   1972      5-9     0.000439     0.000774     0.000609 
   1972     10-14    0.000304     0.000569     0.000439 
   1972     15-19    0.000475     0.001614     0.001054 
   1972     20-24    0.000834     0.003081     0.001966 
   1972     25-29    0.000836     0.003639     0.002212 
   1972     30-34    0.001093     0.003697     0.002360 
   1972     35-39    0.001490     0.004871     0.003098 
   1972     40-44    0.002091     0.005975     0.003911 
   1972     45-49    0.003429     0.008184     0.005411 
   1972     50-54    0.004641     0.011055     0.007346 
   1972     55-59    0.006943     0.016039     0.010557 
   1972     60-64    0.010817     0.023653     0.016223 
   1972     65-69    0.018770     0.034880     0.025812 
   1972     70-74    0.034531     0.054986     0.042148 
   1972     75-79    0.060212     0.079710     0.067575 
   1972     80-84    0.089583     0.108213     0.095608 
   1972     85-89    0.139038     0.158267     0.144649 
   1972     90-94    0.196593     0.203507     0.198630 
   1972     95-99    0.309342     0.267689     0.298574 
   1972    100-104   0.388289     0.420772     0.395809 
   1972    105-109   0.498913     1.144330     0.558250 
   1972    110+      0.000000            .     0.000000 
   1973        0     0.015487     0.019991     0.017785 
   1973      1-4     0.001238     0.001400     0.001321 
   1973      5-9     0.000356     0.000544     0.000451 
   1973     10-14    0.000250     0.000523     0.000390 
   1973     15-19    0.000494     0.001124     0.000815 
   1973     20-24    0.000648     0.002962     0.001817 
   1973     25-29    0.000829     0.003469     0.002127 
   1973     30-34    0.001157     0.004174     0.002629 
   1973     35-39    0.001478     0.004816     0.003068 
   1973     40-44    0.002177     0.006185     0.004060 
   1973     45-49    0.003400     0.008116     0.005409 
   1973     50-54    0.004826     0.010500     0.007203 
   1973     55-59    0.007194     0.015649     0.010588 
   1973     60-64    0.011164     0.023197     0.015893 
   1973     65-69    0.017778     0.033546     0.024904 
   1973     70-74    0.032769     0.051209     0.039693 
   1973     75-79    0.058096     0.079548     0.066011 
   1973     80-84    0.092858     0.103979     0.096674 
   1973     85-89    0.133774     0.153432     0.139310 
   1973     90-94    0.173957     0.202286     0.182394 
   1973     95-99    0.254143     0.253652     0.254010 
   1973    100-104   0.482175     0.396360     0.460707 
   1973    105-109   1.050449     0.946768     1.038842 
   1973    110+      2.810811            .     2.810811 
   1974        0     0.016370     0.022700     0.019586 
   1974      1-4     0.001049     0.001219     0.001136 
   1974      5-9     0.000367     0.000493     0.000431 
   1974     10-14    0.000240     0.000459     0.000352 
   1974     15-19    0.000593     0.001261     0.000935 
   1974     20-24    0.000676     0.002651     0.001677 
   1974     25-29    0.001062     0.003360     0.002193 
   1974     30-34    0.001075     0.004017     0.002513 
   1974     35-39    0.001249     0.005286     0.003175 
   1974     40-44    0.002228     0.006304     0.004148 
   1974     45-49    0.003516     0.009232     0.006008 
   1974     50-54    0.005002     0.011984     0.007902 
   1974     55-59    0.007789     0.015557     0.010941 
   1974     60-64    0.010615     0.023722     0.015564 
   1974     65-69    0.017643     0.031953     0.024121 
   1974     70-74    0.032031     0.051592     0.039496 
   1974     75-79    0.057060     0.077013     0.064194 
   1974     80-84    0.088944     0.101444     0.093447 
   1974     85-89    0.130989     0.142756     0.134221 
   1974     90-94    0.179731     0.189240     0.182600 
   1974     95-99    0.202679     0.244961     0.214250 
   1974    100-104   0.366585     0.249963     0.334223 
   1974    105-109   0.704688     0.217725     0.609643 
   1974    110+             .            .            . 
   1975        0     0.016881     0.022670     0.019817 
   1975      1-4     0.000855     0.001313     0.001088 
   1975      5-9     0.000458     0.000722     0.000592 
   1975     10-14    0.000350     0.000477     0.000415 
   1975     15-19    0.000418     0.001331     0.000888 
   1975     20-24    0.000708     0.003017     0.001879 
   1975     25-29    0.000861     0.003634     0.002233 
   1975     30-34    0.001086     0.004485     0.002745 
   1975     35-39    0.001347     0.005354     0.003263 
   1975     40-44    0.002170     0.006914     0.004404 
   1975     45-49    0.003476     0.008718     0.005825 
   1975     50-54    0.005477     0.011702     0.008029 
   1975     55-59    0.007157     0.015793     0.010697 
   1975     60-64    0.011318     0.024344     0.016259 
   1975     65-69    0.018209     0.034204     0.025240 
   1975     70-74    0.030473     0.052773     0.039187 
   1975     75-79    0.056875     0.080644     0.065159 
   1975     80-84    0.089563     0.109299     0.096751 
   1975     85-89    0.143868     0.154215     0.146742 
   1975     90-94    0.178885     0.192579     0.182950 
   1975     95-99    0.239043     0.283272     0.251038 
   1975    100-104   0.405605     0.234353     0.354633 
   1975    105-109   0.897638     0.165672     0.680399 
   1975    110+             .            .            . 
   1976        0     0.015339     0.021447     0.018447 
   1976      1-4     0.001010     0.001260     0.001137 
   1976      5-9     0.000351     0.000697     0.000527 
   1976     10-14    0.000308     0.000462     0.000387 
   1976     15-19    0.000478     0.001566     0.001042 
   1976     20-24    0.000621     0.002831     0.001739 
   1976     25-29    0.000779     0.003643     0.002203 
   1976     30-34    0.001078     0.004363     0.002677 
   1976     35-39    0.001349     0.005539     0.003362 
   1976     40-44    0.002189     0.006665     0.004295 
   1976     45-49    0.003293     0.009257     0.006031 
   1976     50-54    0.004914     0.011544     0.007602 
   1976     55-59    0.006832     0.017188     0.011085 
   1976     60-64    0.010960     0.024849     0.016288 
   1976     65-69    0.017813     0.034600     0.024927 
   1976     70-74    0.030059     0.051062     0.038464 
   1976     75-79    0.055937     0.080303     0.064382 
   1976     80-84    0.091816     0.113305     0.099490 
   1976     85-89    0.141848     0.152172     0.144857 
   1976     90-94    0.206768     0.213277     0.208630 
   1976     95-99    0.260271     0.280592     0.265735 
   1976    100-104   0.321283     0.508659     0.373843 
   1976    105-109   0.448544     1.430521     0.719264 
   1976    110+             .            .            . 
   1977        0     0.013650     0.020883     0.017339 
   1977      1-4     0.001167     0.001343     0.001256 
   1977      5-9     0.000565     0.000620     0.000593 
   1977     10-14    0.000220     0.000614     0.000421 
   1977     15-19    0.000435     0.001563     0.001021 
   1977     20-24    0.000528     0.002583     0.001569 
   1977     25-29    0.000713     0.003693     0.002198 
   1977     30-34    0.001103     0.004268     0.002645 
   1977     35-39    0.001519     0.005137     0.003265 
   1977     40-44    0.002578     0.006992     0.004654 
   1977     45-49    0.003545     0.009353     0.006242 
   1977     50-54    0.005473     0.013121     0.008598 
   1977     55-59    0.007618     0.016849     0.011383 
   1977     60-64    0.011613     0.025234     0.016892 
   1977     65-69    0.018107     0.034879     0.024855 
   1977     70-74    0.031068     0.052643     0.039959 
   1977     75-79    0.056561     0.083035     0.065773 
   1977     80-84    0.092713     0.114866     0.100418 
   1977     85-89    0.138399     0.151666     0.142506 
   1977     90-94    0.170798     0.196173     0.177801 
   1977     95-99    0.244653     0.249827     0.246039 
   1977    100-104   0.272538     0.316936     0.283912 
   1977    105-109   0.341899     0.518205     0.377604 
   1977    110+             .            .            . 
   1978        0     0.016083     0.021129     0.018658 
   1978      1-4     0.001111     0.001320     0.001217 
   1978      5-9     0.000409     0.000648     0.000531 
   1978     10-14    0.000289     0.000590     0.000442 
   1978     15-19    0.000594     0.001583     0.001107 
   1978     20-24    0.000681     0.002551     0.001634 
   1978     25-29    0.000883     0.003259     0.002070 
   1978     30-34    0.001266     0.004251     0.002722 
   1978     35-39    0.001576     0.005556     0.003500 
   1978     40-44    0.002196     0.006863     0.004395 
   1978     45-49    0.003623     0.009460     0.006339 
   1978     50-54    0.005190     0.012625     0.008305 
   1978     55-59    0.007706     0.018419     0.012036 
   1978     60-64    0.011325     0.025140     0.016716 
   1978     65-69    0.017362     0.035439     0.024181 
   1978     70-74    0.030720     0.054627     0.040889 
   1978     75-79    0.054516     0.080201     0.063516 
   1978     80-84    0.096166     0.123527     0.105372 
   1978     85-89    0.148197     0.163268     0.153156 
   1978     90-94    0.190753     0.201769     0.193700 
   1978     95-99    0.243444     0.249612     0.245152 
   1978    100-104   0.310141     0.378832     0.327343 
   1978    105-109   0.396602     0.742996     0.467165 
   1978    110+             .            .            . 
   1979        0     0.014983     0.019568     0.017324 
   1979      1-4     0.000932     0.001507     0.001223 
   1979      5-9     0.000448     0.000674     0.000563 
   1979     10-14    0.000283     0.000638     0.000463 
   1979     15-19    0.000562     0.001710     0.001154 
   1979     20-24    0.000560     0.002649     0.001633 
   1979     25-29    0.000695     0.003655     0.002180 
   1979     30-34    0.001019     0.004342     0.002642 
   1979     35-39    0.001806     0.005973     0.003823 
   1979     40-44    0.002206     0.007427     0.004671 
   1979     45-49    0.003783     0.009502     0.006445 
   1979     50-54    0.005161     0.013391     0.008695 
   1979     55-59    0.007111     0.018803     0.011802 
   1979     60-64    0.011387     0.025599     0.016956 
   1979     65-69    0.018811     0.037725     0.025688 
   1979     70-74    0.031302     0.053216     0.040623 
   1979     75-79    0.054780     0.082318     0.064550 
   1979     80-84    0.097279     0.126261     0.106642 
   1979     85-89    0.143076     0.158455     0.148369 
   1979     90-94    0.182956     0.198424     0.186981 
   1979     95-99    0.232197     0.277726     0.245266 
   1979    100-104   0.325576     0.328976     0.326421 
   1979    105-109   0.489985     0.596968     0.511027 
   1979    110+             .            .            . 
   1980        0     0.012755     0.016335     0.014586 
   1980      1-4     0.000921     0.001217     0.001071 
   1980      5-9     0.000323     0.000636     0.000482 
   1980     10-14    0.000254     0.000490     0.000374 
   1980     15-19    0.000552     0.001798     0.001189 
   1980     20-24    0.000607     0.002729     0.001703 
   1980     25-29    0.000772     0.003780     0.002283 
   1980     30-34    0.000862     0.004719     0.002753 
   1980     35-39    0.001788     0.006212     0.003927 
   1980     40-44    0.002208     0.007602     0.004761 
   1980     45-49    0.003591     0.010086     0.006608 
   1980     50-54    0.005448     0.013251     0.008885 
   1980     55-59    0.007754     0.019128     0.012272 
   1980     60-64    0.012046     0.025358     0.017295 
   1980     65-69    0.018617     0.037992     0.025672 
   1980     70-74    0.031528     0.054900     0.041183 
   1980     75-79    0.057024     0.085156     0.067180 
   1980     80-84    0.096923     0.128634     0.106882 
   1980     85-89    0.141035     0.159643     0.147443 
   1980     90-94    0.195832     0.200212     0.196977 
   1980     95-99    0.254865     0.277869     0.261434 
   1980    100-104   0.361073     0.334296     0.354219 
   1980    105-109   0.556885     0.590803     0.563888 
   1980    110+      1.441558            .     1.441558 
   1981        0     0.014314     0.019061     0.016747 
   1981      1-4     0.001112     0.001148     0.001130 
   1981      5-9     0.000388     0.000681     0.000536 
   1981     10-14    0.000327     0.000700     0.000517 
   1981     15-19    0.000484     0.001638     0.001073 
   1981     20-24    0.000732     0.002830     0.001815 
   1981     25-29    0.000722     0.003700     0.002215 
   1981     30-34    0.001119     0.004483     0.002774 
   1981     35-39    0.001979     0.006087     0.003959 
   1981     40-44    0.002375     0.007883     0.004993 
   1981     45-49    0.003873     0.010196     0.006807 
   1981     50-54    0.005153     0.014141     0.009201 
   1981     55-59    0.007703     0.018038     0.011775 
   1981     60-64    0.011141     0.026397     0.017167 
   1981     65-69    0.017819     0.037145     0.024905 
   1981     70-74    0.031488     0.054301     0.040579 
   1981     75-79    0.052723     0.077539     0.061910 
   1981     80-84    0.090320     0.121356     0.100005 
   1981     85-89    0.136946     0.159112     0.144324 
   1981     90-94    0.179482     0.214590     0.189051 
   1981     95-99    0.249748     0.308304     0.265767 
   1981    100-104   0.382391     0.447193     0.398777 
   1981    105-109   0.696506     0.926754     0.743233 
   1981    110+      4.000000            .     4.000000 
   1982        0     0.013661     0.016807     0.015270 
   1982      1-4     0.001182     0.001258     0.001221 
   1982      5-9     0.000484     0.000779     0.000634 
   1982     10-14    0.000288     0.000623     0.000459 
   1982     15-19    0.000501     0.001729     0.001129 
   1982     20-24    0.000595     0.002722     0.001689 
   1982     25-29    0.000840     0.003511     0.002181 
   1982     30-34    0.001123     0.004605     0.002838 
   1982     35-39    0.001986     0.005642     0.003750 
   1982     40-44    0.002535     0.008188     0.005232 
   1982     45-49    0.003571     0.010050     0.006577 
   1982     50-54    0.004905     0.014173     0.009115 
   1982     55-59    0.007670     0.018104     0.011822 
   1982     60-64    0.011498     0.025143     0.016856 
   1982     65-69    0.017645     0.034771     0.023970 
   1982     70-74    0.027908     0.052405     0.037169 
   1982     75-79    0.049800     0.074995     0.059476 
   1982     80-84    0.088022     0.118011     0.097442 
   1982     85-89    0.133535     0.162387     0.142764 
   1982     90-94    0.180736     0.212105     0.189758 
   1982     95-99    0.217407     0.273589     0.231782 
   1982    100-104   0.332134     0.355509     0.337843 
   1982    105-109   0.558159     0.577575     0.562119 
   1982    110+      6.000000            .     6.000000 
   1983        0     0.012172     0.016785     0.014537 
   1983      1-4     0.000915     0.001237     0.001079 
   1983      5-9     0.000466     0.000636     0.000552 
   1983     10-14    0.000318     0.000535     0.000429 
   1983     15-19    0.000449     0.001599     0.001037 
   1983     20-24    0.000616     0.002499     0.001580 
   1983     25-29    0.000770     0.003135     0.001961 
   1983     30-34    0.001159     0.004486     0.002801 
   1983     35-39    0.001904     0.005633     0.003706 
   1983     40-44    0.002266     0.007848     0.004934 
   1983     45-49    0.003455     0.010012     0.006501 
   1983     50-54    0.005297     0.014192     0.009339 
   1983     55-59    0.007499     0.019579     0.012421 
   1983     60-64    0.011433     0.026508     0.017315 
   1983     65-69    0.018859     0.035697     0.025114 
   1983     70-74    0.029362     0.053544     0.037893 
   1983     75-79    0.052893     0.078704     0.063217 
   1983     80-84    0.091475     0.119154     0.100313 
   1983     85-89    0.145032     0.165790     0.151399 
   1983     90-94    0.191713     0.206886     0.196381 
   1983     95-99    0.234917     0.278691     0.245421 
   1983    100-104   0.313757     0.352550     0.323411 
   1983    105-109   0.380977     0.629639     0.430722 
   1983    110+             .            .            . 
   1984        0     0.010669     0.016150     0.013483 
   1984      1-4     0.001012     0.001274     0.001146 
   1984      5-9     0.000436     0.000630     0.000534 
   1984     10-14    0.000327     0.000517     0.000424 
   1984     15-19    0.000588     0.001654     0.001133 
   1984     20-24    0.000652     0.002242     0.001464 
   1984     25-29    0.000628     0.003284     0.001968 
   1984     30-34    0.001031     0.004353     0.002677 
   1984     35-39    0.001595     0.006088     0.003767 
   1984     40-44    0.002443     0.008593     0.005385 
   1984     45-49    0.003738     0.011169     0.007197 
   1984     50-54    0.005710     0.015100     0.009977 
   1984     55-59    0.008015     0.018989     0.012589 
   1984     60-64    0.011701     0.027857     0.017960 
   1984     65-69    0.018736     0.038125     0.025973 
   1984     70-74    0.032350     0.056075     0.040396 
   1984     75-79    0.054123     0.080468     0.064661 
   1984     80-84    0.097413     0.124252     0.106206 
   1984     85-89    0.158277     0.180739     0.164853 
   1984     90-94    0.209795     0.246444     0.221641 
   1984     95-99    0.264305     0.238514     0.258297 
   1984    100-104   0.261247     0.428186     0.302038 
   1984    105-109   0.268408     0.908704     0.367493 
   1984    110+      0.000000            .     0.000000 
   1985        0     0.011737     0.016912     0.014375 
   1985      1-4     0.001125     0.001149     0.001137 
   1985      5-9     0.000280     0.000596     0.000440 
   1985     10-14    0.000276     0.000519     0.000400 
   1985     15-19    0.000500     0.001421     0.000973 
   1985     20-24    0.000505     0.002208     0.001374 
   1985     25-29    0.000798     0.002934     0.001877 
   1985     30-34    0.001065     0.003994     0.002518 
   1985     35-39    0.001612     0.005443     0.003467 
   1985     40-44    0.002650     0.007420     0.004930 
   1985     45-49    0.003674     0.010336     0.006782 
   1985     50-54    0.005216     0.014290     0.009335 
   1985     55-59    0.007924     0.019136     0.012712 
   1985     60-64    0.011570     0.027526     0.017683 
   1985     65-69    0.018800     0.038761     0.026292 
   1985     70-74    0.031541     0.058483     0.040695 
   1985     75-79    0.057625     0.084981     0.068174 
   1985     80-84    0.099060     0.130987     0.109795 
   1985     85-89    0.156191     0.190200     0.165791 
   1985     90-94    0.222433     0.254744     0.232788 
   1985     95-99    0.275643     0.295315     0.280301 
   1985    100-104   0.317375     0.424946     0.341700 
   1985    105-109   0.359797     0.877655     0.422223 
   1985    110+      1.196375            .     1.196375 
   1986        0     0.009706     0.013711     0.011761 
   1986      1-4     0.000909     0.001073     0.000993 
   1986      5-9     0.000380     0.000531     0.000457 
   1986     10-14    0.000377     0.000469     0.000424 
   1986     15-19    0.000394     0.001183     0.000801 
   1986     20-24    0.000623     0.001764     0.001207 
   1986     25-29    0.000661     0.002037     0.001355 
   1986     30-34    0.001002     0.003043     0.002015 
   1986     35-39    0.001466     0.004169     0.002779 
   1986     40-44    0.002283     0.006329     0.004212 
   1986     45-49    0.003011     0.008681     0.005666 
   1986     50-54    0.004651     0.012457     0.008198 
   1986     55-59    0.007008     0.017006     0.011369 
   1986     60-64    0.010804     0.025337     0.016325 
   1986     65-69    0.017546     0.035652     0.024355 
   1986     70-74    0.031154     0.054075     0.038999 
   1986     75-79    0.052731     0.078375     0.062217 
   1986     80-84    0.093299     0.115534     0.101001 
   1986     85-89    0.150302     0.164842     0.154382 
   1986     90-94    0.199304     0.229993     0.208722 
   1986     95-99    0.259915     0.285593     0.266265 
   1986    100-104   0.313546     0.339714     0.319198 
   1986    105-109   0.390176     0.585436     0.413003 
   1986    110+      1.020779            .     1.020779 
   1987        0     0.011361     0.013306     0.012362 
   1987      1-4     0.000705     0.000920     0.000815 
   1987      5-9     0.000292     0.000542     0.000419 
   1987     10-14    0.000259     0.000461     0.000362 
   1987     15-19    0.000540     0.001076     0.000816 
   1987     20-24    0.000573     0.001706     0.001155 
   1987     25-29    0.000610     0.002298     0.001460 
   1987     30-34    0.000746     0.002819     0.001776 
   1987     35-39    0.001287     0.004226     0.002717 
   1987     40-44    0.002120     0.006150     0.004043 
   1987     45-49    0.003125     0.008463     0.005636 
   1987     50-54    0.005041     0.013147     0.008731 
   1987     55-59    0.007262     0.019133     0.012480 
   1987     60-64    0.010998     0.024903     0.016334 
   1987     65-69    0.017749     0.036885     0.024911 
   1987     70-74    0.031278     0.053731     0.039022 
   1987     75-79    0.053277     0.079971     0.062592 
   1987     80-84    0.096466     0.116904     0.103852 
   1987     85-89    0.150427     0.181249     0.159206 
   1987     90-94    0.218462     0.233316     0.222846 
   1987     95-99    0.249579     0.305008     0.263911 
   1987    100-104   0.355667     0.347035     0.353792 
   1987    105-109   0.385040     0.557390     0.407527 
   1987    110+      0.481818            .     0.481818 
   1988        0     0.010873     0.011760     0.011327 
   1988      1-4     0.000784     0.001057     0.000923 
   1988      5-9     0.000362     0.000640     0.000504 
   1988     10-14    0.000307     0.000518     0.000414 
   1988     15-19    0.000428     0.001366     0.000913 
   1988     20-24    0.000598     0.002197     0.001420 
   1988     25-29    0.000567     0.002380     0.001481 
   1988     30-34    0.000964     0.002911     0.001932 
   1988     35-39    0.001435     0.004363     0.002863 
   1988     40-44    0.002176     0.006398     0.004195 
   1988     45-49    0.003224     0.009129     0.006009 
   1988     50-54    0.004586     0.012923     0.008388 
   1988     55-59    0.007394     0.017296     0.011751 
   1988     60-64    0.011532     0.026615     0.017449 
   1988     65-69    0.017400     0.035751     0.024234 
   1988     70-74    0.031035     0.054274     0.039088 
   1988     75-79    0.054438     0.080697     0.062927 
   1988     80-84    0.093547     0.121101     0.103836 
   1988     85-89    0.153934     0.187365     0.163682 
   1988     90-94    0.212964     0.240993     0.220844 
   1988     95-99    0.294481     0.290850     0.293476 
   1988    100-104   0.368676     0.313990     0.356362 
   1988    105-109   0.481643     0.439277     0.474795 
   1988    110+      0.771845            .     0.771845 
   1989        0     0.009410     0.011790     0.010628 
   1989      1-4     0.000730     0.000951     0.000843 
   1989      5-9     0.000421     0.000541     0.000482 
   1989     10-14    0.000231     0.000548     0.000392 
   1989     15-19    0.000671     0.001474     0.001085 
   1989     20-24    0.000584     0.002142     0.001386 
   1989     25-29    0.000796     0.002568     0.001693 
   1989     30-34    0.000998     0.003674     0.002327 
   1989     35-39    0.001516     0.004826     0.003136 
   1989     40-44    0.002547     0.006969     0.004661 
   1989     45-49    0.003589     0.010734     0.006961 
   1989     50-54    0.004829     0.013099     0.008609 
   1989     55-59    0.007304     0.019154     0.012528 
   1989     60-64    0.010927     0.026206     0.017045 
   1989     65-69    0.018638     0.039458     0.026327 
   1989     70-74    0.031301     0.053263     0.038953 
   1989     75-79    0.052492     0.077045     0.060106 
   1989     80-84    0.088707     0.116521     0.099053 
   1989     85-89    0.146382     0.179926     0.156417 
   1989     90-94    0.209032     0.241906     0.217714 
   1989     95-99    0.263628     0.281759     0.269010 
   1989    100-104   0.394100     0.326255     0.378260 
   1989    105-109   0.571901     0.430711     0.541617 
   1989    110+      1.076321            .     1.076321 
   1990        0     0.009918     0.011160     0.010554 
   1990      1-4     0.000560     0.001008     0.000788 
   1990      5-9     0.000341     0.000554     0.000449 
   1990     10-14    0.000270     0.000465     0.000369 
   1990     15-19    0.000548     0.001286     0.000924 
   1990     20-24    0.000423     0.002038     0.001257 
   1990     25-29    0.000570     0.002687     0.001647 
   1990     30-34    0.000977     0.003420     0.002190 
   1990     35-39    0.001606     0.005174     0.003357 
   1990     40-44    0.002564     0.007418     0.004886 
   1990     45-49    0.003697     0.010656     0.006976 
   1990     50-54    0.004609     0.014324     0.009058 
   1990     55-59    0.007614     0.020806     0.013430 
   1990     60-64    0.011811     0.027960     0.018429 
   1990     65-69    0.018232     0.040017     0.026160 
   1990     70-74    0.031036     0.056974     0.040136 
   1990     75-79    0.055206     0.082977     0.063858 
   1990     80-84    0.091367     0.122438     0.102494 
   1990     85-89    0.153432     0.174753     0.159971 
   1990     90-94    0.223550     0.237676     0.227153 
   1990     95-99    0.256529     0.323085     0.275777 
   1990    100-104   0.437333     0.355958     0.417445 
   1990    105-109   0.667454     0.469825     0.615267 
   1990    110+      1.612022            .     1.612022 
   1991        0     0.012843     0.015910     0.014415 
   1991      1-4     0.000572     0.000892     0.000736 
   1991      5-9     0.000370     0.000676     0.000525 
   1991     10-14    0.000325     0.000496     0.000412 
   1991     15-19    0.000609     0.001659     0.001141 
   1991     20-24    0.000575     0.002712     0.001678 
   1991     25-29    0.000645     0.003264     0.001984 
   1991     30-34    0.000909     0.004231     0.002562 
   1991     35-39    0.001618     0.005738     0.003641 
   1991     40-44    0.002762     0.008002     0.005274 
   1991     45-49    0.003866     0.012258     0.007804 
   1991     50-54    0.005193     0.015832     0.010077 
   1991     55-59    0.008082     0.020308     0.013479 
   1991     60-64    0.011606     0.030328     0.019427 
   1991     65-69    0.018662     0.039376     0.026118 
   1991     70-74    0.029920     0.054221     0.038458 
   1991     75-79    0.052008     0.084101     0.062072 
   1991     80-84    0.091490     0.123767     0.102438 
   1991     85-89    0.150182     0.173248     0.157499 
   1991     90-94    0.204952     0.246583     0.215502 
   1991     95-99    0.284649     0.299313     0.288592 
   1991    100-104   0.422922     0.351119     0.404254 
   1991    105-109   0.629679     0.440649     0.572838 
   1991    110+      1.895288     0.000000     1.668203 
   1992        0     0.014151     0.018218     0.016232 
   1992      1-4     0.000659     0.000991     0.000829 
   1992      5-9     0.000310     0.000672     0.000494 
   1992     10-14    0.000279     0.000520     0.000401 
   1992     15-19    0.000499     0.001367     0.000938 
   1992     20-24    0.000552     0.002559     0.001586 
   1992     25-29    0.000681     0.002760     0.001748 
   1992     30-34    0.000950     0.003955     0.002448 
   1992     35-39    0.001509     0.006235     0.003831 
   1992     40-44    0.002824     0.008364     0.005481 
   1992     45-49    0.004122     0.012143     0.007879 
   1992     50-54    0.004731     0.016418     0.010107 
   1992     55-59    0.007909     0.022261     0.014250 
   1992     60-64    0.011229     0.030102     0.019160 
   1992     65-69    0.018009     0.040992     0.026341 
   1992     70-74    0.029136     0.057808     0.039141 
   1992     75-79    0.052203     0.084362     0.062336 
   1992     80-84    0.092829     0.120759     0.101699 
   1992     85-89    0.144655     0.172627     0.153939 
   1992     90-94    0.220770     0.243320     0.226550 
   1992     95-99    0.268594     0.304822     0.277957 
   1992    100-104   0.426753     0.493847     0.444409 
   1992    105-109   0.612755     0.778131     0.662162 
   1992    110+      1.521327     4.120482     1.948515 
   1993        0     0.012838     0.016851     0.014894 
   1993      1-4     0.000656     0.000789     0.000724 
   1993      5-9     0.000354     0.000533     0.000445 
   1993     10-14    0.000232     0.000533     0.000385 
   1993     15-19    0.000539     0.001612     0.001081 
   1993     20-24    0.000643     0.002923     0.001819 
   1993     25-29    0.000737     0.003345     0.002074 
   1993     30-34    0.001008     0.004714     0.002861 
   1993     35-39    0.001830     0.006978     0.004359 
   1993     40-44    0.002636     0.010233     0.006280 
   1993     45-49    0.004646     0.015157     0.009569 
   1993     50-54    0.006341     0.019256     0.012274 
   1993     55-59    0.008663     0.025197     0.015960 
   1993     60-64    0.012423     0.034062     0.021505 
   1993     65-69    0.018987     0.043827     0.028160 
   1993     70-74    0.031568     0.061767     0.042004 
   1993     75-79    0.054663     0.089408     0.065625 
   1993     80-84    0.101807     0.135741     0.111832 
   1993     85-89    0.167761     0.197405     0.177946 
   1993     90-94    0.255096     0.274264     0.260168 
   1993     95-99    0.301192     0.293964     0.299363 
   1993    100-104   0.548030     0.557157     0.550443 
   1993    105-109   0.846398     0.783496     0.828811 
   1993    110+      2.178218            .     2.178218 
   1994        0     0.012282     0.014884     0.013616 
   1994      1-4     0.000608     0.001041     0.000830 
   1994      5-9     0.000316     0.000589     0.000455 
   1994     10-14    0.000329     0.000429     0.000380 
   1994     15-19    0.000554     0.001619     0.001092 
   1994     20-24    0.000686     0.002900     0.001822 
   1994     25-29    0.000849     0.003927     0.002426 
   1994     30-34    0.001212     0.005309     0.003269 
   1994     35-39    0.001858     0.007421     0.004587 
   1994     40-44    0.003228     0.011374     0.007145 
   1994     45-49    0.005119     0.015253     0.009855 
   1994     50-54    0.006578     0.020839     0.013114 
   1994     55-59    0.008782     0.027081     0.016844 
   1994     60-64    0.012779     0.035332     0.022237 
   1994     65-69    0.019188     0.044413     0.028664 
   1994     70-74    0.031094     0.061752     0.041549 
   1994     75-79    0.054905     0.086690     0.064942 
   1994     80-84    0.096543     0.140258     0.108811 
   1994     85-89    0.162843     0.187758     0.171349 
   1994     90-94    0.246866     0.247490     0.247038 
   1994     95-99    0.299566     0.364519     0.315291 
   1994    100-104   0.520841     0.709293     0.569396 
   1994    105-109   0.863674     1.471782     1.005724 
   1994    110+      4.344828     6.000000     4.789916 
   1995        0     0.011026     0.013823     0.012458 
   1995      1-4     0.000756     0.000779     0.000767 
   1995      5-9     0.000300     0.000422     0.000362 
   1995     10-14    0.000279     0.000423     0.000353 
   1995     15-19    0.000520     0.001450     0.000991 
   1995     20-24    0.000570     0.002599     0.001600 
   1995     25-29    0.000826     0.003334     0.002111 
   1995     30-34    0.001110     0.004860     0.002998 
   1995     35-39    0.001980     0.006919     0.004400 
   1995     40-44    0.003290     0.011519     0.007254 
   1995     45-49    0.004753     0.015217     0.009646 
   1995     50-54    0.006599     0.021796     0.013537 
   1995     55-59    0.009046     0.025389     0.016237 
   1995     60-64    0.012914     0.033739     0.021641 
   1995     65-69    0.018762     0.044672     0.028700 
   1995     70-74    0.030786     0.059719     0.040466 
   1995     75-79    0.052139     0.083055     0.061946 
   1995     80-84    0.096009     0.127688     0.104784 
   1995     85-89    0.161527     0.184208     0.168920 
   1995     90-94    0.253037     0.245997     0.251030 
   1995     95-99    0.327442     0.301125     0.321250 
   1995    100-104   0.518812     0.605732     0.538663 
   1995    105-109   0.835507     1.198251     0.889048 
   1995    110+      6.000000            .     6.000000 
   1996        0     0.009234     0.010629     0.009948 
   1996      1-4     0.000735     0.000554     0.000643 
   1996      5-9     0.000261     0.000358     0.000311 
   1996     10-14    0.000230     0.000423     0.000328 
   1996     15-19    0.000525     0.001427     0.000982 
   1996     20-24    0.000594     0.002930     0.001772 
   1996     25-29    0.000630     0.003121     0.001901 
   1996     30-34    0.001078     0.004366     0.002735 
   1996     35-39    0.001859     0.005781     0.003781 
   1996     40-44    0.003059     0.009716     0.006266 
   1996     45-49    0.004687     0.013798     0.008957 
   1996     50-54    0.005847     0.018240     0.011476 
   1996     55-59    0.007917     0.023851     0.014931 
   1996     60-64    0.011872     0.031260     0.019997 
   1996     65-69    0.017715     0.042245     0.027307 
   1996     70-74    0.028971     0.058840     0.038822 
   1996     75-79    0.050299     0.082497     0.060507 
   1996     80-84    0.091191     0.128612     0.101593 
   1996     85-89    0.159725     0.188122     0.168403 
   1996     90-94    0.246928     0.262408     0.251508 
   1996     95-99    0.326391     0.328914     0.327001 
   1996    100-104   0.488583     0.699616     0.531943 
   1996    105-109   0.720285     2.382979     0.858006 
   1996    110+             .            .            . 
   1997        0     0.008677     0.011783     0.010269 
   1997      1-4     0.000510     0.000746     0.000631 
   1997      5-9     0.000213     0.000445     0.000332 
   1997     10-14    0.000233     0.000366     0.000301 
   1997     15-19    0.000340     0.001171     0.000762 
   1997     20-24    0.000662     0.002965     0.001821 
   1997     25-29    0.000678     0.003163     0.001939 
   1997     30-34    0.001111     0.003944     0.002537 
   1997     35-39    0.001574     0.005349     0.003425 
   1997     40-44    0.002374     0.008229     0.005196 
   1997     45-49    0.003852     0.012016     0.007683 
   1997     50-54    0.005524     0.017030     0.010748 
   1997     55-59    0.007491     0.021421     0.013632 
   1997     60-64    0.010283     0.029592     0.018375 
   1997     65-69    0.016489     0.041497     0.026332 
   1997     70-74    0.028064     0.055328     0.037103 
   1997     75-79    0.047652     0.081917     0.058402 
   1997     80-84    0.094746     0.126313     0.103546 
   1997     85-89    0.158733     0.185241     0.166241 
   1997     90-94    0.266093     0.242692     0.258723 
   1997     95-99    0.333826     0.288673     0.322267 
   1997    100-104   0.553265     0.341378     0.505904 
   1997    105-109   0.830938     0.395876     0.809422 
   1997    110+             .            .            . 
   1998        0     0.007984     0.010443     0.009254 
   1998      1-4     0.000521     0.000726     0.000626 
   1998      5-9     0.000305     0.000404     0.000355 
   1998     10-14    0.000276     0.000295     0.000286 
   1998     15-19    0.000490     0.001119     0.000810 
   1998     20-24    0.000656     0.002552     0.001609 
   1998     25-29    0.000679     0.003189     0.001949 
   1998     30-34    0.000719     0.003809     0.002266 
   1998     35-39    0.001666     0.005127     0.003364 
   1998     40-44    0.002451     0.007683     0.004974 
   1998     45-49    0.003899     0.012488     0.007937 
   1998     50-54    0.005412     0.015994     0.010231 
   1998     55-59    0.007523     0.021075     0.013495 
   1998     60-64    0.011048     0.028397     0.018317 
   1998     65-69    0.016616     0.040790     0.026136 
   1998     70-74    0.027851     0.055809     0.037302 
   1998     75-79    0.050224     0.081534     0.059950 
   1998     80-84    0.088229     0.117479     0.096413 
   1998     85-89    0.157237     0.176435     0.162280 
   1998     90-94    0.256591     0.260854     0.258009 
   1998     95-99    0.341723     0.269388     0.321535 
   1998    100-104   0.514043     0.480276     0.505134 
   1998    105-109   0.826261     1.586842     0.896293 
   1998    110+             .            .            . 
   1999        0     0.008470     0.008826     0.008654 
   1999      1-4     0.000492     0.000720     0.000609 
   1999      5-9     0.000252     0.000358     0.000306 
   1999     10-14    0.000249     0.000446     0.000349 
   1999     15-19    0.000545     0.001309     0.000935 
   1999     20-24    0.000575     0.002552     0.001571 
   1999     25-29    0.000789     0.003172     0.001988 
   1999     30-34    0.001002     0.003593     0.002293 
   1999     35-39    0.001459     0.005161     0.003280 
   1999     40-44    0.002253     0.007161     0.004617 
   1999     45-49    0.003507     0.011175     0.007127 
   1999     50-54    0.005235     0.015185     0.009769 
   1999     55-59    0.007030     0.021028     0.013196 
   1999     60-64    0.010508     0.028947     0.018239 
   1999     65-69    0.016240     0.039996     0.025609 
   1999     70-74    0.026640     0.054806     0.036357 
   1999     75-79    0.046715     0.080663     0.057121 
   1999     80-84    0.089059     0.119896     0.097730 
   1999     85-89    0.155964     0.179823     0.161957 
   1999     90-94    0.233460     0.252273     0.239639 
   1999     95-99    0.346487     0.325990     0.340435 
   1999    100-104   0.492744     0.416018     0.471635 
   1999    105-109   0.799127     0.786174     0.797141 
   1999    110+             .            .            . 
   2000        0     0.008729     0.008178     0.008444 
   2000      1-4     0.000537     0.000819     0.000682 
   2000      5-9     0.000180     0.000343     0.000264 
   2000     10-14    0.000215     0.000314     0.000266 
   2000     15-19    0.000443     0.001310     0.000885 
   2000     20-24    0.000541     0.002541     0.001551 
   2000     25-29    0.000648     0.002836     0.001741 
   2000     30-34    0.001024     0.003850     0.002425 
   2000     35-39    0.001304     0.004675     0.002963 
   2000     40-44    0.002026     0.006879     0.004359 
   2000     45-49    0.003746     0.010809     0.007089 
   2000     50-54    0.004733     0.015677     0.009723 
   2000     55-59    0.007286     0.020705     0.013194 
   2000     60-64    0.009894     0.027922     0.017460 
   2000     65-69    0.015706     0.038726     0.024780 
   2000     70-74    0.026454     0.054797     0.036469 
   2000     75-79    0.044177     0.077428     0.054160 
   2000     80-84    0.082804     0.113371     0.091445 
   2000     85-89    0.144248     0.169665     0.150567 
   2000     90-94    0.246575     0.233059     0.242379 
   2000     95-99    0.326296     0.292269     0.316032 
   2000    100-104   0.572238     0.338536     0.503263 
   2000    105-109   1.104054     0.506527     0.943718 
   2000    110+             .            .            . 
   2001        0     0.005880     0.009538     0.007761 
   2001      1-4     0.000528     0.000738     0.000637 
   2001      5-9     0.000127     0.000374     0.000254 
   2001     10-14    0.000144     0.000407     0.000278 
   2001     15-19    0.000406     0.001542     0.000984 
   2001     20-24    0.000686     0.002595     0.001652 
   2001     25-29    0.000620     0.003066     0.001837 
   2001     30-34    0.000942     0.004213     0.002556 
   2001     35-39    0.001580     0.005028     0.003276 
   2001     40-44    0.002271     0.007525     0.004797 
   2001     45-49    0.003679     0.011151     0.007219 
   2001     50-54    0.005455     0.016801     0.010648 
   2001     55-59    0.007465     0.022542     0.014111 
   2001     60-64    0.009614     0.029397     0.017932 
   2001     65-69    0.014620     0.039252     0.024362 
   2001     70-74    0.025308     0.054099     0.035746 
   2001     75-79    0.046424     0.082471     0.057094 
   2001     80-84    0.082457     0.115001     0.091640 
   2001     85-89    0.148690     0.176251     0.155569 
   2001     90-94    0.240330     0.261429     0.246415 
   2001     95-99    0.341172     0.292579     0.325953 
   2001    100-104   0.480659     0.225989     0.395291 
   2001    105-109   0.730399     0.083315     0.449373 
   2001    110+             .            .            . 
   2002        0     0.007154     0.008615     0.007903 
   2002      1-4     0.000403     0.000658     0.000534 
   2002      5-9     0.000186     0.000356     0.000273 
   2002     10-14    0.000217     0.000321     0.000270 
   2002     15-19    0.000415     0.001334     0.000882 
   2002     20-24    0.000461     0.002545     0.001517 
   2002     25-29    0.000778     0.002969     0.001867 
   2002     30-34    0.000963     0.003575     0.002254 
   2002     35-39    0.001348     0.005301     0.003291 
   2002     40-44    0.001971     0.007703     0.004733 
   2002     45-49    0.003439     0.010897     0.006979 
   2002     50-54    0.005174     0.016382     0.010322 
   2002     55-59    0.007322     0.021799     0.013724 
   2002     60-64    0.010333     0.029831     0.018570 
   2002     65-69    0.015241     0.039667     0.024930 
   2002     70-74    0.027154     0.054786     0.037275 
   2002     75-79    0.045295     0.080392     0.055749 
   2002     80-84    0.078570     0.120160     0.090153 
   2002     85-89    0.152429     0.178069     0.158874 
   2002     90-94    0.244927     0.274333     0.252633 
   2002     95-99    0.341739     0.350626     0.344679 
   2002    100-104   0.449786     0.254073     0.376794 
   2002    105-109   0.610420     0.130663     0.346003 
   2002    110+             .            .            . 
   2003        0     0.006094     0.007820     0.006984 
   2003      1-4     0.000391     0.000517     0.000456 
   2003      5-9     0.000157     0.000239     0.000199 
   2003     10-14    0.000208     0.000261     0.000235 
   2003     15-19    0.000485     0.001186     0.000842 
   2003     20-24    0.000406     0.002409     0.001422 
   2003     25-29    0.000699     0.002999     0.001842 
   2003     30-34    0.000960     0.004094     0.002512 
   2003     35-39    0.001339     0.004809     0.003045 
   2003     40-44    0.002331     0.007460     0.004810 
   2003     45-49    0.003692     0.011255     0.007288 
   2003     50-54    0.005290     0.016211     0.010327 
   2003     55-59    0.007392     0.022017     0.013874 
   2003     60-64    0.010258     0.028814     0.018111 
   2003     65-69    0.014653     0.039823     0.024603 
   2003     70-74    0.024547     0.054477     0.035490 
   2003     75-79    0.044656     0.079448     0.055197 
   2003     80-84    0.078264     0.117855     0.089088 
   2003     85-89    0.140967     0.189088     0.153003 
   2003     90-94    0.234522     0.252088     0.238714 
   2003     95-99    0.370040     0.381046     0.373793 
   2003    100-104   0.529834     0.406501     0.481613 
   2003    105-109   0.812834     0.430001     0.579623 
   2003    110+             .            .            . 
   2004        0     0.007506     0.008723     0.008129 
   2004      1-4     0.000364     0.000499     0.000433 
   2004      5-9     0.000220     0.000312     0.000268 
   2004     10-14    0.000142     0.000247     0.000196 
   2004     15-19    0.000396     0.001266     0.000839 
   2004     20-24    0.000378     0.002256     0.001333 
   2004     25-29    0.000642     0.002950     0.001792 
   2004     30-34    0.000746     0.004379     0.002543 
   2004     35-39    0.001228     0.005130     0.003146 
   2004     40-44    0.002270     0.007494     0.004803 
   2004     45-49    0.003406     0.011490     0.007253 
   2004     50-54    0.005515     0.016492     0.010597 
   2004     55-59    0.007426     0.021956     0.013873 
   2004     60-64    0.010868     0.030703     0.019260 
   2004     65-69    0.014626     0.039088     0.024280 
   2004     70-74    0.024898     0.054622     0.035750 
   2004     75-79    0.043811     0.075999     0.053770 
   2004     80-84    0.078579     0.112524     0.087691 
   2004     85-89    0.140763     0.164581     0.146678 
   2004     90-94    0.237401     0.257381     0.241920 
   2004     95-99    0.347088     0.340635     0.344949 
   2004    100-104   0.468572     0.262539     0.386613 
   2004    105-109   0.555063     0.164631     0.309473 
   2004    110+             .     0.000000     0.000000 
   2005        0     0.006229     0.008077     0.007171 
   2005      1-4     0.000277     0.000590     0.000438 
   2005      5-9     0.000172     0.000466     0.000323 
   2005     10-14    0.000150     0.000329     0.000241 
   2005     15-19    0.000441     0.001246     0.000851 
   2005     20-24    0.000467     0.002469     0.001486 
   2005     25-29    0.000717     0.003469     0.002096 
   2005     30-34    0.001038     0.004349     0.002670 
   2005     35-39    0.001492     0.006008     0.003706 
   2005     40-44    0.002317     0.008151     0.005153 
   2005     45-49    0.003595     0.012330     0.007752 
   2005     50-54    0.005482     0.018100     0.011336 
   2005     55-59    0.008294     0.024311     0.015413 
   2005     60-64    0.010700     0.033898     0.020504 
   2005     65-69    0.014764     0.042221     0.025617 
   2005     70-74    0.025384     0.055298     0.036265 
   2005     75-79    0.044054     0.076729     0.054469 
   2005     80-84    0.081155     0.118171     0.090890 
   2005     85-89    0.144340     0.165407     0.149597 
   2005     90-94    0.247857     0.260155     0.250610 
   2005     95-99    0.377217     0.417744     0.389334 
   2005    100-104   0.614709     0.379374     0.519051 
   2005    105-109   0.978094     0.385085     0.586858 
   2005    110+             .     0.175234     0.175234 
   2006        0     0.006807     0.007853     0.007339 
   2006      1-4     0.000463     0.000440     0.000452 
   2006      5-9     0.000193     0.000431     0.000316 
   2006     10-14    0.000188     0.000314     0.000253 
   2006     15-19    0.000412     0.001233     0.000830 
   2006     20-24    0.000433     0.002222     0.001340 
   2006     25-29    0.000813     0.003196     0.002011 
   2006     30-34    0.001155     0.004212     0.002659 
   2006     35-39    0.001804     0.005879     0.003797 
   2006     40-44    0.002488     0.009108     0.005710 
   2006     45-49    0.003901     0.012172     0.007839 
   2006     50-54    0.005678     0.019300     0.011998 
   2006     55-59    0.008112     0.026030     0.016083 
   2006     60-64    0.011672     0.035691     0.021792 
   2006     65-69    0.015415     0.042206     0.026016 
   2006     70-74    0.024715     0.056555     0.036270 
   2006     75-79    0.044770     0.077368     0.055424 
   2006     80-84    0.082613     0.115867     0.091237 
   2006     85-89    0.137325     0.161318     0.143317 
   2006     90-94    0.239109     0.234579     0.238075 
   2006     95-99    0.427656     0.396514     0.419355 
   2006    100-104   0.536394     0.436742     0.496076 
   2006    105-109   0.858434     0.650156     0.716447 
   2006    110+             .     1.157994     1.157994 
   2007        0     0.006542     0.006425     0.006482 
   2007      1-4     0.000269     0.000411     0.000342 
   2007      5-9     0.000216     0.000299     0.000259 
   2007     10-14    0.000292     0.000384     0.000339 
   2007     15-19    0.000377     0.001379     0.000887 
   2007     20-24    0.000403     0.002450     0.001439 
   2007     25-29    0.000835     0.003476     0.002165 
   2007     30-34    0.001035     0.004624     0.002801 
   2007     35-39    0.001846     0.006864     0.004302 
   2007     40-44    0.002639     0.009542     0.005996 
   2007     45-49    0.004012     0.013753     0.008650 
   2007     50-54    0.005827     0.019110     0.011990 
   2007     55-59    0.008588     0.026391     0.016503 
   2007     60-64    0.011823     0.035969     0.021980 
   2007     65-69    0.015133     0.044066     0.026585 
   2007     70-74    0.024491     0.056423     0.036061 
   2007     75-79    0.042665     0.079198     0.054682 
   2007     80-84    0.079235     0.119963     0.089848 
   2007     85-89    0.134398     0.162564     0.141355 
   2007     90-94    0.232902     0.250497     0.236999 
   2007     95-99    0.405712     0.363287     0.395103 
   2007    100-104   0.578703     0.557404     0.570388 
   2007    105-109   1.278131     0.941502     1.051818 
   2007    110+             .     2.540046     2.540046 
   2008        0     0.005351     0.005962     0.005665 
   2008      1-4     0.000304     0.000464     0.000386 
   2008      5-9     0.000200     0.000364     0.000285 
   2008     10-14    0.000259     0.000297     0.000278 
   2008     15-19    0.000417     0.000882     0.000654 
   2008     20-24    0.000566     0.002181     0.001384 
   2008     25-29    0.000546     0.003267     0.001919 
   2008     30-34    0.000951     0.004351     0.002628 
   2008     35-39    0.001599     0.005808     0.003661 
   2008     40-44    0.002706     0.008287     0.005415 
   2008     45-49    0.003651     0.011240     0.007266 
   2008     50-54    0.006000     0.017933     0.011541 
   2008     55-59    0.008894     0.024864     0.015998 
   2008     60-64    0.011120     0.032768     0.020234 
   2008     65-69    0.015228     0.040663     0.025274 
   2008     70-74    0.023350     0.052895     0.034045 
   2008     75-79    0.041669     0.073685     0.052195 
   2008     80-84    0.077048     0.113164     0.086645 
   2008     85-89    0.134601     0.168821     0.142867 
   2008     90-94    0.233477     0.261724     0.240033 
   2008     95-99    0.412199     0.372844     0.402751 
   2008    100-104   0.589338     0.549255     0.574309 
   2008    105-109   0.953358     0.848897     0.885235 
   2008    110+             .            .            . 
   2009        0     0.004695     0.006724     0.005737 
   2009      1-4     0.000249     0.000307     0.000279 
   2009      5-9     0.000112     0.000237     0.000176 
   2009     10-14    0.000192     0.000353     0.000275 
   2009     15-19    0.000350     0.001315     0.000843 
   2009     20-24    0.000470     0.002023     0.001256 
   2009     25-29    0.000517     0.002507     0.001522 
   2009     30-34    0.000920     0.003566     0.002230 
   2009     35-39    0.001340     0.004974     0.003115 
   2009     40-44    0.002247     0.006769     0.004435 
   2009     45-49    0.003185     0.010302     0.006578 
   2009     50-54    0.004831     0.014124     0.009143 
   2009     55-59    0.007156     0.021929     0.013745 
   2009     60-64    0.010616     0.031700     0.019491 
   2009     65-69    0.014519     0.041970     0.025323 
   2009     70-74    0.022278     0.050172     0.032390 
   2009     75-79    0.040330     0.075344     0.051842 
   2009     80-84    0.075706     0.115331     0.086502 
   2009     85-89    0.131909     0.165198     0.139735 
   2009     90-94    0.215316     0.238121     0.220572 
   2009     95-99    0.408766     0.419070     0.411165 
   2009    100-104   0.619224     0.692944     0.644290 
   2009    105-109   1.003253     1.335302     1.185174 
   2009    110+             .            .            . 
   2010        0     0.004468     0.005308     0.004899 
   2010      1-4     0.000281     0.000336     0.000309 
   2010      5-9     0.000146     0.000166     0.000156 
   2010     10-14    0.000130     0.000246     0.000190 
   2010     15-19    0.000239     0.001055     0.000656 
   2010     20-24    0.000372     0.001833     0.001115 
   2010     25-29    0.000596     0.002093     0.001353 
   2010     30-34    0.000868     0.003525     0.002189 
   2010     35-39    0.001148     0.005126     0.003082 
   2010     40-44    0.001904     0.007075     0.004396 
   2010     45-49    0.003471     0.009807     0.006497 
   2010     50-54    0.004625     0.014185     0.009061 
   2010     55-59    0.007375     0.022089     0.013955 
   2010     60-64    0.009885     0.030986     0.018769 
   2010     65-69    0.013972     0.040467     0.024364 
   2010     70-74    0.021685     0.051320     0.032447 
   2010     75-79    0.039432     0.072564     0.050273 
   2010     80-84    0.076352     0.111734     0.086290 
   2010     85-89    0.136517     0.165513     0.143153 
   2010     90-94    0.219470     0.247775     0.225957 
   2010     95-99    0.453979     0.460487     0.455454 
   2010    100-104   0.734870     0.781730     0.748467 
   2010    105-109   1.302326     1.826087     1.500760 
   2010    110+             .            .            . 
   2011        0     0.004339     0.005112     0.004737 
   2011      1-4     0.000226     0.000348     0.000288 
   2011      5-9     0.000120     0.000258     0.000191 
   2011     10-14    0.000150     0.000284     0.000219 
   2011     15-19    0.000216     0.000936     0.000584 
   2011     20-24    0.000359     0.001703     0.001047 
   2011     25-29    0.000557     0.002345     0.001464 
   2011     30-34    0.000966     0.003027     0.001995 
   2011     35-39    0.001433     0.004563     0.002953 
   2011     40-44    0.002056     0.006876     0.004375 
   2011     45-49    0.003290     0.010102     0.006551 
   2011     50-54    0.004692     0.013516     0.008795 
   2011     55-59    0.006769     0.020419     0.012882 
   2011     60-64    0.009586     0.029998     0.018191 
   2011     65-69    0.013908     0.040466     0.024298 
   2011     70-74    0.020831     0.049999     0.031429 
   2011     75-79    0.037520     0.071726     0.048686 
   2011     80-84    0.072880     0.110022     0.083583 
   2011     85-89    0.129168     0.155696     0.135149 
   2011     90-94    0.203786     0.227819     0.209223 
   2011     95-99    0.420440     0.391709     0.413924 
   2011    100-104   0.701337     0.604342     0.675100 
   2011    105-109   1.834423     2.297872     1.943333 
   2011    110+             .            .            . 
   2012        0     0.003391     0.004361     0.003889 
   2012      1-4     0.000154     0.000228     0.000192 
   2012      5-9     0.000198     0.000188     0.000193 
   2012     10-14    0.000093     0.000262     0.000180 
   2012     15-19    0.000295     0.000872     0.000590 
   2012     20-24    0.000306     0.001633     0.000987 
   2012     25-29    0.000453     0.002232     0.001359 
   2012     30-34    0.000731     0.003653     0.002195 
   2012     35-39    0.001497     0.004615     0.003016 
   2012     40-44    0.002010     0.006286     0.004069 
   2012     45-49    0.003227     0.009102     0.006037 
   2012     50-54    0.004542     0.013720     0.008818 
   2012     55-59    0.006505     0.019715     0.012436 
   2012     60-64    0.008868     0.029326     0.017500 
   2012     65-69    0.013659     0.039360     0.023711 
   2012     70-74    0.020724     0.049253     0.031096 
   2012     75-79    0.036265     0.071370     0.047721 
   2012     80-84    0.070950     0.106986     0.081436 
   2012     85-89    0.130937     0.159781     0.137501 
   2012     90-94    0.212706     0.220234     0.214384 
   2012     95-99    0.425677     0.388789     0.417146 
   2012    100-104   0.556849     0.516415     0.545982 
   2012    105-109   1.373894     1.115646     1.289219 
   2012    110+             .            .            . 
   2013        0     0.002975     0.004290     0.003646 
   2013      1-4     0.000238     0.000209     0.000223 
   2013      5-9     0.000243     0.000087     0.000163 
   2013     10-14    0.000112     0.000211     0.000163 
   2013     15-19    0.000405     0.000951     0.000685 
   2013     20-24    0.000308     0.001681     0.001014 
   2013     25-29    0.000673     0.002302     0.001506 
   2013     30-34    0.000790     0.003062     0.001933 
   2013     35-39    0.001290     0.004790     0.003001 
   2013     40-44    0.002010     0.006528     0.004190 
   2013     45-49    0.003064     0.009722     0.006241 
   2013     50-54    0.004432     0.013593     0.008709 
   2013     55-59    0.006248     0.019039     0.012009 
   2013     60-64    0.009624     0.028211     0.017486 
   2013     65-69    0.013621     0.038321     0.023304 
   2013     70-74    0.020505     0.049029     0.030852 
   2013     75-79    0.035314     0.068778     0.046245 
   2013     80-84    0.072512     0.108130     0.082904 
   2013     85-89    0.132300     0.170010     0.141059 
   2013     90-94    0.212467     0.241684     0.218821 
   2013     95-99    0.433889     0.425802     0.432021 
   2013    100-104   0.491754     0.511449     0.496775 
   2013    105-109   0.669065     0.474333     0.588832 
   2013    110+             .            .            . 
