Luxembourg, Death rates (period 5x1)     Last modified: 19-Oct-2015, MPv5 (May07)

   Year      Age       Female       Male         Total
   1960        0     0.023760     0.039406     0.031741 
   1960      1-4     0.001377     0.002317     0.001859 
   1960      5-9     0.000459     0.000707     0.000585 
   1960     10-14    0.000306     0.000586     0.000449 
   1960     15-19    0.000303     0.000989     0.000650 
   1960     20-24    0.000478     0.001856     0.001195 
   1960     25-29    0.000891     0.001482     0.001198 
   1960     30-34    0.000913     0.001965     0.001454 
   1960     35-39    0.001891     0.001930     0.001909 
   1960     40-44    0.002945     0.003842     0.003386 
   1960     45-49    0.003577     0.007218     0.005391 
   1960     50-54    0.005662     0.012035     0.008836 
   1960     55-59    0.008267     0.015938     0.011997 
   1960     60-64    0.013424     0.025017     0.018816 
   1960     65-69    0.024235     0.039016     0.030963 
   1960     70-74    0.049085     0.068456     0.057685 
   1960     75-79    0.080939     0.097481     0.088027 
   1960     80-84    0.137089     0.172056     0.151841 
   1960     85-89    0.237990     0.241887     0.239586 
   1960     90-94    0.337822     0.469095     0.380133 
   1960     95-99    0.620068     0.575264     0.609889 
   1960    100-104   2.803738            .     2.803738 
   1960    105-109          .            .            . 
   1960    110+             .            .            . 
   1961        0     0.024486     0.028993     0.026753 
   1961      1-4     0.001887     0.001289     0.001580 
   1961      5-9     0.000177     0.000861     0.000525 
   1961     10-14    0.000100     0.000382     0.000244 
   1961     15-19    0.000101     0.001284     0.000701 
   1961     20-24    0.000192     0.002865     0.001577 
   1961     25-29    0.000824     0.002461     0.001674 
   1961     30-34    0.001232     0.001907     0.001582 
   1961     35-39    0.001805     0.002482     0.002119 
   1961     40-44    0.003016     0.002452     0.002743 
   1961     45-49    0.004534     0.006714     0.005617 
   1961     50-54    0.003960     0.011057     0.007491 
   1961     55-59    0.008534     0.016646     0.012475 
   1961     60-64    0.016214     0.028470     0.021963 
   1961     65-69    0.028043     0.041061     0.033935 
   1961     70-74    0.039303     0.060053     0.048479 
   1961     75-79    0.073624     0.087465     0.079517 
   1961     80-84    0.133808     0.164262     0.146540 
   1961     85-89    0.185031     0.219152     0.198846 
   1961     90-94    0.327217     0.326327     0.326907 
   1961     95-99    0.425947     0.524934     0.449041 
   1961    100-104          .            .            . 
   1961    105-109          .            .            . 
   1961    110+             .            .            . 
   1962        0     0.025666     0.037730     0.031765 
   1962      1-4     0.001652     0.001083     0.001360 
   1962      5-9     0.000688     0.001007     0.000850 
   1962     10-14    0.000388     0.000468     0.000428 
   1962     15-19    0.000401     0.001062     0.000739 
   1962     20-24    0.000476     0.001258     0.000878 
   1962     25-29    0.000927     0.001975     0.001471 
   1962     30-34    0.001071     0.001899     0.001503 
   1962     35-39    0.001860     0.001408     0.001646 
   1962     40-44    0.002357     0.003697     0.002994 
   1962     45-49    0.002315     0.007744     0.005011 
   1962     50-54    0.005694     0.012575     0.009105 
   1962     55-59    0.008464     0.019676     0.013911 
   1962     60-64    0.013637     0.029614     0.021153 
   1962     65-69    0.026196     0.045785     0.035012 
   1962     70-74    0.048475     0.065089     0.055802 
   1962     75-79    0.085526     0.110792     0.096233 
   1962     80-84    0.144286     0.169608     0.154808 
   1962     85-89    0.234177     0.297315     0.259094 
   1962     90-94    0.368986     0.452358     0.400018 
   1962     95-99    0.315055     1.004016     0.441204 
   1962    100-104          .            .            . 
   1962    105-109          .            .            . 
   1962    110+             .            .            . 
   1963        0     0.023062     0.034555     0.028928 
   1963      1-4     0.001621     0.001273     0.001444 
   1963      5-9     0.000338     0.000818     0.000582 
   1963     10-14    0.000376     0.000275     0.000324 
   1963     15-19    0.000397     0.002176     0.001308 
   1963     20-24    0.000660     0.002675     0.001695 
   1963     25-29    0.000924     0.001632     0.001291 
   1963     30-34    0.000834     0.001152     0.001000 
   1963     35-39    0.001336     0.002632     0.001968 
   1963     40-44    0.002936     0.003794     0.003335 
   1963     45-49    0.004251     0.006092     0.005166 
   1963     50-54    0.007306     0.010823     0.009047 
   1963     55-59    0.008822     0.018171     0.013369 
   1963     60-64    0.014759     0.031267     0.022504 
   1963     65-69    0.024543     0.042527     0.032602 
   1963     70-74    0.047726     0.067404     0.056351 
   1963     75-79    0.081225     0.097711     0.088206 
   1963     80-84    0.134292     0.172324     0.149938 
   1963     85-89    0.217920     0.204120     0.212549 
   1963     90-94    0.276131     0.261092     0.270381 
   1963     95-99    0.339271     0.211790     0.318002 
   1963    100-104          .     0.000000     0.000000 
   1963    105-109          .            .            . 
   1963    110+             .            .            . 
   1964        0     0.022846     0.037733     0.030583 
   1964      1-4     0.001099     0.001660     0.001383 
   1964      5-9     0.000417     0.000641     0.000531 
   1964     10-14    0.000182     0.000531     0.000359 
   1964     15-19    0.000389     0.001203     0.000807 
   1964     20-24    0.000851     0.002509     0.001703 
   1964     25-29    0.000548     0.001276     0.000925 
   1964     30-34    0.000930     0.002441     0.001713 
   1964     35-39    0.001574     0.002390     0.001984 
   1964     40-44    0.001904     0.004425     0.003056 
   1964     45-49    0.004825     0.007790     0.006297 
   1964     50-54    0.005792     0.012041     0.008881 
   1964     55-59    0.008113     0.019891     0.013836 
   1964     60-64    0.014313     0.032870     0.023003 
   1964     65-69    0.023681     0.042644     0.032144 
   1964     70-74    0.041620     0.067202     0.052767 
   1964     75-79    0.068081     0.096318     0.080013 
   1964     80-84    0.129414     0.131804     0.130388 
   1964     85-89    0.193789     0.198059     0.195473 
   1964     90-94    0.271048     0.339710     0.297004 
   1964     95-99    0.297725     0.143954     0.262654 
   1964    100-104   0.000000     4.081633     1.438849 
   1964    105-109          .            .            . 
   1964    110+             .            .            . 
   1965        0     0.019189     0.029545     0.024545 
   1965      1-4     0.000795     0.000966     0.000882 
   1965      5-9     0.000409     0.000630     0.000522 
   1965     10-14    0.000264     0.000343     0.000304 
   1965     15-19    0.000566     0.001352     0.000968 
   1965     20-24    0.000859     0.001633     0.001256 
   1965     25-29    0.000452     0.001849     0.001177 
   1965     30-34    0.001210     0.001947     0.001591 
   1965     35-39    0.001303     0.002265     0.001794 
   1965     40-44    0.002639     0.005910     0.004130 
   1965     45-49    0.002841     0.007209     0.004977 
   1965     50-54    0.006392     0.011471     0.008892 
   1965     55-59    0.007676     0.018195     0.012794 
   1965     60-64    0.014493     0.032901     0.023094 
   1965     65-69    0.026618     0.043761     0.034261 
   1965     70-74    0.043746     0.064787     0.052865 
   1965     75-79    0.073693     0.099441     0.084446 
   1965     80-84    0.143859     0.174807     0.156326 
   1965     85-89    0.211092     0.281376     0.238539 
   1965     90-94    0.263657     0.242229     0.255627 
   1965     95-99    0.299722     0.561554     0.372095 
   1965    100-104   2.926829            .     2.926829 
   1965    105-109          .            .            . 
   1965    110+             .            .            . 
   1966        0     0.024375     0.029563     0.027003 
   1966      1-4     0.001583     0.001043     0.001307 
   1966      5-9     0.000402     0.000463     0.000433 
   1966     10-14    0.000086     0.000335     0.000212 
   1966     15-19    0.000000     0.000976     0.000496 
   1966     20-24    0.000285     0.002141     0.001244 
   1966     25-29    0.000809     0.001684     0.001262 
   1966     30-34    0.000882     0.002149     0.001537 
   1966     35-39    0.001203     0.002268     0.001752 
   1966     40-44    0.002798     0.004856     0.003748 
   1966     45-49    0.005187     0.006442     0.005788 
   1966     50-54    0.006532     0.011930     0.009184 
   1966     55-59    0.008784     0.020764     0.014609 
   1966     60-64    0.013256     0.028959     0.020568 
   1966     65-69    0.026216     0.044690     0.034513 
   1966     70-74    0.042632     0.068522     0.053737 
   1966     75-79    0.074627     0.102830     0.086247 
   1966     80-84    0.130376     0.153994     0.139772 
   1966     85-89    0.189226     0.237440     0.207681 
   1966     90-94    0.227280     0.293492     0.252169 
   1966     95-99    0.473017     0.491965     0.478779 
   1966    100-104   1.107011            .     1.107011 
   1966    105-109          .            .            . 
   1966    110+             .            .            . 
   1967        0     0.016559     0.023937     0.020335 
   1967      1-4     0.001394     0.000944     0.001164 
   1967      5-9     0.000641     0.000537     0.000588 
   1967     10-14    0.000421     0.000653     0.000538 
   1967     15-19    0.000453     0.001053     0.000756 
   1967     20-24    0.000476     0.001402     0.000957 
   1967     25-29    0.000541     0.001525     0.001047 
   1967     30-34    0.001169     0.001999     0.001599 
   1967     35-39    0.001301     0.003460     0.002419 
   1967     40-44    0.002526     0.003474     0.002973 
   1967     45-49    0.004546     0.007524     0.005946 
   1967     50-54    0.005433     0.011064     0.008201 
   1967     55-59    0.007996     0.018175     0.012924 
   1967     60-64    0.014792     0.031809     0.022726 
   1967     65-69    0.026524     0.046339     0.035424 
   1967     70-74    0.039474     0.073646     0.053935 
   1967     75-79    0.074027     0.108511     0.088098 
   1967     80-84    0.122241     0.161310     0.137619 
   1967     85-89    0.213623     0.231178     0.220355 
   1967     90-94    0.330769     0.333518     0.331786 
   1967     95-99    0.652399     0.491602     0.596978 
   1967    100-104   0.560592            .     0.560592 
   1967    105-109          .            .            . 
   1967    110+             .            .            . 
   1968        0     0.016517     0.016916     0.016724 
   1968      1-4     0.000504     0.001047     0.000783 
   1968      5-9     0.000713     0.000612     0.000662 
   1968     10-14    0.000166     0.000558     0.000365 
   1968     15-19    0.000268     0.000779     0.000527 
   1968     20-24    0.000661     0.002187     0.001450 
   1968     25-29    0.000633     0.001269     0.000961 
   1968     30-34    0.001711     0.001757     0.001735 
   1968     35-39    0.001153     0.002134     0.001661 
   1968     40-44    0.001917     0.003606     0.002736 
   1968     45-49    0.003144     0.007208     0.005017 
   1968     50-54    0.004790     0.011686     0.008182 
   1968     55-59    0.007334     0.019061     0.012997 
   1968     60-64    0.014456     0.032255     0.022766 
   1968     65-69    0.025243     0.042963     0.033154 
   1968     70-74    0.043890     0.071617     0.055520 
   1968     75-79    0.081496     0.102524     0.089979 
   1968     80-84    0.133031     0.152500     0.140649 
   1968     85-89    0.228823     0.215206     0.223547 
   1968     90-94    0.288170     0.202126     0.255870 
   1968     95-99    0.539210     0.247142     0.422487 
   1968    100-104   2.521498            .     2.521498 
   1968    105-109          .            .            . 
   1968    110+             .            .            . 
   1969        0     0.013941     0.020271     0.017200 
   1969      1-4     0.000617     0.000779     0.000700 
   1969      5-9     0.000472     0.000458     0.000465 
   1969     10-14    0.000490     0.000470     0.000479 
   1969     15-19    0.001133     0.001344     0.001240 
   1969     20-24    0.000557     0.002451     0.001530 
   1969     25-29    0.000644     0.001964     0.001326 
   1969     30-34    0.000895     0.001919     0.001424 
   1969     35-39    0.001422     0.002979     0.002225 
   1969     40-44    0.002399     0.003896     0.003146 
   1969     45-49    0.003762     0.007381     0.005399 
   1969     50-54    0.006647     0.011516     0.009039 
   1969     55-59    0.008206     0.018352     0.013097 
   1969     60-64    0.014014     0.033229     0.022946 
   1969     65-69    0.024093     0.044560     0.033211 
   1969     70-74    0.041548     0.071401     0.054001 
   1969     75-79    0.078405     0.106910     0.089823 
   1969     80-84    0.130901     0.151431     0.138948 
   1969     85-89    0.196155     0.212154     0.202306 
   1969     90-94    0.308255     0.388863     0.338591 
   1969     95-99    0.482848     0.394118     0.444748 
   1969    100-104          .            .            . 
   1969    105-109          .            .            . 
   1969    110+             .            .            . 
   1970        0     0.021637     0.027972     0.024862 
   1970      1-4     0.000843     0.000302     0.000566 
   1970      5-9     0.000236     0.000759     0.000502 
   1970     10-14    0.000323     0.000462     0.000394 
   1970     15-19    0.000677     0.001464     0.001079 
   1970     20-24    0.001084     0.001922     0.001510 
   1970     25-29    0.000931     0.002080     0.001526 
   1970     30-34    0.001246     0.002249     0.001764 
   1970     35-39    0.001547     0.002109     0.001837 
   1970     40-44    0.002845     0.004875     0.003877 
   1970     45-49    0.003620     0.005654     0.004538 
   1970     50-54    0.005734     0.013078     0.009287 
   1970     55-59    0.009132     0.020508     0.014591 
   1970     60-64    0.013093     0.027205     0.019658 
   1970     65-69    0.026336     0.043512     0.033965 
   1970     70-74    0.036778     0.072009     0.051409 
   1970     75-79    0.071855     0.097662     0.082119 
   1970     80-84    0.118114     0.157815     0.133453 
   1970     85-89    0.190271     0.243527     0.210112 
   1970     90-94    0.330885     0.338237     0.333582 
   1970     95-99    0.316817     0.602584     0.432743 
   1970    100-104          .     0.000000     0.000000 
   1970    105-109          .            .            . 
   1970    110+             .            .            . 
   1971        0     0.019315     0.026063     0.022793 
   1971      1-4     0.001095     0.001040     0.001067 
   1971      5-9     0.000555     0.000834     0.000698 
   1971     10-14    0.000320     0.000534     0.000429 
   1971     15-19    0.000410     0.000941     0.000681 
   1971     20-24    0.000351     0.001445     0.000906 
   1971     25-29    0.000646     0.001517     0.001101 
   1971     30-34    0.001336     0.001747     0.001548 
   1971     35-39    0.001327     0.003222     0.002305 
   1971     40-44    0.002654     0.004392     0.003548 
   1971     45-49    0.003532     0.006378     0.004838 
   1971     50-54    0.006639     0.011134     0.008770 
   1971     55-59    0.007192     0.020266     0.013440 
   1971     60-64    0.014482     0.029989     0.021717 
   1971     65-69    0.023958     0.053441     0.036947 
   1971     70-74    0.042264     0.072388     0.054845 
   1971     75-79    0.077778     0.106743     0.089145 
   1971     80-84    0.133372     0.163867     0.144894 
   1971     85-89    0.211003     0.224965     0.216089 
   1971     90-94    0.297193     0.356104     0.318209 
   1971     95-99    0.447877     0.513767     0.472490 
   1971    100-104   0.000000     4.137931     1.662050 
   1971    105-109          .            .            . 
   1971    110+             .            .            . 
   1972        0     0.011548     0.015325     0.013534 
   1972      1-4     0.000563     0.000952     0.000763 
   1972      5-9     0.000240     0.000452     0.000348 
   1972     10-14    0.000473     0.000378     0.000425 
   1972     15-19    0.000712     0.001283     0.001004 
   1972     20-24    0.000590     0.001218     0.000908 
   1972     25-29    0.000623     0.002078     0.001388 
   1972     30-34    0.001228     0.001880     0.001565 
   1972     35-39    0.001337     0.003530     0.002476 
   1972     40-44    0.002653     0.003795     0.003245 
   1972     45-49    0.004570     0.005481     0.004999 
   1972     50-54    0.006455     0.010351     0.008271 
   1972     55-59    0.008676     0.020211     0.014190 
   1972     60-64    0.012905     0.027941     0.019898 
   1972     65-69    0.024530     0.048546     0.035094 
   1972     70-74    0.039584     0.069396     0.052018 
   1972     75-79    0.072882     0.087960     0.078754 
   1972     80-84    0.114064     0.149329     0.127188 
   1972     85-89    0.174096     0.240892     0.198062 
   1972     90-94    0.268783     0.348110     0.295806 
   1972     95-99    0.341812     0.322215     0.334702 
   1972    100-104   0.000000     0.000000     0.000000 
   1972    105-109          .            .            . 
   1972    110+             .            .            . 
   1973        0     0.009644     0.019627     0.014842 
   1973      1-4     0.001278     0.001412     0.001347 
   1973      5-9     0.000403     0.000530     0.000468 
   1973     10-14    0.000390     0.000753     0.000574 
   1973     15-19    0.000627     0.001262     0.000953 
   1973     20-24    0.000404     0.001564     0.000992 
   1973     25-29    0.000868     0.001943     0.001434 
   1973     30-34    0.001134     0.002417     0.001800 
   1973     35-39    0.001244     0.002765     0.002036 
   1973     40-44    0.002857     0.003079     0.002972 
   1973     45-49    0.003272     0.006533     0.004857 
   1973     50-54    0.004914     0.010132     0.007302 
   1973     55-59    0.008523     0.018138     0.013138 
   1973     60-64    0.012892     0.033158     0.022278 
   1973     65-69    0.022744     0.046879     0.033383 
   1973     70-74    0.036876     0.073301     0.051907 
   1973     75-79    0.061283     0.097380     0.075210 
   1973     80-84    0.110105     0.167915     0.131101 
   1973     85-89    0.210482     0.227108     0.216393 
   1973     90-94    0.319542     0.284289     0.307604 
   1973     95-99    0.387783     0.494535     0.424295 
   1973    100-104   1.349666     0.665927     1.075623 
   1973    105-109          .            .            . 
   1973    110+             .            .            . 
   1974        0     0.008650     0.018508     0.013751 
   1974      1-4     0.000841     0.001564     0.001214 
   1974      5-9     0.000244     0.000846     0.000553 
   1974     10-14    0.000077     0.000223     0.000151 
   1974     15-19    0.000463     0.001546     0.001015 
   1974     20-24    0.000313     0.002252     0.001298 
   1974     25-29    0.000422     0.001523     0.000998 
   1974     30-34    0.000876     0.001520     0.001211 
   1974     35-39    0.000614     0.002816     0.001758 
   1974     40-44    0.002168     0.004456     0.003355 
   1974     45-49    0.003914     0.006380     0.005145 
   1974     50-54    0.005907     0.010704     0.008070 
   1974     55-59    0.010561     0.019323     0.014764 
   1974     60-64    0.014560     0.027219     0.020418 
   1974     65-69    0.022541     0.041331     0.030814 
   1974     70-74    0.044514     0.073306     0.056359 
   1974     75-79    0.073816     0.102677     0.084802 
   1974     80-84    0.115251     0.158592     0.130691 
   1974     85-89    0.191293     0.262307     0.216246 
   1974     90-94    0.276644     0.292523     0.282036 
   1974     95-99    0.527409     0.138536     0.382415 
   1974    100-104   0.917487     2.398406     1.455159 
   1974    105-109          .            .            . 
   1974    110+             .            .            . 
   1975        0     0.013139     0.016823     0.015033 
   1975      1-4     0.000741     0.000230     0.000477 
   1975      5-9     0.000496     0.000472     0.000484 
   1975     10-14    0.000077     0.000367     0.000225 
   1975     15-19    0.000375     0.002331     0.001366 
   1975     20-24    0.000604     0.002189     0.001409 
   1975     25-29    0.000972     0.002084     0.001550 
   1975     30-34    0.000701     0.002308     0.001541 
   1975     35-39    0.001124     0.001676     0.001411 
   1975     40-44    0.001615     0.005857     0.003806 
   1975     45-49    0.003845     0.007466     0.005688 
   1975     50-54    0.005543     0.010889     0.007953 
   1975     55-59    0.007816     0.017463     0.012380 
   1975     60-64    0.012883     0.029714     0.020651 
   1975     65-69    0.024121     0.043599     0.032738 
   1975     70-74    0.040578     0.069450     0.052451 
   1975     75-79    0.073211     0.103186     0.084543 
   1975     80-84    0.126932     0.151904     0.135826 
   1975     85-89    0.197704     0.213639     0.203158 
   1975     90-94    0.318241     0.282119     0.306052 
   1975     95-99    0.328920     0.216526     0.280426 
   1975    100-104   2.228782     4.109589     2.515120 
   1975    105-109          .            .            . 
   1975    110+             .            .            . 
   1976        0     0.015253     0.020515     0.017948 
   1976      1-4     0.000379     0.000946     0.000672 
   1976      5-9     0.000169     0.000241     0.000206 
   1976     10-14    0.000305     0.000368     0.000337 
   1976     15-19    0.000812     0.001660     0.001241 
   1976     20-24    0.000367     0.001946     0.001163 
   1976     25-29    0.000784     0.001094     0.000945 
   1976     30-34    0.000776     0.001870     0.001350 
   1976     35-39    0.001383     0.002978     0.002208 
   1976     40-44    0.002429     0.005034     0.003774 
   1976     45-49    0.003645     0.005659     0.004680 
   1976     50-54    0.005626     0.010966     0.008064 
   1976     55-59    0.006781     0.017650     0.011832 
   1976     60-64    0.012258     0.028646     0.019794 
   1976     65-69    0.022325     0.043733     0.031834 
   1976     70-74    0.043411     0.070952     0.054703 
   1976     75-79    0.073347     0.117515     0.090021 
   1976     80-84    0.116046     0.170461     0.135199 
   1976     85-89    0.228899     0.245389     0.234440 
   1976     90-94    0.334352     0.454979     0.373986 
   1976     95-99    0.412012     0.668223     0.513114 
   1976    100-104   1.143396     0.000000     0.709602 
   1976    105-109          .            .            . 
   1976    110+             .            .            . 
   1977        0     0.007421     0.014363     0.010996 
   1977      1-4     0.000772     0.001210     0.000997 
   1977      5-9     0.000086     0.000571     0.000335 
   1977     10-14    0.000077     0.000219     0.000149 
   1977     15-19    0.000367     0.001787     0.001083 
   1977     20-24    0.000430     0.001564     0.000997 
   1977     25-29    0.000535     0.001216     0.000885 
   1977     30-34    0.001177     0.002251     0.001742 
   1977     35-39    0.001462     0.003053     0.002281 
   1977     40-44    0.002472     0.004159     0.003345 
   1977     45-49    0.003008     0.005830     0.004463 
   1977     50-54    0.005331     0.010379     0.007690 
   1977     55-59    0.006516     0.016639     0.011136 
   1977     60-64    0.012209     0.026623     0.018845 
   1977     65-69    0.018804     0.041350     0.028785 
   1977     70-74    0.036222     0.067401     0.049019 
   1977     75-79    0.063676     0.101375     0.077800 
   1977     80-84    0.103824     0.161102     0.123452 
   1977     85-89    0.178545     0.233035     0.196383 
   1977     90-94    0.267179     0.296207     0.276235 
   1977     95-99    0.519325     0.399354     0.477803 
   1977    100-104   2.107826     1.887324     1.991763 
   1977    105-109          .            .            . 
   1977    110+             .            .            . 
   1978        0     0.010869     0.009729     0.010282 
   1978      1-4     0.001030     0.000982     0.001005 
   1978      5-9     0.000089     0.000420     0.000258 
   1978     10-14    0.000307     0.000439     0.000374 
   1978     15-19    0.000509     0.002063     0.001293 
   1978     20-24    0.000703     0.001556     0.001128 
   1978     25-29    0.000954     0.001680     0.001325 
   1978     30-34    0.000894     0.001093     0.000999 
   1978     35-39    0.001276     0.002628     0.001973 
   1978     40-44    0.001491     0.004316     0.002953 
   1978     45-49    0.003597     0.005904     0.004786 
   1978     50-54    0.004131     0.010363     0.007129 
   1978     55-59    0.008013     0.016828     0.011957 
   1978     60-64    0.012194     0.029450     0.020175 
   1978     65-69    0.019546     0.041088     0.029014 
   1978     70-74    0.032359     0.066714     0.046523 
   1978     75-79    0.066020     0.100159     0.078705 
   1978     80-84    0.115405     0.153675     0.128368 
   1978     85-89    0.178191     0.269385     0.206430 
   1978     90-94    0.277805     0.234121     0.264065 
   1978     95-99    0.419985     0.512642     0.452034 
   1978    100-104   0.791557     2.934307     1.544910 
   1978    105-109          .            .            . 
   1978    110+             .            .            . 
   1979        0     0.007758     0.017081     0.012522 
   1979      1-4     0.000764     0.000728     0.000745 
   1979      5-9     0.000459     0.000348     0.000402 
   1979     10-14    0.000232     0.000222     0.000227 
   1979     15-19    0.000655     0.001132     0.000896 
   1979     20-24    0.000556     0.001676     0.001113 
   1979     25-29    0.000928     0.001317     0.001125 
   1979     30-34    0.001184     0.002330     0.001787 
   1979     35-39    0.001107     0.002684     0.001923 
   1979     40-44    0.001385     0.003236     0.002339 
   1979     45-49    0.002838     0.006115     0.004523 
   1979     50-54    0.004238     0.008063     0.006124 
   1979     55-59    0.006762     0.017198     0.011360 
   1979     60-64    0.013384     0.023800     0.018191 
   1979     65-69    0.018869     0.039238     0.027774 
   1979     70-74    0.031558     0.064390     0.045078 
   1979     75-79    0.064147     0.095296     0.075670 
   1979     80-84    0.100981     0.145807     0.116111 
   1979     85-89    0.164353     0.188082     0.171447 
   1979     90-94    0.235885     0.341928     0.269317 
   1979     95-99    0.357289     0.384352     0.366237 
   1979    100-104   0.926606     0.000000     0.843424 
   1979    105-109          .            .            . 
   1979    110+             .            .            . 
   1980        0     0.013174     0.010035     0.011591 
   1980      1-4     0.000630     0.000479     0.000553 
   1980      5-9     0.000477     0.000269     0.000370 
   1980     10-14    0.000557     0.000305     0.000429 
   1980     15-19    0.000365     0.001279     0.000827 
   1980     20-24    0.000345     0.001321     0.000831 
   1980     25-29    0.000913     0.001240     0.001078 
   1980     30-34    0.000610     0.001103     0.000868 
   1980     35-39    0.001793     0.001804     0.001799 
   1980     40-44    0.002068     0.002919     0.002505 
   1980     45-49    0.002996     0.006172     0.004623 
   1980     50-54    0.005010     0.009342     0.007183 
   1980     55-59    0.007014     0.014249     0.010191 
   1980     60-64    0.013629     0.022728     0.017781 
   1980     65-69    0.016658     0.041099     0.027262 
   1980     70-74    0.035323     0.061564     0.046101 
   1980     75-79    0.055803     0.099192     0.071776 
   1980     80-84    0.124856     0.152939     0.134326 
   1980     85-89    0.182887     0.207571     0.190309 
   1980     90-94    0.258024     0.275785     0.263535 
   1980     95-99    0.386912     0.660701     0.463483 
   1980    100-104   1.511222     2.181818     1.635995 
   1980    105-109          .            .            . 
   1980    110+             .            .            . 
   1981        0     0.009100     0.018998     0.014163 
   1981      1-4     0.000996     0.000591     0.000789 
   1981      5-9     0.000297     0.000369     0.000334 
   1981     10-14    0.000163     0.000155     0.000159 
   1981     15-19    0.000735     0.001838     0.001294 
   1981     20-24    0.000412     0.001519     0.000961 
   1981     25-29    0.000619     0.002101     0.001362 
   1981     30-34    0.000521     0.001626     0.001096 
   1981     35-39    0.001181     0.002138     0.001681 
   1981     40-44    0.002498     0.003504     0.003013 
   1981     45-49    0.003683     0.006314     0.005027 
   1981     50-54    0.004800     0.008779     0.006814 
   1981     55-59    0.006703     0.014359     0.010102 
   1981     60-64    0.011121     0.024300     0.017018 
   1981     65-69    0.018557     0.038305     0.027090 
   1981     70-74    0.028751     0.057310     0.040457 
   1981     75-79    0.061314     0.089931     0.071776 
   1981     80-84    0.105262     0.150225     0.120441 
   1981     85-89    0.194708     0.208509     0.198861 
   1981     90-94    0.297895     0.398302     0.328274 
   1981     95-99    0.378581     0.492264     0.402484 
   1981    100-104   0.992629     1.117318     1.030717 
   1981    105-109          .            .            . 
   1981    110+             .            .            . 
   1982        0     0.011445     0.012569     0.012024 
   1982      1-4     0.000364     0.000812     0.000593 
   1982      5-9     0.000402     0.000473     0.000438 
   1982     10-14    0.000167     0.000640     0.000409 
   1982     15-19    0.000733     0.001345     0.001044 
   1982     20-24    0.000742     0.001451     0.001092 
   1982     25-29    0.000802     0.001748     0.001274 
   1982     30-34    0.000652     0.001153     0.000911 
   1982     35-39    0.001065     0.002614     0.001875 
   1982     40-44    0.001867     0.003938     0.002920 
   1982     45-49    0.003169     0.004890     0.004048 
   1982     50-54    0.004350     0.009981     0.007204 
   1982     55-59    0.007888     0.018178     0.012566 
   1982     60-64    0.010435     0.029365     0.018670 
   1982     65-69    0.019176     0.036106     0.026522 
   1982     70-74    0.030222     0.058905     0.041906 
   1982     75-79    0.056249     0.092804     0.069667 
   1982     80-84    0.105470     0.137199     0.116150 
   1982     85-89    0.164558     0.208933     0.177868 
   1982     90-94    0.247961     0.296508     0.262054 
   1982     95-99    0.473319     0.479744     0.474441 
   1982    100-104   2.140309     2.154399     2.145923 
   1982    105-109          .            .            . 
   1982    110+             .            .            . 
   1983        0     0.009120     0.013018     0.011100 
   1983      1-4     0.000120     0.000458     0.000293 
   1983      5-9     0.000202     0.000574     0.000393 
   1983     10-14    0.000000     0.000334     0.000171 
   1983     15-19    0.000298     0.000788     0.000548 
   1983     20-24    0.000469     0.001655     0.001054 
   1983     25-29    0.000860     0.001330     0.001094 
   1983     30-34    0.000641     0.001631     0.001147 
   1983     35-39    0.001446     0.002193     0.001837 
   1983     40-44    0.001781     0.004650     0.003243 
   1983     45-49    0.002812     0.004916     0.003883 
   1983     50-54    0.004076     0.007317     0.005715 
   1983     55-59    0.005611     0.012559     0.008863 
   1983     60-64    0.011459     0.023727     0.016674 
   1983     65-69    0.016453     0.037825     0.025763 
   1983     70-74    0.029590     0.058498     0.041301 
   1983     75-79    0.059235     0.104078     0.075730 
   1983     80-84    0.103777     0.150858     0.119538 
   1983     85-89    0.175490     0.217474     0.188015 
   1983     90-94    0.323631     0.293467     0.315022 
   1983     95-99    0.449750     0.450507     0.449888 
   1983    100-104   1.125704     4.411765     1.793722 
   1983    105-109          .            .            . 
   1983    110+             .            .            . 
   1984        0     0.011791     0.011586     0.011686 
   1984      1-4     0.000837     0.000689     0.000762 
   1984      5-9     0.000000     0.000287     0.000147 
   1984     10-14    0.000276     0.000262     0.000269 
   1984     15-19    0.000305     0.001103     0.000711 
   1984     20-24    0.000536     0.001639     0.001083 
   1984     25-29    0.000525     0.002253     0.001385 
   1984     30-34    0.000699     0.001626     0.001169 
   1984     35-39    0.001408     0.002568     0.002015 
   1984     40-44    0.001370     0.002760     0.002084 
   1984     45-49    0.002522     0.006750     0.004668 
   1984     50-54    0.005677     0.009751     0.007731 
   1984     55-59    0.006867     0.015066     0.010815 
   1984     60-64    0.010174     0.023992     0.015959 
   1984     65-69    0.017983     0.034875     0.025360 
   1984     70-74    0.030014     0.055029     0.040136 
   1984     75-79    0.051402     0.095533     0.067524 
   1984     80-84    0.100217     0.138048     0.112843 
   1984     85-89    0.170922     0.188484     0.176158 
   1984     90-94    0.279500     0.297819     0.284656 
   1984     95-99    0.184091     0.627812     0.271225 
   1984    100-104   0.995025     0.000000     0.896861 
   1984    105-109          .            .            . 
   1984    110+             .            .            . 
   1985        0     0.008534     0.009238     0.008900 
   1985      1-4     0.000362     0.001149     0.000765 
   1985      5-9     0.000200     0.000095     0.000146 
   1985     10-14    0.000289     0.000453     0.000373 
   1985     15-19    0.000547     0.001212     0.000885 
   1985     20-24    0.000335     0.001894     0.001111 
   1985     25-29    0.000780     0.001518     0.001146 
   1985     30-34    0.001234     0.001072     0.001152 
   1985     35-39    0.000758     0.001944     0.001377 
   1985     40-44    0.003021     0.003332     0.003182 
   1985     45-49    0.001813     0.005195     0.003529 
   1985     50-54    0.004168     0.007984     0.006087 
   1985     55-59    0.006761     0.014176     0.010404 
   1985     60-64    0.010121     0.021655     0.014952 
   1985     65-69    0.017278     0.036912     0.025749 
   1985     70-74    0.031761     0.055531     0.041355 
   1985     75-79    0.048205     0.095078     0.065357 
   1985     80-84    0.097913     0.136486     0.110694 
   1985     85-89    0.157761     0.219847     0.176088 
   1985     90-94    0.255052     0.284021     0.263051 
   1985     95-99    0.343485     0.651053     0.405635 
   1985    100-104   0.250209     4.166667     0.472069 
   1985    105-109          .            .            . 
   1985    110+             .            .            . 
   1986        0     0.004892     0.011070     0.008072 
   1986      1-4     0.000122     0.000115     0.000118 
   1986      5-9     0.000197     0.000282     0.000240 
   1986     10-14    0.000199     0.000281     0.000241 
   1986     15-19    0.000323     0.000699     0.000514 
   1986     20-24    0.000336     0.001277     0.000807 
   1986     25-29    0.000320     0.001299     0.000806 
   1986     30-34    0.000801     0.001055     0.000929 
   1986     35-39    0.000888     0.001910     0.001420 
   1986     40-44    0.001445     0.003260     0.002383 
   1986     45-49    0.002850     0.005314     0.004097 
   1986     50-54    0.003112     0.009389     0.006271 
   1986     55-59    0.005495     0.014007     0.009716 
   1986     60-64    0.008003     0.022366     0.014116 
   1986     65-69    0.015599     0.034653     0.023631 
   1986     70-74    0.026502     0.055385     0.038201 
   1986     75-79    0.048609     0.088757     0.063363 
   1986     80-84    0.102296     0.140336     0.114765 
   1986     85-89    0.163628     0.219957     0.179949 
   1986     90-94    0.258379     0.331492     0.278029 
   1986     95-99    0.491849     0.707786     0.538817 
   1986    100-104   0.646079     0.000000     0.626889 
   1986    105-109          .            .            . 
   1986    110+             .            .            . 
   1987        0     0.008093     0.010570     0.009353 
   1987      1-4     0.000486     0.000575     0.000532 
   1987      5-9     0.000194     0.000461     0.000331 
   1987     10-14    0.000101     0.000191     0.000148 
   1987     15-19    0.000418     0.001196     0.000816 
   1987     20-24    0.000545     0.001472     0.001013 
   1987     25-29    0.000378     0.001731     0.001049 
   1987     30-34    0.000521     0.001552     0.001039 
   1987     35-39    0.001162     0.002297     0.001750 
   1987     40-44    0.001568     0.003288     0.002460 
   1987     45-49    0.003096     0.005409     0.004263 
   1987     50-54    0.005579     0.007679     0.006639 
   1987     55-59    0.005771     0.014837     0.010280 
   1987     60-64    0.008723     0.021496     0.014309 
   1987     65-69    0.013362     0.032757     0.021340 
   1987     70-74    0.028449     0.051640     0.037917 
   1987     75-79    0.048364     0.083370     0.061193 
   1987     80-84    0.094621     0.141122     0.109817 
   1987     85-89    0.172891     0.191429     0.178275 
   1987     90-94    0.294462     0.323683     0.302044 
   1987     95-99    0.397790     0.483949     0.417898 
   1987    100-104   0.733972     4.347826     0.852459 
   1987    105-109          .            .            . 
   1987    110+             .            .            . 
   1988        0     0.008647     0.009342     0.008998 
   1988      1-4     0.000479     0.000113     0.000291 
   1988      5-9     0.000095     0.000182     0.000140 
   1988     10-14    0.000000     0.000478     0.000246 
   1988     15-19    0.000260     0.001402     0.000845 
   1988     20-24    0.000625     0.001879     0.001263 
   1988     25-29    0.000687     0.002145     0.001412 
   1988     30-34    0.000450     0.001265     0.000860 
   1988     35-39    0.000638     0.002341     0.001514 
   1988     40-44    0.001691     0.002517     0.002121 
   1988     45-49    0.002392     0.004574     0.003498 
   1988     50-54    0.003768     0.007666     0.005734 
   1988     55-59    0.005593     0.013663     0.009605 
   1988     60-64    0.010016     0.018161     0.013697 
   1988     65-69    0.015166     0.035188     0.023229 
   1988     70-74    0.025634     0.053560     0.037082 
   1988     75-79    0.047644     0.090832     0.063411 
   1988     80-84    0.081453     0.128591     0.096772 
   1988     85-89    0.136371     0.196712     0.153947 
   1988     90-94    0.237243     0.263266     0.243841 
   1988     95-99    0.360086     0.497138     0.392233 
   1988    100-104   0.750375     0.000000     0.728509 
   1988    105-109          .            .            . 
   1988    110+             .            .            . 
   1989        0     0.009170     0.010625     0.009907 
   1989      1-4     0.000116     0.000441     0.000282 
   1989      5-9     0.000000     0.000452     0.000230 
   1989     10-14    0.000497     0.000189     0.000339 
   1989     15-19    0.000359     0.000852     0.000612 
   1989     20-24    0.000495     0.001432     0.000972 
   1989     25-29    0.000560     0.001779     0.001174 
   1989     30-34    0.000443     0.001672     0.001064 
   1989     35-39    0.000899     0.001711     0.001315 
   1989     40-44    0.001721     0.002506     0.002131 
   1989     45-49    0.002493     0.004680     0.003612 
   1989     50-54    0.003453     0.007938     0.005712 
   1989     55-59    0.005781     0.013111     0.009413 
   1989     60-64    0.009656     0.020377     0.014649 
   1989     65-69    0.016078     0.034942     0.023574 
   1989     70-74    0.026500     0.047520     0.035100 
   1989     75-79    0.047260     0.081552     0.059841 
   1989     80-84    0.090981     0.133434     0.104635 
   1989     85-89    0.162727     0.200344     0.173636 
   1989     90-94    0.270382     0.227763     0.259463 
   1989     95-99    0.417622     0.582829     0.453150 
   1989    100-104   1.500000     2.334630     1.570075 
   1989    105-109          .            .            . 
   1989    110+             .            .            . 
   1990        0     0.007296     0.007649     0.007478 
   1990      1-4     0.000441     0.000530     0.000486 
   1990      5-9     0.000469     0.000089     0.000274 
   1990     10-14    0.000194     0.000186     0.000190 
   1990     15-19    0.000093     0.001050     0.000585 
   1990     20-24    0.000431     0.001176     0.000810 
   1990     25-29    0.000371     0.001253     0.000820 
   1990     30-34    0.000810     0.001155     0.000985 
   1990     35-39    0.001419     0.002188     0.001813 
   1990     40-44    0.001658     0.002685     0.002195 
   1990     45-49    0.002423     0.005634     0.004075 
   1990     50-54    0.004823     0.006983     0.005913 
   1990     55-59    0.006367     0.010850     0.008581 
   1990     60-64    0.008692     0.018387     0.013315 
   1990     65-69    0.015702     0.030598     0.021631 
   1990     70-74    0.024569     0.050852     0.035147 
   1990     75-79    0.040726     0.069148     0.051193 
   1990     80-84    0.080629     0.122514     0.094102 
   1990     85-89    0.156089     0.202498     0.169427 
   1990     90-94    0.250863     0.243024     0.248810 
   1990     95-99    0.315675     0.523903     0.357231 
   1990    100-104   1.486989     4.316547     1.711352 
   1990    105-109          .            .            . 
   1990    110+             .            .            . 
   1991        0     0.009150     0.009272     0.009213 
   1991      1-4     0.000317     0.000406     0.000362 
   1991      5-9     0.000372     0.000439     0.000407 
   1991     10-14    0.000000     0.000272     0.000139 
   1991     15-19    0.000474     0.001696     0.001103 
   1991     20-24    0.000073     0.001602     0.000857 
   1991     25-29    0.000245     0.001170     0.000718 
   1991     30-34    0.000551     0.002017     0.001295 
   1991     35-39    0.001704     0.001950     0.001830 
   1991     40-44    0.002130     0.003019     0.002594 
   1991     45-49    0.002298     0.004689     0.003534 
   1991     50-54    0.003591     0.008305     0.005962 
   1991     55-59    0.005229     0.012001     0.008578 
   1991     60-64    0.008586     0.016664     0.012489 
   1991     65-69    0.012688     0.027035     0.018495 
   1991     70-74    0.023055     0.047835     0.032819 
   1991     75-79    0.039547     0.068877     0.050416 
   1991     80-84    0.078854     0.117469     0.091373 
   1991     85-89    0.151566     0.197375     0.164586 
   1991     90-94    0.253043     0.263736     0.255844 
   1991     95-99    0.376169     0.414365     0.384287 
   1991    100-104   0.537433            .     0.537433 
   1991    105-109          .            .            . 
   1991    110+             .            .            . 
   1992        0     0.008042     0.009216     0.008643 
   1992      1-4     0.000204     0.000584     0.000398 
   1992      5-9     0.000273     0.000433     0.000355 
   1992     10-14    0.000000     0.000089     0.000045 
   1992     15-19    0.000383     0.000997     0.000699 
   1992     20-24    0.000821     0.001130     0.000980 
   1992     25-29    0.000365     0.000980     0.000681 
   1992     30-34    0.000958     0.001745     0.001357 
   1992     35-39    0.001211     0.002396     0.001814 
   1992     40-44    0.001876     0.002915     0.002418 
   1992     45-49    0.002888     0.004437     0.003692 
   1992     50-54    0.004015     0.007357     0.005693 
   1992     55-59    0.004263     0.011951     0.008077 
   1992     60-64    0.010211     0.018048     0.014018 
   1992     65-69    0.013872     0.030845     0.020964 
   1992     70-74    0.023688     0.048284     0.033181 
   1992     75-79    0.046493     0.081856     0.059670 
   1992     80-84    0.088561     0.122362     0.099579 
   1992     85-89    0.157294     0.193975     0.167696 
   1992     90-94    0.227319     0.294630     0.244640 
   1992     95-99    0.405249     0.363316     0.395769 
   1992    100-104   0.276243     0.000000     0.255918 
   1992    105-109          .            .            . 
   1992    110+             .            .            . 
   1993        0     0.005092     0.006968     0.006061 
   1993      1-4     0.000397     0.000376     0.000386 
   1993      5-9     0.000000     0.000589     0.000302 
   1993     10-14    0.000182     0.000523     0.000356 
   1993     15-19    0.000477     0.000815     0.000650 
   1993     20-24    0.000455     0.002097     0.001295 
   1993     25-29    0.000427     0.001153     0.000800 
   1993     30-34    0.000584     0.001601     0.001098 
   1993     35-39    0.001124     0.002585     0.001869 
   1993     40-44    0.001409     0.002492     0.001970 
   1993     45-49    0.002334     0.004081     0.003243 
   1993     50-54    0.003637     0.006883     0.005275 
   1993     55-59    0.006000     0.010115     0.008043 
   1993     60-64    0.007726     0.018058     0.012746 
   1993     65-69    0.013039     0.028469     0.019730 
   1993     70-74    0.022042     0.050404     0.032786 
   1993     75-79    0.043953     0.078947     0.057022 
   1993     80-84    0.084690     0.127678     0.098784 
   1993     85-89    0.140986     0.178890     0.151657 
   1993     90-94    0.270089     0.282035     0.273158 
   1993     95-99    0.346520     0.292412     0.334154 
   1993    100-104   0.155139     2.193784     0.289785 
   1993    105-109          .            .            . 
   1993    110+             .            .            . 
   1994        0     0.006083     0.004650     0.005345 
   1994      1-4     0.000193     0.000456     0.000329 
   1994      5-9     0.000085     0.000163     0.000125 
   1994     10-14    0.000179     0.000086     0.000132 
   1994     15-19    0.000563     0.000805     0.000687 
   1994     20-24    0.000464     0.001266     0.000872 
   1994     25-29    0.000428     0.001757     0.001107 
   1994     30-34    0.000802     0.001453     0.001132 
   1994     35-39    0.000735     0.002248     0.001505 
   1994     40-44    0.001371     0.003234     0.002330 
   1994     45-49    0.002108     0.003293     0.002726 
   1994     50-54    0.003294     0.007212     0.005286 
   1994     55-59    0.005374     0.011071     0.008205 
   1994     60-64    0.007744     0.014472     0.011001 
   1994     65-69    0.012692     0.026955     0.019091 
   1994     70-74    0.021951     0.047859     0.031613 
   1994     75-79    0.042316     0.073137     0.053789 
   1994     80-84    0.083419     0.112120     0.092930 
   1994     85-89    0.133877     0.186036     0.148458 
   1994     90-94    0.264836     0.276970     0.267962 
   1994     95-99    0.316448     0.486319     0.354258 
   1994    100-104   0.670013     0.000000     0.631148 
   1994    105-109          .            .            . 
   1994    110+             .            .            . 
   1995        0     0.006340     0.004659     0.005483 
   1995      1-4     0.000000     0.000710     0.000366 
   1995      5-9     0.000000     0.000157     0.000080 
   1995     10-14    0.000000     0.000255     0.000131 
   1995     15-19    0.000734     0.000617     0.000674 
   1995     20-24    0.000705     0.000991     0.000850 
   1995     25-29    0.000307     0.001426     0.000876 
   1995     30-34    0.000844     0.001365     0.001109 
   1995     35-39    0.000540     0.002156     0.001359 
   1995     40-44    0.001468     0.002850     0.002177 
   1995     45-49    0.002177     0.003989     0.003123 
   1995     50-54    0.003918     0.007268     0.005628 
   1995     55-59    0.003502     0.012524     0.007989 
   1995     60-64    0.009204     0.018371     0.013624 
   1995     65-69    0.012373     0.030012     0.020492 
   1995     70-74    0.022052     0.040510     0.028943 
   1995     75-79    0.038511     0.070857     0.050314 
   1995     80-84    0.073022     0.122607     0.089583 
   1995     85-89    0.126630     0.185037     0.142941 
   1995     90-94    0.230270     0.250892     0.235466 
   1995     95-99    0.342096     0.563557     0.388568 
   1995    100-104   0.364697     0.597610     0.390033 
   1995    105-109   0.000000            .     0.000000 
   1995    110+             .            .            . 
   1996        0     0.005233     0.004855     0.005037 
   1996      1-4     0.000554     0.000438     0.000494 
   1996      5-9     0.000238     0.000076     0.000155 
   1996     10-14    0.000000     0.000419     0.000216 
   1996     15-19    0.000629     0.000605     0.000617 
   1996     20-24    0.000477     0.001171     0.000827 
   1996     25-29    0.000495     0.001201     0.000853 
   1996     30-34    0.001000     0.001608     0.001310 
   1996     35-39    0.001351     0.002056     0.001709 
   1996     40-44    0.001354     0.002176     0.001772 
   1996     45-49    0.002780     0.003893     0.003360 
   1996     50-54    0.002648     0.006323     0.004534 
   1996     55-59    0.005534     0.011433     0.008459 
   1996     60-64    0.006937     0.020376     0.013423 
   1996     65-69    0.012949     0.027520     0.019742 
   1996     70-74    0.019876     0.040209     0.027626 
   1996     75-79    0.036943     0.078671     0.051817 
   1996     80-84    0.074592     0.111794     0.087060 
   1996     85-89    0.139241     0.187004     0.152546 
   1996     90-94    0.252125     0.267128     0.255887 
   1996     95-99    0.392279     0.674979     0.446333 
   1996    100-104   0.275166     0.458716     0.299103 
   1996    105-109   0.000000            .     0.000000 
   1996    110+             .            .            . 
   1997        0     0.005245     0.003115     0.004138 
   1997      1-4     0.000272     0.000256     0.000264 
   1997      5-9     0.000232     0.000074     0.000152 
   1997     10-14    0.000175     0.000083     0.000127 
   1997     15-19    0.000266     0.000592     0.000433 
   1997     20-24    0.000650     0.001528     0.001091 
   1997     25-29    0.000559     0.000792     0.000677 
   1997     30-34    0.000442     0.001324     0.000892 
   1997     35-39    0.001036     0.001736     0.001390 
   1997     40-44    0.001627     0.002803     0.002223 
   1997     45-49    0.002438     0.003180     0.002824 
   1997     50-54    0.003058     0.007000     0.005089 
   1997     55-59    0.005148     0.008859     0.006986 
   1997     60-64    0.009492     0.016536     0.012904 
   1997     65-69    0.012490     0.026598     0.019106 
   1997     70-74    0.022837     0.045616     0.031814 
   1997     75-79    0.036886     0.071720     0.049086 
   1997     80-84    0.080951     0.110707     0.090979 
   1997     85-89    0.147363     0.187025     0.158442 
   1997     90-94    0.228979     0.280011     0.241777 
   1997     95-99    0.377592     0.295434     0.362203 
   1997    100-104   0.375940     0.445765     0.384545 
   1997    105-109   0.000000            .     0.000000 
   1997    110+             .            .            . 
   1998        0     0.004619     0.005344     0.004996 
   1998      1-4     0.000450     0.000252     0.000347 
   1998      5-9     0.000076     0.000144     0.000110 
   1998     10-14    0.000171     0.000242     0.000207 
   1998     15-19    0.000350     0.000501     0.000427 
   1998     20-24    0.000000     0.000810     0.000408 
   1998     25-29    0.000567     0.001241     0.000907 
   1998     30-34    0.000497     0.001588     0.001054 
   1998     35-39    0.000674     0.001860     0.001275 
   1998     40-44    0.001598     0.003213     0.002419 
   1998     45-49    0.002025     0.004255     0.003176 
   1998     50-54    0.003623     0.006783     0.005255 
   1998     55-59    0.004486     0.010171     0.007320 
   1998     60-64    0.007514     0.017159     0.012179 
   1998     65-69    0.013107     0.023971     0.018208 
   1998     70-74    0.021394     0.039291     0.028730 
   1998     75-79    0.037168     0.064388     0.046600 
   1998     80-84    0.074360     0.134354     0.094504 
   1998     85-89    0.143542     0.176997     0.152998 
   1998     90-94    0.224421     0.311221     0.245523 
   1998     95-99    0.260934     0.409852     0.290634 
   1998    100-104   0.505742     1.351351     0.578090 
   1998    105-109   1.348315            .     1.348315 
   1998    110+             .            .            . 
   1999        0     0.003436     0.006032     0.004781 
   1999      1-4     0.000180     0.000252     0.000217 
   1999      5-9     0.000147     0.000139     0.000143 
   1999     10-14    0.000083     0.000236     0.000161 
   1999     15-19    0.000086     0.000661     0.000380 
   1999     20-24    0.000163     0.001274     0.000725 
   1999     25-29    0.000579     0.001576     0.001082 
   1999     30-34    0.000387     0.001067     0.000733 
   1999     35-39    0.000606     0.001439     0.001029 
   1999     40-44    0.001086     0.001805     0.001452 
   1999     45-49    0.003132     0.004132     0.003645 
   1999     50-54    0.003358     0.005808     0.004628 
   1999     55-59    0.004486     0.008706     0.006607 
   1999     60-64    0.006369     0.014579     0.010343 
   1999     65-69    0.012635     0.024050     0.017977 
   1999     70-74    0.019226     0.043201     0.029430 
   1999     75-79    0.037769     0.069907     0.048763 
   1999     80-84    0.071275     0.105931     0.082794 
   1999     85-89    0.130941     0.174943     0.143492 
   1999     90-94    0.232934     0.275588     0.243106 
   1999     95-99    0.314982     0.414436     0.334821 
   1999    100-104   0.872093     0.847458     0.869986 
   1999    105-109   1.935484            .     1.935484 
   1999    110+             .            .            . 
   2000        0     0.004442     0.005880     0.005186 
   2000      1-4     0.000181     0.000254     0.000219 
   2000      5-9     0.000072     0.000206     0.000141 
   2000     10-14    0.000000     0.000076     0.000039 
   2000     15-19    0.000169     0.000402     0.000288 
   2000     20-24    0.000239     0.001167     0.000708 
   2000     25-29    0.000386     0.001596     0.000993 
   2000     30-34    0.000703     0.001434     0.001072 
   2000     35-39    0.000536     0.001445     0.000999 
   2000     40-44    0.001875     0.002267     0.002074 
   2000     45-49    0.001602     0.003824     0.002739 
   2000     50-54    0.003342     0.005229     0.004320 
   2000     55-59    0.006181     0.009643     0.007931 
   2000     60-64    0.006863     0.015184     0.010911 
   2000     65-69    0.009963     0.024634     0.016817 
   2000     70-74    0.020206     0.036791     0.027483 
   2000     75-79    0.034190     0.060759     0.043382 
   2000     80-84    0.069585     0.119515     0.085751 
   2000     85-89    0.130308     0.179314     0.144362 
   2000     90-94    0.202320     0.275007     0.219647 
   2000     95-99    0.360728     0.380851     0.364708 
   2000    100-104   0.397667     0.526316     0.414556 
   2000    105-109          .            .            . 
   2000    110+             .            .            . 
   2001        0     0.005218     0.006296     0.005774 
   2001      1-4     0.000362     0.000598     0.000483 
   2001      5-9     0.000000     0.000137     0.000070 
   2001     10-14    0.000537     0.000147     0.000338 
   2001     15-19    0.000495     0.000551     0.000524 
   2001     20-24    0.000234     0.000919     0.000580 
   2001     25-29    0.000450     0.001295     0.000871 
   2001     30-34    0.000956     0.001005     0.000981 
   2001     35-39    0.000468     0.001507     0.000997 
   2001     40-44    0.001653     0.002419     0.002043 
   2001     45-49    0.001943     0.003893     0.002933 
   2001     50-54    0.003141     0.004738     0.003968 
   2001     55-59    0.005464     0.008726     0.007124 
   2001     60-64    0.006276     0.015461     0.010744 
   2001     65-69    0.011503     0.023647     0.017196 
   2001     70-74    0.019904     0.033324     0.025909 
   2001     75-79    0.035303     0.058701     0.043659 
   2001     80-84    0.068489     0.095184     0.076978 
   2001     85-89    0.132999     0.181112     0.146834 
   2001     90-94    0.190521     0.276295     0.210506 
   2001     95-99    0.351324     0.385404     0.358328 
   2001    100-104   0.519931     2.388060     0.684751 
   2001    105-109          .            .            . 
   2001    110+             .            .            . 
   2002        0     0.004573     0.005447     0.005021 
   2002      1-4     0.000181     0.000600     0.000396 
   2002      5-9     0.000071     0.000270     0.000173 
   2002     10-14    0.000075     0.000504     0.000294 
   2002     15-19    0.000245     0.000938     0.000599 
   2002     20-24    0.000233     0.001068     0.000655 
   2002     25-29    0.000131     0.001118     0.000624 
   2002     30-34    0.000537     0.001288     0.000912 
   2002     35-39    0.000718     0.001634     0.001184 
   2002     40-44    0.001119     0.002102     0.001620 
   2002     45-49    0.002500     0.003427     0.002968 
   2002     50-54    0.003372     0.005204     0.004319 
   2002     55-59    0.005214     0.010637     0.007986 
   2002     60-64    0.006419     0.014170     0.010187 
   2002     65-69    0.009588     0.023240     0.016023 
   2002     70-74    0.019554     0.038639     0.028161 
   2002     75-79    0.038152     0.057336     0.045247 
   2002     80-84    0.061101     0.094920     0.071763 
   2002     85-89    0.118877     0.175285     0.134983 
   2002     90-94    0.202751     0.247961     0.213113 
   2002     95-99    0.321571     0.443038     0.347199 
   2002    100-104   0.227808     0.854701     0.259534 
   2002    105-109          .            .            . 
   2002    110+             .            .            . 
   2003        0     0.003942     0.005781     0.004902 
   2003      1-4     0.000091     0.000171     0.000132 
   2003      5-9     0.000070     0.000135     0.000103 
   2003     10-14    0.000222     0.000140     0.000180 
   2003     15-19    0.000240     0.000306     0.000274 
   2003     20-24    0.000077     0.001272     0.000682 
   2003     25-29    0.000330     0.001055     0.000692 
   2003     30-34    0.000437     0.001149     0.000792 
   2003     35-39    0.000761     0.001277     0.001023 
   2003     40-44    0.000983     0.002272     0.001638 
   2003     45-49    0.001705     0.003561     0.002644 
   2003     50-54    0.002283     0.005720     0.004052 
   2003     55-59    0.004039     0.009362     0.006768 
   2003     60-64    0.008063     0.013723     0.010830 
   2003     65-69    0.013443     0.025064     0.018924 
   2003     70-74    0.021259     0.038539     0.029042 
   2003     75-79    0.036581     0.058701     0.045143 
   2003     80-84    0.067554     0.108425     0.080230 
   2003     85-89    0.147125     0.212062     0.165443 
   2003     90-94    0.214945     0.299061     0.234254 
   2003     95-99    0.387818     0.383981     0.387039 
   2003    100-104   0.723880     0.000000     0.617115 
   2003    105-109   0.000000            .     0.000000 
   2003    110+             .            .            . 
   2004        0     0.004313     0.003560     0.003918 
   2004      1-4     0.000000     0.000343     0.000177 
   2004      5-9     0.000070     0.000000     0.000034 
   2004     10-14    0.000000     0.000137     0.000070 
   2004     15-19    0.000156     0.000674     0.000420 
   2004     20-24    0.000601     0.001081     0.000846 
   2004     25-29    0.000461     0.001175     0.000820 
   2004     30-34    0.000389     0.001115     0.000751 
   2004     35-39    0.000556     0.001330     0.000948 
   2004     40-44    0.000743     0.002106     0.001435 
   2004     45-49    0.002083     0.003917     0.003015 
   2004     50-54    0.002214     0.006532     0.004424 
   2004     55-59    0.004289     0.006437     0.005392 
   2004     60-64    0.006508     0.013835     0.010125 
   2004     65-69    0.009285     0.017769     0.013284 
   2004     70-74    0.017151     0.032439     0.024034 
   2004     75-79    0.030427     0.053614     0.039742 
   2004     80-84    0.059295     0.093991     0.070060 
   2004     85-89    0.105595     0.191322     0.129351 
   2004     90-94    0.208072     0.262941     0.220795 
   2004     95-99    0.383241     0.326216     0.372230 
   2004    100-104   0.447539     0.466321     0.452091 
   2004    105-109   4.137931            .     4.137931 
   2004    110+             .            .            . 
   2005        0     0.003463     0.001787     0.002594 
   2005      1-4     0.000185     0.000172     0.000178 
   2005      5-9     0.000209     0.000133     0.000170 
   2005     10-14    0.000071     0.000270     0.000173 
   2005     15-19    0.000076     0.000146     0.000111 
   2005     20-24    0.000370     0.001195     0.000793 
   2005     25-29    0.000392     0.000709     0.000551 
   2005     30-34    0.000225     0.000845     0.000534 
   2005     35-39    0.000907     0.001541     0.001226 
   2005     40-44    0.000828     0.001496     0.001168 
   2005     45-49    0.001273     0.002913     0.002106 
   2005     50-54    0.002614     0.005015     0.003839 
   2005     55-59    0.004805     0.007936     0.006412 
   2005     60-64    0.006339     0.014639     0.010466 
   2005     65-69    0.009867     0.019291     0.014328 
   2005     70-74    0.017393     0.033322     0.024568 
   2005     75-79    0.031692     0.051112     0.039709 
   2005     80-84    0.061294     0.084013     0.068507 
   2005     85-89    0.109821     0.167332     0.125283 
   2005     90-94    0.207069     0.245733     0.216144 
   2005     95-99    0.334946     0.392899     0.345878 
   2005    100-104   0.420256     0.494234     0.435292 
   2005    105-109          .            .            . 
   2005    110+             .            .            . 
   2006        0     0.001900     0.003214     0.002577 
   2006      1-4     0.000279     0.000086     0.000179 
   2006      5-9     0.000069     0.000132     0.000102 
   2006     10-14    0.000000     0.000132     0.000068 
   2006     15-19    0.000222     0.000142     0.000181 
   2006     20-24    0.000292     0.000904     0.000605 
   2006     25-29    0.000637     0.000442     0.000540 
   2006     30-34    0.000395     0.000736     0.000565 
   2006     35-39    0.000854     0.001645     0.001251 
   2006     40-44    0.001065     0.002284     0.001687 
   2006     45-49    0.002023     0.003205     0.002624 
   2006     50-54    0.003621     0.005705     0.004679 
   2006     55-59    0.003921     0.008712     0.006382 
   2006     60-64    0.007528     0.013623     0.010580 
   2006     65-69    0.009438     0.019999     0.014438 
   2006     70-74    0.016524     0.030769     0.022956 
   2006     75-79    0.032177     0.050892     0.040072 
   2006     80-84    0.058314     0.079472     0.065231 
   2006     85-89    0.117495     0.141148     0.123951 
   2006     90-94    0.246411     0.282811     0.254845 
   2006     95-99    0.300337     0.287671     0.297942 
   2006    100-104   0.434211     0.127660     0.361809 
   2006    105-109   0.000000            .     0.000000 
   2006    110+             .            .            . 
   2007        0     0.000740     0.002871     0.001821 
   2007      1-4     0.000370     0.000427     0.000400 
   2007      5-9     0.000070     0.000000     0.000034 
   2007     10-14    0.000339     0.000000     0.000166 
   2007     15-19    0.000290     0.000415     0.000354 
   2007     20-24    0.000288     0.000828     0.000564 
   2007     25-29    0.000309     0.000801     0.000555 
   2007     30-34    0.000394     0.001415     0.000903 
   2007     35-39    0.000605     0.000802     0.000704 
   2007     40-44    0.000497     0.001569     0.001045 
   2007     45-49    0.001811     0.003058     0.002447 
   2007     50-54    0.002808     0.004820     0.003825 
   2007     55-59    0.004364     0.007423     0.005935 
   2007     60-64    0.007207     0.012265     0.009753 
   2007     65-69    0.012359     0.019957     0.015951 
   2007     70-74    0.015610     0.033553     0.023778 
   2007     75-79    0.032628     0.052944     0.041297 
   2007     80-84    0.056825     0.096281     0.070181 
   2007     85-89    0.111126     0.151826     0.122310 
   2007     90-94    0.205479     0.310194     0.229240 
   2007     95-99    0.364336     0.507245     0.389846 
   2007    100-104   0.705882     0.562500     0.663594 
   2007    105-109   0.600000            .     0.600000 
   2007    110+             .            .            . 
   2008        0     0.001836     0.001777     0.001806 
   2008      1-4     0.000364     0.000255     0.000308 
   2008      5-9     0.000070     0.000132     0.000102 
   2008     10-14    0.000067     0.000129     0.000099 
   2008     15-19    0.000356     0.000540     0.000450 
   2008     20-24    0.000495     0.000407     0.000450 
   2008     25-29    0.000240     0.001016     0.000629 
   2008     30-34    0.000221     0.000556     0.000388 
   2008     35-39    0.000505     0.001058     0.000782 
   2008     40-44    0.000488     0.001636     0.001075 
   2008     45-49    0.001283     0.001893     0.001595 
   2008     50-54    0.002849     0.004724     0.003799 
   2008     55-59    0.004903     0.006601     0.005772 
   2008     60-64    0.005482     0.011130     0.008339 
   2008     65-69    0.009045     0.017881     0.013248 
   2008     70-74    0.014947     0.026949     0.020419 
   2008     75-79    0.029373     0.048421     0.037521 
   2008     80-84    0.055983     0.082833     0.065564 
   2008     85-89    0.109487     0.136291     0.116773 
   2008     90-94    0.196489     0.330052     0.225327 
   2008     95-99    0.319205     0.286779     0.313577 
   2008    100-104   0.507937     0.363636     0.470588 
   2008    105-109   2.400000     0.000000     1.500000 
   2008    110+             .            .            . 
   2009        0     0.003305     0.001728     0.002492 
   2009      1-4     0.000089     0.000424     0.000261 
   2009      5-9     0.000069     0.000130     0.000101 
   2009     10-14    0.000000     0.000192     0.000098 
   2009     15-19    0.000139     0.000330     0.000238 
   2009     20-24    0.000000     0.000533     0.000271 
   2009     25-29    0.000235     0.000580     0.000408 
   2009     30-34    0.000540     0.000650     0.000595 
   2009     35-39    0.000354     0.001366     0.000860 
   2009     40-44    0.000629     0.001486     0.001066 
   2009     45-49    0.001554     0.002371     0.001972 
   2009     50-54    0.003608     0.005192     0.004414 
   2009     55-59    0.004053     0.006723     0.005413 
   2009     60-64    0.006688     0.010881     0.008815 
   2009     65-69    0.009298     0.015949     0.012504 
   2009     70-74    0.015540     0.026837     0.020693 
   2009     75-79    0.027788     0.046239     0.035710 
   2009     80-84    0.055780     0.081854     0.065453 
   2009     85-89    0.104109     0.146979     0.115927 
   2009     90-94    0.160699     0.266294     0.183560 
   2009     95-99    0.344178     0.424338     0.358358 
   2009    100-104   0.551978     0.491803     0.538793 
   2009    105-109   0.000000     0.000000     0.000000 
   2009    110+             .            .            . 
   2010        0     0.002841     0.004090     0.003478 
   2010      1-4     0.000265     0.000084     0.000172 
   2010      5-9     0.000000     0.000000     0.000000 
   2010     10-14    0.000067     0.000063     0.000065 
   2010     15-19    0.000204     0.000260     0.000233 
   2010     20-24    0.000135     0.000911     0.000530 
   2010     25-29    0.000404     0.000509     0.000457 
   2010     30-34    0.000480     0.000743     0.000612 
   2010     35-39    0.000403     0.001061     0.000732 
   2010     40-44    0.000911     0.001391     0.001155 
   2010     45-49    0.002220     0.003144     0.002696 
   2010     50-54    0.002296     0.004248     0.003291 
   2010     55-59    0.004059     0.007364     0.005742 
   2010     60-64    0.005832     0.010041     0.007964 
   2010     65-69    0.009219     0.017297     0.013145 
   2010     70-74    0.013127     0.029040     0.020419 
   2010     75-79    0.026803     0.044942     0.034620 
   2010     80-84    0.050408     0.088301     0.064862 
   2010     85-89    0.102197     0.143823     0.113800 
   2010     90-94    0.188728     0.273051     0.207049 
   2010     95-99    0.321367     0.308228     0.319083 
   2010    100-104   0.388907     0.625000     0.431835 
   2010    105-109   0.600000     0.000000     0.375000 
   2010    110+             .            .            . 
   2011        0     0.002788     0.005365     0.004101 
   2011      1-4     0.000087     0.000166     0.000127 
   2011      5-9     0.000070     0.000065     0.000068 
   2011     10-14    0.000066     0.000000     0.000032 
   2011     15-19    0.000331     0.000189     0.000258 
   2011     20-24    0.000260     0.000623     0.000446 
   2011     25-29    0.000281     0.000551     0.000417 
   2011     30-34    0.000257     0.000465     0.000361 
   2011     35-39    0.000554     0.000750     0.000653 
   2011     40-44    0.000664     0.001099     0.000886 
   2011     45-49    0.001776     0.002429     0.002115 
   2011     50-54    0.002609     0.004396     0.003524 
   2011     55-59    0.003264     0.006874     0.005100 
   2011     60-64    0.007133     0.011399     0.009294 
   2011     65-69    0.009051     0.016762     0.012836 
   2011     70-74    0.014490     0.028322     0.020826 
   2011     75-79    0.027132     0.041408     0.033297 
   2011     80-84    0.050913     0.082284     0.063268 
   2011     85-89    0.097879     0.147515     0.111972 
   2011     90-94    0.192162     0.226561     0.199849 
   2011     95-99    0.320324     0.424248     0.337425 
   2011    100-104   0.667037     0.612245     0.656163 
   2011    105-109   0.857143     0.857143     0.857143 
   2011    110+             .            .            . 
   2012        0     0.002430     0.002624     0.002530 
   2012      1-4     0.000000     0.000082     0.000042 
   2012      5-9     0.000000     0.000000     0.000000 
   2012     10-14    0.000066     0.000063     0.000064 
   2012     15-19    0.000193     0.000674     0.000440 
   2012     20-24    0.000377     0.000358     0.000367 
   2012     25-29    0.000327     0.000747     0.000539 
   2012     30-34    0.000246     0.000696     0.000470 
   2012     35-39    0.000699     0.001183     0.000942 
   2012     40-44    0.000567     0.000996     0.000786 
   2012     45-49    0.001010     0.002038     0.001545 
   2012     50-54    0.002798     0.004379     0.003610 
   2012     55-59    0.003399     0.007616     0.005542 
   2012     60-64    0.005846     0.010268     0.008087 
   2012     65-69    0.009597     0.017863     0.013688 
   2012     70-74    0.014442     0.024929     0.019248 
   2012     75-79    0.024307     0.039238     0.030808 
   2012     80-84    0.051084     0.079003     0.062282 
   2012     85-89    0.106936     0.133986     0.115035 
   2012     90-94    0.203402     0.226166     0.208640 
   2012     95-99    0.316065     0.338149     0.319597 
   2012    100-104   0.609973     1.140375     0.693612 
   2012    105-109   1.200000     0.000000     0.545455 
   2012    110+             .            .            . 
   2013        0     0.003717     0.004183     0.003956 
   2013      1-4     0.000084     0.000158     0.000122 
   2013      5-9     0.000000     0.000129     0.000066 
   2013     10-14    0.000066     0.000125     0.000097 
   2013     15-19    0.000254     0.000242     0.000248 
   2013     20-24    0.000123     0.000641     0.000389 
   2013     25-29    0.000372     0.000360     0.000366 
   2013     30-34    0.000719     0.000626     0.000673 
   2013     35-39    0.000486     0.000626     0.000556 
   2013     40-44    0.000755     0.001085     0.000923 
   2013     45-49    0.002069     0.001866     0.001964 
   2013     50-54    0.002492     0.004702     0.003629 
   2013     55-59    0.003472     0.006621     0.005077 
   2013     60-64    0.005533     0.010898     0.008254 
   2013     65-69    0.009228     0.013954     0.011574 
   2013     70-74    0.013568     0.024345     0.018555 
   2013     75-79    0.025002     0.038648     0.030971 
   2013     80-84    0.046169     0.075573     0.058045 
   2013     85-89    0.100978     0.129962     0.110264 
   2013     90-94    0.181398     0.202785     0.186334 
   2013     95-99    0.335588     0.239527     0.319326 
   2013    100-104   0.510759     0.169300     0.461744 
   2013    105-109   1.500000     0.000000     0.857143 
   2013    110+             .     6.000000     6.000000 
   2014        0     0.003045     0.002555     0.002793 
   2014      1-4     0.000325     0.000154     0.000237 
   2014      5-9     0.000134     0.000127     0.000131 
   2014     10-14    0.000000     0.000250     0.000128 
   2014     15-19    0.000252     0.000240     0.000246 
   2014     20-24    0.000120     0.000228     0.000175 
   2014     25-29    0.000256     0.000349     0.000303 
   2014     30-34    0.000374     0.000796     0.000585 
   2014     35-39    0.000188     0.001029     0.000610 
   2014     40-44    0.000565     0.001672     0.001130 
   2014     45-49    0.001153     0.002227     0.001710 
   2014     50-54    0.001651     0.003793     0.002757 
   2014     55-59    0.003248     0.006063     0.004691 
   2014     60-64    0.005278     0.010424     0.007884 
   2014     65-69    0.008307     0.015514     0.011897 
   2014     70-74    0.013237     0.025640     0.019058 
   2014     75-79    0.024431     0.042087     0.032171 
   2014     80-84    0.045717     0.069105     0.055182 
   2014     85-89    0.086815     0.143265     0.105594 
   2014     90-94    0.162667     0.230205     0.178758 
   2014     95-99    0.253437     0.460247     0.289381 
   2014    100-104   0.544078     0.406046     0.523543 
   2014    105-109   0.000000            .     0.000000 
   2014    110+             .            .            . 
