Latvia, Death rates (period 5x1)     Last modified: 14-Aug-2015, MPv5 (May07)

   Year      Age       Female       Male         Total
   1959        0     0.026599     0.036244     0.031543 
   1959      1-4     0.001457     0.001715     0.001589 
   1959      5-9     0.000580     0.001113     0.000852 
   1959     10-14    0.000444     0.001052     0.000752 
   1959     15-19    0.000754     0.001553     0.001152 
   1959     20-24    0.001134     0.002779     0.001931 
   1959     25-29    0.001286     0.003355     0.002282 
   1959     30-34    0.001567     0.003357     0.002325 
   1959     35-39    0.001752     0.004336     0.002741 
   1959     40-44    0.002748     0.005110     0.003710 
   1959     45-49    0.003872     0.007224     0.005262 
   1959     50-54    0.005245     0.010595     0.007559 
   1959     55-59    0.007625     0.016282     0.011056 
   1959     60-64    0.013722     0.025740     0.017920 
   1959     65-69    0.022668     0.039081     0.028389 
   1959     70-74    0.036466     0.051737     0.041561 
   1959     75-79    0.060284     0.070408     0.063687 
   1959     80-84    0.105531     0.120140     0.110075 
   1959     85-89    0.191438     0.229629     0.202399 
   1959     90-94    0.396474     0.582802     0.444731 
   1959     95-99    0.669509     1.117491     0.795297 
   1959    100-104   1.314764     1.961412     1.578969 
   1959    105-109   2.462525     2.256085     2.319167 
   1959    110+             .     2.432802     2.432802 
   1960        0     0.024152     0.030937     0.027611 
   1960      1-4     0.001363     0.001584     0.001476 
   1960      5-9     0.000654     0.000728     0.000692 
   1960     10-14    0.000404     0.000899     0.000656 
   1960     15-19    0.000615     0.001507     0.001061 
   1960     20-24    0.000887     0.002655     0.001750 
   1960     25-29    0.001214     0.003062     0.002104 
   1960     30-34    0.001589     0.003263     0.002335 
   1960     35-39    0.001787     0.004085     0.002653 
   1960     40-44    0.002411     0.004883     0.003419 
   1960     45-49    0.003439     0.006644     0.004758 
   1960     50-54    0.005486     0.009694     0.007283 
   1960     55-59    0.007575     0.016127     0.011077 
   1960     60-64    0.012724     0.024909     0.016974 
   1960     65-69    0.019454     0.037279     0.025658 
   1960     70-74    0.035718     0.060104     0.043744 
   1960     75-79    0.060426     0.082537     0.067822 
   1960     80-84    0.103864     0.132634     0.112833 
   1960     85-89    0.165707     0.181494     0.170249 
   1960     90-94    0.273078     0.315558     0.283151 
   1960     95-99    0.303087     0.347963     0.312575 
   1960    100-104   0.390526     0.531472     0.412112 
   1960    105-109          .            .            . 
   1960    110+             .            .            . 
   1961        0     0.020171     0.028953     0.024661 
   1961      1-4     0.001199     0.001331     0.001266 
   1961      5-9     0.000555     0.000981     0.000772 
   1961     10-14    0.000444     0.000612     0.000529 
   1961     15-19    0.000739     0.001637     0.001190 
   1961     20-24    0.000790     0.002643     0.001702 
   1961     25-29    0.001023     0.003067     0.002007 
   1961     30-34    0.001298     0.003744     0.002435 
   1961     35-39    0.001830     0.004056     0.002667 
   1961     40-44    0.002412     0.004877     0.003416 
   1961     45-49    0.003453     0.007271     0.005015 
   1961     50-54    0.005036     0.010341     0.007271 
   1961     55-59    0.007195     0.015539     0.010699 
   1961     60-64    0.012406     0.024097     0.016528 
   1961     65-69    0.019681     0.036470     0.025477 
   1961     70-74    0.035595     0.058944     0.043213 
   1961     75-79    0.061650     0.082109     0.068392 
   1961     80-84    0.108143     0.130776     0.115207 
   1961     85-89    0.172456     0.187370     0.176794 
   1961     90-94    0.283946     0.360965     0.302054 
   1961     95-99    0.317004     0.491569     0.351651 
   1961    100-104   0.340607     1.004102     0.420615 
   1961    105-109   0.000000            .     0.000000 
   1961    110+             .            .            . 
   1962        0     0.020550     0.027612     0.024208 
   1962      1-4     0.001602     0.001982     0.001796 
   1962      5-9     0.000599     0.000711     0.000656 
   1962     10-14    0.000346     0.000679     0.000517 
   1962     15-19    0.000627     0.001450     0.001042 
   1962     20-24    0.000930     0.002683     0.001800 
   1962     25-29    0.000996     0.003358     0.002134 
   1962     30-34    0.001235     0.003321     0.002229 
   1962     35-39    0.001660     0.004571     0.002787 
   1962     40-44    0.002297     0.005640     0.003642 
   1962     45-49    0.003470     0.007541     0.005130 
   1962     50-54    0.005814     0.010342     0.007695 
   1962     55-59    0.007485     0.015058     0.010709 
   1962     60-64    0.012582     0.026815     0.017719 
   1962     65-69    0.021758     0.037514     0.027130 
   1962     70-74    0.038321     0.062376     0.046139 
   1962     75-79    0.068477     0.092266     0.076200 
   1962     80-84    0.122461     0.129700     0.124739 
   1962     85-89    0.192857     0.217233     0.199964 
   1962     90-94    0.293351     0.361879     0.309651 
   1962     95-99    0.440750     0.645404     0.477456 
   1962    100-104   0.397302     0.000000     0.350556 
   1962    105-109   0.558704            .     0.558704 
   1962    110+             .            .            . 
   1963        0     0.021289     0.030046     0.025819 
   1963      1-4     0.001480     0.001508     0.001495 
   1963      5-9     0.000549     0.000813     0.000684 
   1963     10-14    0.000435     0.001104     0.000780 
   1963     15-19    0.000682     0.001608     0.001151 
   1963     20-24    0.000961     0.002324     0.001640 
   1963     25-29    0.001025     0.003104     0.002033 
   1963     30-34    0.001196     0.003659     0.002382 
   1963     35-39    0.001538     0.003824     0.002469 
   1963     40-44    0.002347     0.005330     0.003523 
   1963     45-49    0.003383     0.007255     0.004959 
   1963     50-54    0.005590     0.011120     0.007867 
   1963     55-59    0.007165     0.014813     0.010428 
   1963     60-64    0.012783     0.023850     0.016899 
   1963     65-69    0.019413     0.035081     0.024678 
   1963     70-74    0.036811     0.056416     0.043207 
   1963     75-79    0.065270     0.087778     0.072402 
   1963     80-84    0.104512     0.140928     0.116016 
   1963     85-89    0.182773     0.204117     0.188926 
   1963     90-94    0.279947     0.272657     0.278101 
   1963     95-99    0.272290     0.333548     0.282673 
   1963    100-104   0.471315     1.116394     0.550052 
   1963    105-109   0.769585            .     0.769585 
   1963    110+             .            .            . 
   1964        0     0.018636     0.025224     0.022009 
   1964      1-4     0.001307     0.001438     0.001374 
   1964      5-9     0.000475     0.000770     0.000626 
   1964     10-14    0.000438     0.000746     0.000597 
   1964     15-19    0.000599     0.001129     0.000869 
   1964     20-24    0.000998     0.002190     0.001594 
   1964     25-29    0.000835     0.003087     0.001936 
   1964     30-34    0.001196     0.003442     0.002284 
   1964     35-39    0.001483     0.004084     0.002598 
   1964     40-44    0.002446     0.005374     0.003580 
   1964     45-49    0.003336     0.006656     0.004691 
   1964     50-54    0.004719     0.009184     0.006548 
   1964     55-59    0.006860     0.013807     0.009795 
   1964     60-64    0.011083     0.022482     0.015470 
   1964     65-69    0.018608     0.035112     0.024095 
   1964     70-74    0.033182     0.053648     0.039912 
   1964     75-79    0.055239     0.083936     0.064064 
   1964     80-84    0.097860     0.119748     0.104732 
   1964     85-89    0.159647     0.202868     0.171939 
   1964     90-94    0.208433     0.278816     0.226925 
   1964     95-99    0.278015     0.339566     0.288308 
   1964    100-104   0.463870     1.190827     0.526588 
   1964    105-109   0.856563            .     0.856563 
   1964    110+             .            .            . 
   1965        0     0.014820     0.022030     0.018526 
   1965      1-4     0.001174     0.001540     0.001362 
   1965      5-9     0.000489     0.000639     0.000566 
   1965     10-14    0.000295     0.000650     0.000478 
   1965     15-19    0.000463     0.001487     0.000989 
   1965     20-24    0.000757     0.002525     0.001643 
   1965     25-29    0.001074     0.003083     0.002064 
   1965     30-34    0.001184     0.003272     0.002197 
   1965     35-39    0.001541     0.004107     0.002695 
   1965     40-44    0.002392     0.005861     0.003718 
   1965     45-49    0.003077     0.006926     0.004656 
   1965     50-54    0.004800     0.010303     0.007040 
   1965     55-59    0.006983     0.015507     0.010538 
   1965     60-64    0.012012     0.024078     0.016811 
   1965     65-69    0.018750     0.037255     0.024876 
   1965     70-74    0.034946     0.057918     0.042499 
   1965     75-79    0.059963     0.088855     0.068693 
   1965     80-84    0.104935     0.132181     0.113353 
   1965     85-89    0.174659     0.201643     0.182290 
   1965     90-94    0.230968     0.277187     0.243006 
   1965     95-99    0.284144     0.316390     0.289696 
   1965    100-104   0.619080     0.581771     0.616048 
   1965    105-109   1.519447            .     1.519447 
   1965    110+             .            .            . 
   1966        0     0.015445     0.019203     0.017370 
   1966      1-4     0.001263     0.001359     0.001312 
   1966      5-9     0.000444     0.000713     0.000582 
   1966     10-14    0.000419     0.000688     0.000557 
   1966     15-19    0.000551     0.001533     0.001060 
   1966     20-24    0.000886     0.002459     0.001676 
   1966     25-29    0.000925     0.002959     0.001935 
   1966     30-34    0.001213     0.003763     0.002451 
   1966     35-39    0.001559     0.004258     0.002825 
   1966     40-44    0.002412     0.005179     0.003467 
   1966     45-49    0.003506     0.006920     0.004907 
   1966     50-54    0.004665     0.009785     0.006741 
   1966     55-59    0.007470     0.015860     0.010925 
   1966     60-64    0.011282     0.025148     0.016927 
   1966     65-69    0.020197     0.039308     0.026589 
   1966     70-74    0.035008     0.056102     0.041867 
   1966     75-79    0.061284     0.087119     0.069047 
   1966     80-84    0.103830     0.133675     0.112832 
   1966     85-89    0.166789     0.194562     0.174668 
   1966     90-94    0.247318     0.255021     0.249340 
   1966     95-99    0.324583     0.293477     0.318624 
   1966    100-104   0.587243     1.241808     0.643307 
   1966    105-109   1.412720            .     1.412720 
   1966    110+             .            .            . 
   1967        0     0.016150     0.018839     0.017526 
   1967      1-4     0.001402     0.001443     0.001423 
   1967      5-9     0.000460     0.000887     0.000679 
   1967     10-14    0.000439     0.000659     0.000552 
   1967     15-19    0.000617     0.001127     0.000883 
   1967     20-24    0.000982     0.001972     0.001481 
   1967     25-29    0.001120     0.003208     0.002162 
   1967     30-34    0.001146     0.004496     0.002775 
   1967     35-39    0.001713     0.004484     0.003044 
   1967     40-44    0.002350     0.005719     0.003673 
   1967     45-49    0.003752     0.006827     0.005001 
   1967     50-54    0.004954     0.010815     0.007329 
   1967     55-59    0.007353     0.016307     0.010990 
   1967     60-64    0.011326     0.024453     0.016734 
   1967     65-69    0.020746     0.037562     0.026526 
   1967     70-74    0.034907     0.058887     0.042560 
   1967     75-79    0.064064     0.089193     0.071619 
   1967     80-84    0.105232     0.127900     0.111936 
   1967     85-89    0.173344     0.206508     0.182774 
   1967     90-94    0.259787     0.301061     0.270585 
   1967     95-99    0.353622     0.368306     0.356790 
   1967    100-104   0.618160     0.836237     0.638083 
   1967    105-109   2.280285            .     2.280285 
   1967    110+             .            .            . 
   1968        0     0.016225     0.022002     0.019197 
   1968      1-4     0.001217     0.001330     0.001275 
   1968      5-9     0.000514     0.000689     0.000604 
   1968     10-14    0.000391     0.000806     0.000604 
   1968     15-19    0.000570     0.001617     0.001119 
   1968     20-24    0.000905     0.002422     0.001674 
   1968     25-29    0.000862     0.003543     0.002202 
   1968     30-34    0.000896     0.004656     0.002735 
   1968     35-39    0.001392     0.005111     0.003193 
   1968     40-44    0.002079     0.006859     0.004052 
   1968     45-49    0.003145     0.008162     0.005143 
   1968     50-54    0.004866     0.011547     0.007577 
   1968     55-59    0.007656     0.016988     0.011414 
   1968     60-64    0.011466     0.024873     0.016989 
   1968     65-69    0.021228     0.038530     0.027379 
   1968     70-74    0.036973     0.057926     0.043539 
   1968     75-79    0.063237     0.086887     0.070387 
   1968     80-84    0.103065     0.138675     0.113350 
   1968     85-89    0.170266     0.187248     0.175128 
   1968     90-94    0.251092     0.303373     0.264296 
   1968     95-99    0.295473     0.370727     0.312731 
   1968    100-104   0.435532     0.450000     0.437322 
   1968    105-109   0.448052            .     0.448052 
   1968    110+             .            .            . 
   1969        0     0.014949     0.021423     0.018251 
   1969      1-4     0.000857     0.001408     0.001139 
   1969      5-9     0.000632     0.000607     0.000619 
   1969     10-14    0.000380     0.000693     0.000540 
   1969     15-19    0.000678     0.001480     0.001099 
   1969     20-24    0.000626     0.002711     0.001692 
   1969     25-29    0.001007     0.003771     0.002390 
   1969     30-34    0.001007     0.004802     0.002877 
   1969     35-39    0.001554     0.005640     0.003542 
   1969     40-44    0.002249     0.007210     0.004396 
   1969     45-49    0.003272     0.008664     0.005381 
   1969     50-54    0.004723     0.011210     0.007368 
   1969     55-59    0.007697     0.017255     0.011528 
   1969     60-64    0.011878     0.026872     0.017979 
   1969     65-69    0.020051     0.041817     0.028052 
   1969     70-74    0.038963     0.059279     0.045256 
   1969     75-79    0.061985     0.092324     0.071214 
   1969     80-84    0.105874     0.131725     0.113128 
   1969     85-89    0.176370     0.197003     0.182301 
   1969     90-94    0.259733     0.312855     0.272916 
   1969     95-99    0.356822     0.335804     0.351946 
   1969    100-104   0.653797     0.314630     0.596473 
   1969    105-109   2.373957            .     2.373957 
   1969    110+             .            .            . 
   1970        0     0.013812     0.022169     0.018060 
   1970      1-4     0.000989     0.001492     0.001246 
   1970      5-9     0.000564     0.000802     0.000686 
   1970     10-14    0.000342     0.000651     0.000500 
   1970     15-19    0.000576     0.001628     0.001123 
   1970     20-24    0.000941     0.002522     0.001756 
   1970     25-29    0.000917     0.004090     0.002506 
   1970     30-34    0.001184     0.003973     0.002564 
   1970     35-39    0.001591     0.005323     0.003407 
   1970     40-44    0.002684     0.006063     0.004213 
   1970     45-49    0.003541     0.007555     0.005076 
   1970     50-54    0.006022     0.011329     0.008190 
   1970     55-59    0.007414     0.017242     0.011328 
   1970     60-64    0.012549     0.025384     0.017698 
   1970     65-69    0.020217     0.039362     0.027441 
   1970     70-74    0.037941     0.060240     0.044835 
   1970     75-79    0.065581     0.092139     0.073634 
   1970     80-84    0.104824     0.137984     0.113942 
   1970     85-89    0.169446     0.209875     0.180823 
   1970     90-94    0.256843     0.283209     0.263467 
   1970     95-99    0.377925     0.376510     0.377598 
   1970    100-104   0.256132     0.751253     0.345009 
   1970    105-109   0.000000            .     0.000000 
   1970    110+             .            .            . 
   1971        0     0.013004     0.017932     0.015512 
   1971      1-4     0.000940     0.001353     0.001150 
   1971      5-9     0.000363     0.000816     0.000594 
   1971     10-14    0.000460     0.000653     0.000559 
   1971     15-19    0.000709     0.001515     0.001125 
   1971     20-24    0.000868     0.002917     0.001931 
   1971     25-29    0.000925     0.003771     0.002351 
   1971     30-34    0.001197     0.004120     0.002648 
   1971     35-39    0.001646     0.005733     0.003630 
   1971     40-44    0.002140     0.006523     0.004197 
   1971     45-49    0.003406     0.008770     0.005435 
   1971     50-54    0.004589     0.011102     0.007234 
   1971     55-59    0.007801     0.017932     0.011817 
   1971     60-64    0.012527     0.025139     0.017529 
   1971     65-69    0.019368     0.039181     0.026997 
   1971     70-74    0.037161     0.061420     0.044729 
   1971     75-79    0.063445     0.087922     0.070766 
   1971     80-84    0.100004     0.129181     0.107962 
   1971     85-89    0.159487     0.198120     0.169994 
   1971     90-94    0.239847     0.280940     0.250320 
   1971     95-99    0.313965     0.348398     0.321791 
   1971    100-104   0.424704     0.188186     0.380161 
   1971    105-109   1.159018            .     1.159018 
   1971    110+             .            .            . 
   1972        0     0.012637     0.017859     0.015307 
   1972      1-4     0.000798     0.001453     0.001132 
   1972      5-9     0.000420     0.000835     0.000631 
   1972     10-14    0.000303     0.000716     0.000517 
   1972     15-19    0.000609     0.001796     0.001221 
   1972     20-24    0.000694     0.002939     0.001859 
   1972     25-29    0.001008     0.003768     0.002396 
   1972     30-34    0.000915     0.004633     0.002763 
   1972     35-39    0.001839     0.005800     0.003759 
   1972     40-44    0.002406     0.006897     0.004555 
   1972     45-49    0.003740     0.009086     0.005821 
   1972     50-54    0.005121     0.013019     0.008270 
   1972     55-59    0.008056     0.017525     0.011799 
   1972     60-64    0.012194     0.025476     0.017404 
   1972     65-69    0.019660     0.041346     0.028103 
   1972     70-74    0.036824     0.058917     0.043904 
   1972     75-79    0.063701     0.092597     0.072148 
   1972     80-84    0.102364     0.131020     0.110184 
   1972     85-89    0.163129     0.201072     0.173182 
   1972     90-94    0.260052     0.271986     0.263122 
   1972     95-99    0.316362     0.350441     0.323868 
   1972    100-104   0.473841     0.769823     0.534440 
   1972    105-109   1.154762     6.000000     1.317354 
   1972    110+             .            .            . 
   1973        0     0.012714     0.016828     0.014822 
   1973      1-4     0.001090     0.001361     0.001228 
   1973      5-9     0.000401     0.000652     0.000529 
   1973     10-14    0.000360     0.000575     0.000471 
   1973     15-19    0.000542     0.001468     0.001017 
   1973     20-24    0.000961     0.002776     0.001901 
   1973     25-29    0.000673     0.003608     0.002158 
   1973     30-34    0.001254     0.004573     0.002901 
   1973     35-39    0.001470     0.005357     0.003357 
   1973     40-44    0.002301     0.007054     0.004584 
   1973     45-49    0.003967     0.009005     0.006030 
   1973     50-54    0.005782     0.013551     0.008789 
   1973     55-59    0.007841     0.018019     0.011856 
   1973     60-64    0.012565     0.027637     0.018425 
   1973     65-69    0.019762     0.040487     0.027818 
   1973     70-74    0.036455     0.060544     0.044434 
   1973     75-79    0.064855     0.095244     0.073559 
   1973     80-84    0.104522     0.135269     0.112940 
   1973     85-89    0.175584     0.210086     0.184491 
   1973     90-94    0.246446     0.293591     0.258559 
   1973     95-99    0.369638     0.415114     0.379401 
   1973    100-104   0.460461     0.617210     0.490132 
   1973    105-109   0.894137            .     0.894137 
   1973    110+             .            .            . 
   1974        0     0.016239     0.019348     0.017832 
   1974      1-4     0.001147     0.001450     0.001301 
   1974      5-9     0.000352     0.000651     0.000504 
   1974     10-14    0.000303     0.000803     0.000560 
   1974     15-19    0.000514     0.001422     0.000978 
   1974     20-24    0.000562     0.002703     0.001673 
   1974     25-29    0.000747     0.003412     0.002097 
   1974     30-34    0.001192     0.004695     0.002929 
   1974     35-39    0.001553     0.005194     0.003328 
   1974     40-44    0.002535     0.008136     0.005226 
   1974     45-49    0.003361     0.009389     0.005947 
   1974     50-54    0.004968     0.012798     0.007923 
   1974     55-59    0.007929     0.020332     0.012818 
   1974     60-64    0.011624     0.027325     0.017683 
   1974     65-69    0.020054     0.039947     0.027701 
   1974     70-74    0.034328     0.061183     0.043510 
   1974     75-79    0.063465     0.099300     0.073561 
   1974     80-84    0.101812     0.129438     0.109406 
   1974     85-89    0.164758     0.186564     0.170227 
   1974     90-94    0.248700     0.266477     0.253229 
   1974     95-99    0.349503     0.380473     0.356315 
   1974    100-104   0.417844     0.238490     0.381465 
   1974    105-109   0.556876     0.000000     0.537705 
   1974    110+             .            .            . 
   1975        0     0.016905     0.021878     0.019454 
   1975      1-4     0.001111     0.001564     0.001343 
   1975      5-9     0.000446     0.000822     0.000638 
   1975     10-14    0.000425     0.000854     0.000645 
   1975     15-19    0.000583     0.001695     0.001155 
   1975     20-24    0.000721     0.002831     0.001810 
   1975     25-29    0.000737     0.003734     0.002256 
   1975     30-34    0.000995     0.005451     0.003198 
   1975     35-39    0.001639     0.006151     0.003844 
   1975     40-44    0.002426     0.008248     0.005217 
   1975     45-49    0.003377     0.009867     0.006273 
   1975     50-54    0.005503     0.014471     0.008838 
   1975     55-59    0.007494     0.019679     0.012295 
   1975     60-64    0.013314     0.027764     0.018849 
   1975     65-69    0.021517     0.041374     0.029045 
   1975     70-74    0.037066     0.065338     0.046983 
   1975     75-79    0.065253     0.096511     0.074006 
   1975     80-84    0.106749     0.144653     0.117114 
   1975     85-89    0.167532     0.215712     0.179280 
   1975     90-94    0.249293     0.275352     0.255802 
   1975     95-99    0.331724     0.276663     0.318842 
   1975    100-104   0.524909     0.433550     0.504233 
   1975    105-109   1.005374     0.000000     0.849711 
   1975    110+             .            .            . 
   1976        0     0.015509     0.023103     0.019397 
   1976      1-4     0.000983     0.001577     0.001287 
   1976      5-9     0.000400     0.000655     0.000530 
   1976     10-14    0.000398     0.000589     0.000496 
   1976     15-19    0.000446     0.001502     0.000992 
   1976     20-24    0.000706     0.003357     0.002063 
   1976     25-29    0.000944     0.003678     0.002329 
   1976     30-34    0.001074     0.004631     0.002827 
   1976     35-39    0.001670     0.005945     0.003761 
   1976     40-44    0.002386     0.007817     0.004980 
   1976     45-49    0.003389     0.010645     0.006737 
   1976     50-54    0.005531     0.014595     0.008890 
   1976     55-59    0.007607     0.018903     0.012033 
   1976     60-64    0.013317     0.029729     0.019553 
   1976     65-69    0.021053     0.043582     0.029486 
   1976     70-74    0.035671     0.067053     0.046845 
   1976     75-79    0.063606     0.096155     0.072840 
   1976     80-84    0.105238     0.143772     0.115539 
   1976     85-89    0.170405     0.199914     0.177505 
   1976     90-94    0.262727     0.303299     0.272467 
   1976     95-99    0.318967     0.361373     0.329180 
   1976    100-104   0.664017     0.983531     0.732847 
   1976    105-109   1.769697     2.866469     1.972558 
   1976    110+             .            .            . 
   1977        0     0.014391     0.021105     0.017833 
   1977      1-4     0.000932     0.001181     0.001059 
   1977      5-9     0.000547     0.000620     0.000584 
   1977     10-14    0.000418     0.000769     0.000597 
   1977     15-19    0.000485     0.001489     0.001006 
   1977     20-24    0.000790     0.002700     0.001767 
   1977     25-29    0.000798     0.003506     0.002165 
   1977     30-34    0.001208     0.004379     0.002772 
   1977     35-39    0.001673     0.006059     0.003816 
   1977     40-44    0.002800     0.007909     0.005231 
   1977     45-49    0.003470     0.010447     0.006745 
   1977     50-54    0.005399     0.014402     0.008828 
   1977     55-59    0.008113     0.020492     0.012870 
   1977     60-64    0.013059     0.030159     0.019513 
   1977     65-69    0.021344     0.045047     0.030085 
   1977     70-74    0.038000     0.064910     0.047695 
   1977     75-79    0.065854     0.091956     0.073453 
   1977     80-84    0.108053     0.146082     0.117896 
   1977     85-89    0.170212     0.199209     0.177225 
   1977     90-94    0.263217     0.262624     0.263077 
   1977     95-99    0.344677     0.292956     0.332087 
   1977    100-104   0.469256     0.737458     0.517769 
   1977    105-109   0.748104            .     0.748104 
   1977    110+             .            .            . 
   1978        0     0.015719     0.020248     0.018032 
   1978      1-4     0.001041     0.001300     0.001174 
   1978      5-9     0.000504     0.000700     0.000604 
   1978     10-14    0.000486     0.000733     0.000611 
   1978     15-19    0.000668     0.001653     0.001179 
   1978     20-24    0.000710     0.002668     0.001714 
   1978     25-29    0.000660     0.003584     0.002130 
   1978     30-34    0.001259     0.004252     0.002737 
   1978     35-39    0.001521     0.006248     0.003826 
   1978     40-44    0.002264     0.007993     0.004992 
   1978     45-49    0.004084     0.010678     0.007185 
   1978     50-54    0.005866     0.014617     0.009370 
   1978     55-59    0.008456     0.021787     0.013435 
   1978     60-64    0.012574     0.030868     0.019455 
   1978     65-69    0.020694     0.042310     0.028572 
   1978     70-74    0.035998     0.066438     0.046953 
   1978     75-79    0.062928     0.097048     0.073149 
   1978     80-84    0.110704     0.146291     0.119656 
   1978     85-89    0.174658     0.195433     0.179735 
   1978     90-94    0.251023     0.293484     0.260776 
   1978     95-99    0.332852     0.306529     0.326305 
   1978    100-104   0.617772     0.202576     0.528913 
   1978    105-109   1.873112            .     1.873112 
   1978    110+             .            .            . 
   1979        0     0.016200     0.020764     0.018539 
   1979      1-4     0.001181     0.001833     0.001515 
   1979      5-9     0.000650     0.000569     0.000609 
   1979     10-14    0.000574     0.000807     0.000693 
   1979     15-19    0.000589     0.001635     0.001129 
   1979     20-24    0.000737     0.002781     0.001786 
   1979     25-29    0.000899     0.003711     0.002312 
   1979     30-34    0.001214     0.004841     0.002998 
   1979     35-39    0.001856     0.006550     0.004136 
   1979     40-44    0.002627     0.008769     0.005561 
   1979     45-49    0.003881     0.010835     0.007151 
   1979     50-54    0.005763     0.015373     0.009787 
   1979     55-59    0.008491     0.021460     0.013226 
   1979     60-64    0.013247     0.031307     0.020031 
   1979     65-69    0.021706     0.044339     0.029889 
   1979     70-74    0.036269     0.067471     0.047350 
   1979     75-79    0.064127     0.096043     0.073950 
   1979     80-84    0.108278     0.140280     0.116186 
   1979     85-89    0.172784     0.212152     0.182406 
   1979     90-94    0.263964     0.311143     0.274324 
   1979     95-99    0.347039     0.361951     0.350732 
   1979    100-104   0.429276     0.284682     0.389428 
   1979    105-109   0.820847     0.000000     0.688525 
   1979    110+             .            .            . 
   1980        0     0.013300     0.017696     0.015563 
   1980      1-4     0.001098     0.001589     0.001349 
   1980      5-9     0.000531     0.000498     0.000514 
   1980     10-14    0.000482     0.000677     0.000581 
   1980     15-19    0.000549     0.001751     0.001168 
   1980     20-24    0.000757     0.002684     0.001743 
   1980     25-29    0.001054     0.003582     0.002323 
   1980     30-34    0.001097     0.004609     0.002824 
   1980     35-39    0.001984     0.007311     0.004559 
   1980     40-44    0.002313     0.008630     0.005336 
   1980     45-49    0.003985     0.012175     0.007834 
   1980     50-54    0.005522     0.014263     0.009326 
   1980     55-59    0.008719     0.021621     0.013362 
   1980     60-64    0.012833     0.031669     0.019918 
   1980     65-69    0.021199     0.045004     0.029731 
   1980     70-74    0.036363     0.064833     0.046313 
   1980     75-79    0.063688     0.099753     0.075046 
   1980     80-84    0.108085     0.141038     0.116188 
   1980     85-89    0.177433     0.200587     0.183022 
   1980     90-94    0.246453     0.284620     0.254594 
   1980     95-99    0.343138     0.406410     0.357739 
   1980    100-104   0.434041     0.457225     0.440700 
   1980    105-109   0.754011     0.778626     0.760396 
   1980    110+             .            .            . 
   1981        0     0.012722     0.018923     0.015904 
   1981      1-4     0.001050     0.001409     0.001234 
   1981      5-9     0.000336     0.000917     0.000633 
   1981     10-14    0.000387     0.000626     0.000509 
   1981     15-19    0.000564     0.001744     0.001170 
   1981     20-24    0.000861     0.002589     0.001745 
   1981     25-29    0.000742     0.004135     0.002439 
   1981     30-34    0.001270     0.004962     0.003088 
   1981     35-39    0.001901     0.006764     0.004246 
   1981     40-44    0.002602     0.008919     0.005626 
   1981     45-49    0.003795     0.011971     0.007622 
   1981     50-54    0.005744     0.015875     0.010310 
   1981     55-59    0.009044     0.022027     0.013696 
   1981     60-64    0.013225     0.031157     0.019948 
   1981     65-69    0.020196     0.045407     0.029160 
   1981     70-74    0.035789     0.065594     0.046063 
   1981     75-79    0.061666     0.096692     0.072877 
   1981     80-84    0.105330     0.139778     0.113896 
   1981     85-89    0.169986     0.205736     0.178417 
   1981     90-94    0.232785     0.272138     0.241125 
   1981     95-99    0.340762     0.310210     0.334217 
   1981    100-104   0.521333     0.571302     0.535233 
   1981    105-109   1.165441     2.821530     1.459950 
   1981    110+             .            .            . 
   1982        0     0.011744     0.016399     0.014135 
   1982      1-4     0.001224     0.001513     0.001372 
   1982      5-9     0.000536     0.000722     0.000631 
   1982     10-14    0.000296     0.000781     0.000544 
   1982     15-19    0.000504     0.001473     0.001003 
   1982     20-24    0.000616     0.002548     0.001603 
   1982     25-29    0.000836     0.003687     0.002257 
   1982     30-34    0.001389     0.004705     0.003020 
   1982     35-39    0.001708     0.006848     0.004184 
   1982     40-44    0.002592     0.008296     0.005321 
   1982     45-49    0.003536     0.011131     0.007077 
   1982     50-54    0.005467     0.015800     0.010206 
   1982     55-59    0.008231     0.019529     0.012393 
   1982     60-64    0.013173     0.029190     0.019075 
   1982     65-69    0.022023     0.044526     0.029989 
   1982     70-74    0.035884     0.064306     0.045520 
   1982     75-79    0.059092     0.094294     0.070515 
   1982     80-84    0.101624     0.130394     0.108985 
   1982     85-89    0.157912     0.198661     0.167170 
   1982     90-94    0.236187     0.253892     0.239972 
   1982     95-99    0.284481     0.327901     0.293569 
   1982    100-104   0.445825     0.376906     0.427125 
   1982    105-109   1.045609     0.555160     0.966857 
   1982    110+             .            .            . 
   1983        0     0.013848     0.019091     0.016543 
   1983      1-4     0.000970     0.001641     0.001314 
   1983      5-9     0.000350     0.000739     0.000549 
   1983     10-14    0.000361     0.000655     0.000511 
   1983     15-19    0.000575     0.001828     0.001222 
   1983     20-24    0.000496     0.002880     0.001710 
   1983     25-29    0.000808     0.003288     0.002045 
   1983     30-34    0.001101     0.004496     0.002771 
   1983     35-39    0.001536     0.006147     0.003763 
   1983     40-44    0.002788     0.008642     0.005584 
   1983     45-49    0.003516     0.011566     0.007275 
   1983     50-54    0.005778     0.016122     0.010528 
   1983     55-59    0.008732     0.020866     0.013429 
   1983     60-64    0.013135     0.030743     0.019451 
   1983     65-69    0.019524     0.041979     0.027461 
   1983     70-74    0.035030     0.066414     0.045521 
   1983     75-79    0.062739     0.094237     0.072957 
   1983     80-84    0.102557     0.136573     0.111579 
   1983     85-89    0.173275     0.200126     0.179195 
   1983     90-94    0.246959     0.276892     0.253442 
   1983     95-99    0.370301     0.426357     0.381586 
   1983    100-104   0.368525     0.524422     0.407961 
   1983    105-109   0.558577     1.144876     0.692494 
   1983    110+             .            .            . 
   1984        0     0.011269     0.014877     0.013116 
   1984      1-4     0.000997     0.001447     0.001228 
   1984      5-9     0.000374     0.000889     0.000636 
   1984     10-14    0.000253     0.000603     0.000433 
   1984     15-19    0.000451     0.001584     0.001039 
   1984     20-24    0.000531     0.002356     0.001456 
   1984     25-29    0.000983     0.003521     0.002252 
   1984     30-34    0.001093     0.004470     0.002757 
   1984     35-39    0.001753     0.005776     0.003699 
   1984     40-44    0.002630     0.008500     0.005430 
   1984     45-49    0.003700     0.010793     0.007026 
   1984     50-54    0.005542     0.016637     0.010634 
   1984     55-59    0.009112     0.022109     0.014363 
   1984     60-64    0.013691     0.031173     0.019821 
   1984     65-69    0.020409     0.046170     0.029485 
   1984     70-74    0.037179     0.067924     0.047372 
   1984     75-79    0.063376     0.100677     0.075295 
   1984     80-84    0.109912     0.145590     0.119680 
   1984     85-89    0.172214     0.200121     0.178272 
   1984     90-94    0.259915     0.265525     0.261144 
   1984     95-99    0.323883     0.353421     0.329558 
   1984    100-104   0.507808     0.560511     0.520027 
   1984    105-109   1.143758     1.682353     1.244412 
   1984    110+             .            .            . 
   1985        0     0.011724     0.014118     0.012944 
   1985      1-4     0.001015     0.001082     0.001049 
   1985      5-9     0.000420     0.000820     0.000624 
   1985     10-14    0.000332     0.000776     0.000559 
   1985     15-19    0.000475     0.001569     0.001045 
   1985     20-24    0.000614     0.002355     0.001494 
   1985     25-29    0.000781     0.002798     0.001793 
   1985     30-34    0.001201     0.003576     0.002372 
   1985     35-39    0.001547     0.005206     0.003321 
   1985     40-44    0.002831     0.007969     0.005279 
   1985     45-49    0.003772     0.010045     0.006721 
   1985     50-54    0.005755     0.016139     0.010510 
   1985     55-59    0.008685     0.021587     0.014104 
   1985     60-64    0.013976     0.030783     0.019762 
   1985     65-69    0.023094     0.045318     0.030927 
   1985     70-74    0.038083     0.069216     0.048283 
   1985     75-79    0.067325     0.097434     0.076764 
   1985     80-84    0.113390     0.149707     0.123557 
   1985     85-89    0.190104     0.228744     0.198425 
   1985     90-94    0.276626     0.304873     0.282828 
   1985     95-99    0.379038     0.361814     0.375771 
   1985    100-104   0.437217     0.640916     0.478646 
   1985    105-109   0.735108     2.066116     0.912088 
   1985    110+             .            .            . 
   1986        0     0.011189     0.015049     0.013159 
   1986      1-4     0.001021     0.001275     0.001151 
   1986      5-9     0.000405     0.000735     0.000574 
   1986     10-14    0.000230     0.000626     0.000433 
   1986     15-19    0.000501     0.001376     0.000956 
   1986     20-24    0.000459     0.002225     0.001352 
   1986     25-29    0.000661     0.002200     0.001435 
   1986     30-34    0.001100     0.002911     0.001992 
   1986     35-39    0.001157     0.004159     0.002619 
   1986     40-44    0.002190     0.006412     0.004202 
   1986     45-49    0.003338     0.009069     0.006039 
   1986     50-54    0.005135     0.013550     0.008975 
   1986     55-59    0.008223     0.018728     0.012799 
   1986     60-64    0.012828     0.027896     0.017962 
   1986     65-69    0.020999     0.041193     0.028117 
   1986     70-74    0.036589     0.065792     0.046049 
   1986     75-79    0.060617     0.091961     0.070295 
   1986     80-84    0.106107     0.140273     0.115823 
   1986     85-89    0.168778     0.209306     0.177553 
   1986     90-94    0.254934     0.282736     0.260906 
   1986     95-99    0.348296     0.341122     0.346900 
   1986    100-104   0.439123     0.622237     0.470378 
   1986    105-109   0.762556     2.081081     0.855510 
   1986    110+             .            .            . 
   1987        0     0.009516     0.013147     0.011369 
   1987      1-4     0.000877     0.001133     0.001007 
   1987      5-9     0.000341     0.000745     0.000547 
   1987     10-14    0.000313     0.000589     0.000454 
   1987     15-19    0.000335     0.001184     0.000775 
   1987     20-24    0.000610     0.002107     0.001371 
   1987     25-29    0.000834     0.002124     0.001483 
   1987     30-34    0.000958     0.002617     0.001777 
   1987     35-39    0.001354     0.003860     0.002576 
   1987     40-44    0.002236     0.006517     0.004282 
   1987     45-49    0.003477     0.008962     0.006068 
   1987     50-54    0.004889     0.013040     0.008608 
   1987     55-59    0.008332     0.020336     0.013658 
   1987     60-64    0.012750     0.028608     0.018294 
   1987     65-69    0.021060     0.043838     0.028957 
   1987     70-74    0.035806     0.065098     0.045258 
   1987     75-79    0.063565     0.098362     0.074105 
   1987     80-84    0.107924     0.142161     0.117796 
   1987     85-89    0.180476     0.212927     0.187685 
   1987     90-94    0.254886     0.274651     0.258978 
   1987     95-99    0.334735     0.370973     0.341909 
   1987    100-104   0.470828     0.751970     0.513593 
   1987    105-109   0.793718     4.052632     0.902190 
   1987    110+             .            .            . 
   1988        0     0.008749     0.013081     0.010963 
   1988      1-4     0.000994     0.000840     0.000915 
   1988      5-9     0.000420     0.000722     0.000574 
   1988     10-14    0.000349     0.000675     0.000515 
   1988     15-19    0.000575     0.001414     0.001008 
   1988     20-24    0.000640     0.002040     0.001357 
   1988     25-29    0.000707     0.002580     0.001646 
   1988     30-34    0.000844     0.003227     0.002024 
   1988     35-39    0.001564     0.003860     0.002685 
   1988     40-44    0.002419     0.005769     0.004027 
   1988     45-49    0.003060     0.009153     0.005939 
   1988     50-54    0.005387     0.013547     0.009131 
   1988     55-59    0.007535     0.020912     0.013478 
   1988     60-64    0.012380     0.029094     0.018524 
   1988     65-69    0.021251     0.043183     0.028653 
   1988     70-74    0.036017     0.064280     0.045126 
   1988     75-79    0.062726     0.093487     0.071928 
   1988     80-84    0.108926     0.150409     0.120871 
   1988     85-89    0.168186     0.213023     0.178529 
   1988     90-94    0.262056     0.286011     0.266805 
   1988     95-99    0.339877     0.462401     0.363339 
   1988    100-104   0.441418     0.412056     0.436968 
   1988    105-109   0.647216            .     0.647216 
   1988    110+             .            .            . 
   1989        0     0.008699     0.012374     0.010587 
   1989      1-4     0.000707     0.001141     0.000928 
   1989      5-9     0.000455     0.000718     0.000589 
   1989     10-14    0.000349     0.000677     0.000516 
   1989     15-19    0.000762     0.001718     0.001256 
   1989     20-24    0.000800     0.002537     0.001693 
   1989     25-29    0.000737     0.002992     0.001868 
   1989     30-34    0.001119     0.003610     0.002352 
   1989     35-39    0.001472     0.004640     0.003020 
   1989     40-44    0.002804     0.007078     0.004859 
   1989     45-49    0.003324     0.010330     0.006639 
   1989     50-54    0.005471     0.014546     0.009653 
   1989     55-59    0.008330     0.021173     0.014046 
   1989     60-64    0.013008     0.031755     0.020071 
   1989     65-69    0.020536     0.043434     0.028182 
   1989     70-74    0.034799     0.063640     0.044101 
   1989     75-79    0.058035     0.089901     0.067563 
   1989     80-84    0.101493     0.140047     0.112408 
   1989     85-89    0.161804     0.199515     0.170812 
   1989     90-94    0.257381     0.298256     0.265135 
   1989     95-99    0.332972     0.291108     0.324936 
   1989    100-104   0.448513     0.570013     0.467767 
   1989    105-109   0.717043     6.000000     0.763310 
   1989    110+             .            .            . 
   1990        0     0.010619     0.014473     0.012603 
   1990      1-4     0.000879     0.001093     0.000988 
   1990      5-9     0.000401     0.001029     0.000722 
   1990     10-14    0.000315     0.000790     0.000557 
   1990     15-19    0.000652     0.001854     0.001274 
   1990     20-24    0.000557     0.002261     0.001435 
   1990     25-29    0.000933     0.003199     0.002069 
   1990     30-34    0.001014     0.004129     0.002551 
   1990     35-39    0.001565     0.004947     0.003218 
   1990     40-44    0.002490     0.007832     0.005059 
   1990     45-49    0.004042     0.010500     0.007101 
   1990     50-54    0.005547     0.016868     0.010772 
   1990     55-59    0.008138     0.022286     0.014452 
   1990     60-64    0.012845     0.034946     0.021189 
   1990     65-69    0.024128     0.049110     0.032481 
   1990     70-74    0.035258     0.063854     0.044592 
   1990     75-79    0.061975     0.096365     0.072156 
   1990     80-84    0.108660     0.146161     0.119118 
   1990     85-89    0.172261     0.222123     0.184376 
   1990     90-94    0.265308     0.291953     0.270267 
   1990     95-99    0.372348     0.484624     0.394322 
   1990    100-104   0.510725     0.575446     0.520719 
   1990    105-109   0.900353     6.000000     0.934956 
   1990    110+             .            .            . 
   1991        0     0.012294     0.016482     0.014443 
   1991      1-4     0.000960     0.001087     0.001025 
   1991      5-9     0.000491     0.000714     0.000604 
   1991     10-14    0.000362     0.000768     0.000568 
   1991     15-19    0.000531     0.001883     0.001227 
   1991     20-24    0.000634     0.002589     0.001643 
   1991     25-29    0.000630     0.003663     0.002158 
   1991     30-34    0.001039     0.004280     0.002635 
   1991     35-39    0.001727     0.005513     0.003572 
   1991     40-44    0.002744     0.009113     0.005808 
   1991     45-49    0.003998     0.011298     0.007446 
   1991     50-54    0.005561     0.017009     0.010853 
   1991     55-59    0.008041     0.023582     0.014948 
   1991     60-64    0.013092     0.035072     0.021908 
   1991     65-69    0.023354     0.045838     0.030655 
   1991     70-74    0.034605     0.065210     0.044572 
   1991     75-79    0.061198     0.093425     0.070547 
   1991     80-84    0.105393     0.142327     0.115565 
   1991     85-89    0.169192     0.213576     0.180059 
   1991     90-94    0.257598     0.321090     0.269389 
   1991     95-99    0.365969     0.386768     0.369890 
   1991    100-104   0.527095     0.574410     0.534530 
   1991    105-109   0.844173     6.000000     0.878165 
   1991    110+             .            .            . 
   1992        0     0.015026     0.018970     0.017043 
   1992      1-4     0.000798     0.001091     0.000948 
   1992      5-9     0.000394     0.000781     0.000591 
   1992     10-14    0.000245     0.000642     0.000447 
   1992     15-19    0.000634     0.001883     0.001272 
   1992     20-24    0.000695     0.003065     0.001917 
   1992     25-29    0.000896     0.003564     0.002251 
   1992     30-34    0.001185     0.005101     0.003101 
   1992     35-39    0.001725     0.006528     0.004058 
   1992     40-44    0.002641     0.009686     0.006021 
   1992     45-49    0.004457     0.013709     0.008808 
   1992     50-54    0.006173     0.019170     0.012178 
   1992     55-59    0.008995     0.024721     0.015948 
   1992     60-64    0.013486     0.035405     0.022784 
   1992     65-69    0.020959     0.047202     0.029492 
   1992     70-74    0.033262     0.066580     0.043807 
   1992     75-79    0.058950     0.095296     0.069366 
   1992     80-84    0.100744     0.146645     0.113108 
   1992     85-89    0.171295     0.203687     0.179358 
   1992     90-94    0.262618     0.330418     0.275214 
   1992     95-99    0.369959     0.339027     0.364277 
   1992    100-104   0.611347     0.493658     0.591295 
   1992    105-109   1.099222     0.000000     1.067044 
   1992    110+             .            .            . 
   1993        0     0.013411     0.016731     0.015104 
   1993      1-4     0.001022     0.001262     0.001145 
   1993      5-9     0.000338     0.000614     0.000478 
   1993     10-14    0.000324     0.000759     0.000546 
   1993     15-19    0.000669     0.002075     0.001383 
   1993     20-24    0.000828     0.003095     0.001998 
   1993     25-29    0.000898     0.004185     0.002570 
   1993     30-34    0.001383     0.006435     0.003836 
   1993     35-39    0.002214     0.008173     0.005104 
   1993     40-44    0.003542     0.013223     0.008168 
   1993     45-49    0.005377     0.016311     0.010510 
   1993     50-54    0.007316     0.024174     0.015071 
   1993     55-59    0.010014     0.029991     0.018857 
   1993     60-64    0.014587     0.041089     0.025814 
   1993     65-69    0.022258     0.053298     0.032881 
   1993     70-74    0.036886     0.075048     0.048571 
   1993     75-79    0.061699     0.098765     0.072294 
   1993     80-84    0.109109     0.154800     0.121165 
   1993     85-89    0.177297     0.223695     0.188826 
   1993     90-94    0.284436     0.344850     0.296030 
   1993     95-99    0.366178     0.444464     0.379663 
   1993    100-104   0.666688     0.830924     0.694536 
   1993    105-109   1.394687     2.266667     1.463287 
   1993    110+             .            .            . 
   1994        0     0.014264     0.015990     0.015144 
   1994      1-4     0.000680     0.001087     0.000888 
   1994      5-9     0.000377     0.000640     0.000511 
   1994     10-14    0.000369     0.000612     0.000493 
   1994     15-19    0.000522     0.001883     0.001212 
   1994     20-24    0.000795     0.003568     0.002223 
   1994     25-29    0.001236     0.005113     0.003218 
   1994     30-34    0.001517     0.007193     0.004263 
   1994     35-39    0.002381     0.010484     0.006307 
   1994     40-44    0.004178     0.014835     0.009260 
   1994     45-49    0.006576     0.021221     0.013416 
   1994     50-54    0.008612     0.027573     0.017284 
   1994     55-59    0.011884     0.034506     0.021897 
   1994     60-64    0.016670     0.046044     0.029053 
   1994     65-69    0.023903     0.056138     0.035392 
   1994     70-74    0.038321     0.075950     0.049521 
   1994     75-79    0.063823     0.105864     0.075683 
   1994     80-84    0.108485     0.157037     0.121127 
   1994     85-89    0.180632     0.234028     0.193527 
   1994     90-94    0.276232     0.312498     0.283537 
   1994     95-99    0.399921     0.565937     0.425269 
   1994    100-104   0.651719     1.134084     0.715489 
   1994    105-109   1.376712     4.159091     1.534884 
   1994    110+             .            .            . 
   1995        0     0.015785     0.020086     0.018002 
   1995      1-4     0.000846     0.000996     0.000923 
   1995      5-9     0.000398     0.000537     0.000469 
   1995     10-14    0.000378     0.000591     0.000487 
   1995     15-19    0.000688     0.001901     0.001304 
   1995     20-24    0.000720     0.003207     0.001994 
   1995     25-29    0.000885     0.004711     0.002847 
   1995     30-34    0.001297     0.006480     0.003807 
   1995     35-39    0.002465     0.009094     0.005677 
   1995     40-44    0.004081     0.013278     0.008458 
   1995     45-49    0.006114     0.018588     0.011924 
   1995     50-54    0.008330     0.026680     0.016681 
   1995     55-59    0.011573     0.031150     0.020213 
   1995     60-64    0.014651     0.042451     0.026301 
   1995     65-69    0.022435     0.052923     0.033688 
   1995     70-74    0.036378     0.072525     0.046841 
   1995     75-79    0.059775     0.101392     0.071481 
   1995     80-84    0.103950     0.146530     0.114807 
   1995     85-89    0.176152     0.211480     0.184501 
   1995     90-94    0.272276     0.314729     0.280974 
   1995     95-99    0.392723     0.471300     0.404120 
   1995    100-104   0.606601     1.034595     0.648614 
   1995    105-109   1.078493            .     1.078493 
   1995    110+             .            .            . 
   1996        0     0.014970     0.015883     0.015444 
   1996      1-4     0.000737     0.001141     0.000943 
   1996      5-9     0.000245     0.000442     0.000346 
   1996     10-14    0.000234     0.000384     0.000310 
   1996     15-19    0.000571     0.001585     0.001087 
   1996     20-24    0.000556     0.003008     0.001810 
   1996     25-29    0.000940     0.003512     0.002256 
   1996     30-34    0.001060     0.005032     0.002990 
   1996     35-39    0.001887     0.006477     0.004114 
   1996     40-44    0.002830     0.009579     0.006036 
   1996     45-49    0.005137     0.013880     0.009216 
   1996     50-54    0.006687     0.020234     0.012828 
   1996     55-59    0.008813     0.026650     0.016670 
   1996     60-64    0.012932     0.036488     0.022742 
   1996     65-69    0.019760     0.048764     0.030850 
   1996     70-74    0.032800     0.067810     0.042726 
   1996     75-79    0.056484     0.096155     0.067684 
   1996     80-84    0.100684     0.144847     0.111702 
   1996     85-89    0.166813     0.208288     0.176471 
   1996     90-94    0.258702     0.315000     0.270272 
   1996     95-99    0.381979     0.422219     0.387942 
   1996    100-104   0.699107     0.914764     0.718609 
   1996    105-109   1.867632            .     1.867632 
   1996    110+             .            .            . 
   1997        0     0.014168     0.016076     0.015158 
   1997      1-4     0.000515     0.000912     0.000718 
   1997      5-9     0.000287     0.000637     0.000466 
   1997     10-14    0.000316     0.000600     0.000461 
   1997     15-19    0.000604     0.001509     0.001065 
   1997     20-24    0.000691     0.002636     0.001684 
   1997     25-29    0.000835     0.003105     0.001995 
   1997     30-34    0.001159     0.004256     0.002670 
   1997     35-39    0.001987     0.006071     0.003971 
   1997     40-44    0.002471     0.008171     0.005187 
   1997     45-49    0.004337     0.013668     0.008694 
   1997     50-54    0.006320     0.018268     0.011735 
   1997     55-59    0.008775     0.025024     0.015923 
   1997     60-64    0.012382     0.033902     0.021330 
   1997     65-69    0.019133     0.047751     0.030246 
   1997     70-74    0.033367     0.065318     0.042644 
   1997     75-79    0.058637     0.093387     0.068265 
   1997     80-84    0.099672     0.147815     0.111534 
   1997     85-89    0.169669     0.207624     0.178287 
   1997     90-94    0.276219     0.310035     0.283342 
   1997     95-99    0.376221     0.436232     0.385342 
   1997    100-104   0.427083     1.056613     0.475770 
   1997    105-109   0.494983            .     0.494983 
   1997    110+             .            .            . 
   1998        0     0.012776     0.017088     0.014998 
   1998      1-4     0.000704     0.001120     0.000917 
   1998      5-9     0.000350     0.000525     0.000439 
   1998     10-14    0.000251     0.000356     0.000305 
   1998     15-19    0.000499     0.001404     0.000961 
   1998     20-24    0.000745     0.002743     0.001761 
   1998     25-29    0.000874     0.003488     0.002207 
   1998     30-34    0.001230     0.004449     0.002809 
   1998     35-39    0.001730     0.006439     0.004018 
   1998     40-44    0.002747     0.009010     0.005744 
   1998     45-49    0.004482     0.013573     0.008727 
   1998     50-54    0.006659     0.019445     0.012467 
   1998     55-59    0.009290     0.026498     0.016842 
   1998     60-64    0.012606     0.035197     0.022024 
   1998     65-69    0.020488     0.047408     0.030918 
   1998     70-74    0.033835     0.065504     0.043548 
   1998     75-79    0.057465     0.089120     0.065991 
   1998     80-84    0.104244     0.136446     0.112148 
   1998     85-89    0.169747     0.199562     0.176411 
   1998     90-94    0.282372     0.305559     0.287359 
   1998     95-99    0.412635     0.413525     0.412778 
   1998    100-104   0.756856     0.797225     0.759637 
   1998    105-109   2.058548            .     2.058548 
   1998    110+             .            .            . 
   1999        0     0.012613     0.010839     0.011704 
   1999      1-4     0.000583     0.000782     0.000685 
   1999      5-9     0.000263     0.000492     0.000380 
   1999     10-14    0.000201     0.000406     0.000305 
   1999     15-19    0.000635     0.001453     0.001053 
   1999     20-24    0.000884     0.002808     0.001860 
   1999     25-29    0.000786     0.003450     0.002136 
   1999     30-34    0.001181     0.004139     0.002642 
   1999     35-39    0.001788     0.006018     0.003847 
   1999     40-44    0.002849     0.008259     0.005446 
   1999     45-49    0.004586     0.012309     0.008198 
   1999     50-54    0.006434     0.018852     0.012077 
   1999     55-59    0.008775     0.025145     0.015939 
   1999     60-64    0.011749     0.034580     0.021288 
   1999     65-69    0.018764     0.047980     0.030055 
   1999     70-74    0.031705     0.063549     0.041977 
   1999     75-79    0.054530     0.086421     0.062812 
   1999     80-84    0.098415     0.132236     0.106703 
   1999     85-89    0.162391     0.203190     0.171452 
   1999     90-94    0.256731     0.287953     0.263314 
   1999     95-99    0.388948     0.365693     0.384777 
   1999    100-104   0.522323     0.105469     0.475638 
   1999    105-109   1.328494            .     1.328494 
   1999    110+             .            .            . 
   2000        0     0.009165     0.012105     0.010671 
   2000      1-4     0.000489     0.000680     0.000587 
   2000      5-9     0.000214     0.000539     0.000380 
   2000     10-14    0.000288     0.000365     0.000327 
   2000     15-19    0.000404     0.001351     0.000887 
   2000     20-24    0.000613     0.002645     0.001645 
   2000     25-29    0.000824     0.003044     0.001944 
   2000     30-34    0.001051     0.003941     0.002483 
   2000     35-39    0.001806     0.005629     0.003673 
   2000     40-44    0.002583     0.008611     0.005483 
   2000     45-49    0.003907     0.011954     0.007675 
   2000     50-54    0.005947     0.018292     0.011558 
   2000     55-59    0.008873     0.024547     0.015720 
   2000     60-64    0.011817     0.033819     0.020992 
   2000     65-69    0.018958     0.048487     0.030347 
   2000     70-74    0.030670     0.061063     0.040894 
   2000     75-79    0.052904     0.084548     0.060855 
   2000     80-84    0.096090     0.127417     0.103801 
   2000     85-89    0.159736     0.198355     0.168142 
   2000     90-94    0.256626     0.292643     0.264023 
   2000     95-99    0.342210     0.465259     0.364475 
   2000    100-104   0.502019     0.806139     0.543421 
   2000    105-109   1.016949            .     1.016949 
   2000    110+             .            .            . 
   2001        0     0.010478     0.011395     0.010945 
   2001      1-4     0.000506     0.000843     0.000679 
   2001      5-9     0.000238     0.000480     0.000362 
   2001     10-14    0.000223     0.000405     0.000316 
   2001     15-19    0.000505     0.001241     0.000880 
   2001     20-24    0.000547     0.002311     0.001443 
   2001     25-29    0.000658     0.003064     0.001873 
   2001     30-34    0.001242     0.004179     0.002697 
   2001     35-39    0.001651     0.006232     0.003894 
   2001     40-44    0.002679     0.008708     0.005582 
   2001     45-49    0.004022     0.013118     0.008278 
   2001     50-54    0.006437     0.018103     0.011740 
   2001     55-59    0.008932     0.025768     0.016274 
   2001     60-64    0.011676     0.034152     0.021023 
   2001     65-69    0.019271     0.046321     0.029655 
   2001     70-74    0.031312     0.064664     0.042910 
   2001     75-79    0.053221     0.091022     0.062581 
   2001     80-84    0.096661     0.133999     0.105874 
   2001     85-89    0.167400     0.200372     0.174446 
   2001     90-94    0.260692     0.303483     0.269361 
   2001     95-99    0.388651     0.363471     0.384223 
   2001    100-104   0.554536     0.715033     0.574828 
   2001    105-109   1.232033            .     1.232033 
   2001    110+             .            .            . 
   2002        0     0.008888     0.011041     0.009985 
   2002      1-4     0.000727     0.000953     0.000842 
   2002      5-9     0.000348     0.000523     0.000438 
   2002     10-14    0.000173     0.000275     0.000225 
   2002     15-19    0.000535     0.001076     0.000810 
   2002     20-24    0.000557     0.002512     0.001550 
   2002     25-29    0.000428     0.003028     0.001740 
   2002     30-34    0.001066     0.004297     0.002668 
   2002     35-39    0.001725     0.005815     0.003728 
   2002     40-44    0.002393     0.008148     0.005161 
   2002     45-49    0.003899     0.012587     0.007968 
   2002     50-54    0.005853     0.018030     0.011378 
   2002     55-59    0.008888     0.025185     0.015997 
   2002     60-64    0.011874     0.035015     0.021474 
   2002     65-69    0.018370     0.047426     0.029502 
   2002     70-74    0.030000     0.063546     0.041828 
   2002     75-79    0.052469     0.087625     0.061454 
   2002     80-84    0.093862     0.138797     0.104606 
   2002     85-89    0.164918     0.195939     0.171557 
   2002     90-94    0.256604     0.289437     0.263103 
   2002     95-99    0.353343     0.392384     0.360675 
   2002    100-104   0.480553     0.396462     0.468696 
   2002    105-109   1.268750            .     1.268750 
   2002    110+             .            .            . 
   2003        0     0.008156     0.011132     0.009687 
   2003      1-4     0.000726     0.000837     0.000782 
   2003      5-9     0.000231     0.000370     0.000303 
   2003     10-14    0.000146     0.000342     0.000246 
   2003     15-19    0.000528     0.000951     0.000744 
   2003     20-24    0.000523     0.002040     0.001294 
   2003     25-29    0.000693     0.002673     0.001692 
   2003     30-34    0.000992     0.003214     0.002096 
   2003     35-39    0.001522     0.005190     0.003318 
   2003     40-44    0.002391     0.008000     0.005081 
   2003     45-49    0.004581     0.011004     0.007598 
   2003     50-54    0.005951     0.017611     0.011235 
   2003     55-59    0.008772     0.024507     0.015652 
   2003     60-64    0.012341     0.033472     0.021090 
   2003     65-69    0.018655     0.044699     0.028668 
   2003     70-74    0.030486     0.063323     0.042046 
   2003     75-79    0.053178     0.087631     0.062514 
   2003     80-84    0.095057     0.135217     0.104218 
   2003     85-89    0.171718     0.201203     0.178058 
   2003     90-94    0.254585     0.298067     0.263095 
   2003     95-99    0.393763     0.467042     0.407567 
   2003    100-104   0.509083     0.572997     0.519217 
   2003    105-109   1.232737            .     1.232737 
   2003    110+             .            .            . 
   2004        0     0.009605     0.008915     0.009249 
   2004      1-4     0.000375     0.000657     0.000519 
   2004      5-9     0.000298     0.000472     0.000387 
   2004     10-14    0.000110     0.000332     0.000223 
   2004     15-19    0.000525     0.000944     0.000739 
   2004     20-24    0.000579     0.001810     0.001206 
   2004     25-29    0.000560     0.002374     0.001476 
   2004     30-34    0.001212     0.003668     0.002436 
   2004     35-39    0.001557     0.004879     0.003186 
   2004     40-44    0.002630     0.007615     0.005023 
   2004     45-49    0.003727     0.011478     0.007376 
   2004     50-54    0.005943     0.017351     0.011123 
   2004     55-59    0.008207     0.023862     0.015046 
   2004     60-64    0.012440     0.033156     0.021010 
   2004     65-69    0.017157     0.046661     0.028530 
   2004     70-74    0.028982     0.063196     0.040976 
   2004     75-79    0.052378     0.087682     0.062425 
   2004     80-84    0.092540     0.130629     0.100947 
   2004     85-89    0.159601     0.205840     0.169434 
   2004     90-94    0.259533     0.312969     0.269815 
   2004     95-99    0.385495     0.425473     0.392745 
   2004    100-104   0.368882     0.572713     0.401451 
   2004    105-109   0.436364            .     0.436364 
   2004    110+             .            .            . 
   2005        0     0.007927     0.008082     0.008007 
   2005      1-4     0.000410     0.000574     0.000494 
   2005      5-9     0.000175     0.000403     0.000292 
   2005     10-14    0.000203     0.000473     0.000341 
   2005     15-19    0.000421     0.000912     0.000671 
   2005     20-24    0.000578     0.001902     0.001254 
   2005     25-29    0.000643     0.002697     0.001683 
   2005     30-34    0.001048     0.003851     0.002449 
   2005     35-39    0.001467     0.006060     0.003723 
   2005     40-44    0.002691     0.008486     0.005484 
   2005     45-49    0.003693     0.011397     0.007327 
   2005     50-54    0.005775     0.018592     0.011602 
   2005     55-59    0.008536     0.024657     0.015580 
   2005     60-64    0.011805     0.036926     0.022178 
   2005     65-69    0.016688     0.046610     0.028209 
   2005     70-74    0.030723     0.066771     0.043283 
   2005     75-79    0.049719     0.090200     0.061717 
   2005     80-84    0.094036     0.135129     0.102899 
   2005     85-89    0.159768     0.194347     0.167089 
   2005     90-94    0.252412     0.301507     0.261469 
   2005     95-99    0.385579     0.397031     0.387640 
   2005    100-104   0.442189     0.619759     0.467908 
   2005    105-109   0.576604     6.000000     0.621194 
   2005    110+             .            .            . 
   2006        0     0.007106     0.008276     0.007702 
   2006      1-4     0.000355     0.000517     0.000438 
   2006      5-9     0.000274     0.000408     0.000342 
   2006     10-14    0.000184     0.000289     0.000238 
   2006     15-19    0.000380     0.000890     0.000640 
   2006     20-24    0.000340     0.001792     0.001083 
   2006     25-29    0.000760     0.002385     0.001586 
   2006     30-34    0.000930     0.003968     0.002455 
   2006     35-39    0.001887     0.005814     0.003818 
   2006     40-44    0.002347     0.008559     0.005353 
   2006     45-49    0.004276     0.012884     0.008348 
   2006     50-54    0.006558     0.018594     0.012036 
   2006     55-59    0.009438     0.026337     0.016831 
   2006     60-64    0.013156     0.036866     0.022934 
   2006     65-69    0.017402     0.045398     0.028175 
   2006     70-74    0.029225     0.066000     0.041975 
   2006     75-79    0.050083     0.089838     0.062281 
   2006     80-84    0.090882     0.126941     0.098545 
   2006     85-89    0.154796     0.183570     0.160942 
   2006     90-94    0.256490     0.287989     0.262182 
   2006     95-99    0.397811     0.447374     0.406317 
   2006    100-104   0.541906     0.542113     0.541935 
   2006    105-109   0.980834            .     0.980834 
   2006    110+             .            .            . 
   2007        0     0.009272     0.008358     0.008807 
   2007      1-4     0.000271     0.000515     0.000396 
   2007      5-9     0.000196     0.000355     0.000277 
   2007     10-14    0.000279     0.000390     0.000336 
   2007     15-19    0.000392     0.001025     0.000714 
   2007     20-24    0.000283     0.001467     0.000890 
   2007     25-29    0.000707     0.002938     0.001845 
   2007     30-34    0.000831     0.003748     0.002300 
   2007     35-39    0.001940     0.005229     0.003565 
   2007     40-44    0.002539     0.008209     0.005289 
   2007     45-49    0.003932     0.012072     0.007791 
   2007     50-54    0.006046     0.018122     0.011568 
   2007     55-59    0.008360     0.024839     0.015563 
   2007     60-64    0.011856     0.036393     0.021995 
   2007     65-69    0.017450     0.044305     0.027782 
   2007     70-74    0.028511     0.062129     0.040154 
   2007     75-79    0.051195     0.089738     0.063186 
   2007     80-84    0.091630     0.128962     0.099816 
   2007     85-89    0.162220     0.196244     0.169337 
   2007     90-94    0.269748     0.290472     0.273535 
   2007     95-99    0.413218     0.473785     0.423070 
   2007    100-104   0.518393     0.487132     0.513524 
   2007    105-109   0.839330            .     0.839330 
   2007    110+             .            .            . 
   2008        0     0.005313     0.008157     0.006763 
   2008      1-4     0.000202     0.000477     0.000343 
   2008      5-9     0.000096     0.000297     0.000199 
   2008     10-14    0.000246     0.000320     0.000284 
   2008     15-19    0.000404     0.001000     0.000707 
   2008     20-24    0.000390     0.001815     0.001120 
   2008     25-29    0.000486     0.002692     0.001615 
   2008     30-34    0.000923     0.003317     0.002130 
   2008     35-39    0.001472     0.004532     0.002989 
   2008     40-44    0.002189     0.006710     0.004388 
   2008     45-49    0.003609     0.010790     0.007012 
   2008     50-54    0.005390     0.014989     0.009806 
   2008     55-59    0.007757     0.022852     0.014354 
   2008     60-64    0.011548     0.033531     0.020663 
   2008     65-69    0.016282     0.043146     0.026601 
   2008     70-74    0.027392     0.058556     0.038241 
   2008     75-79    0.047296     0.086662     0.059512 
   2008     80-84    0.083974     0.126400     0.093838 
   2008     85-89    0.146992     0.205519     0.158540 
   2008     90-94    0.237206     0.274799     0.244218 
   2008     95-99    0.388311     0.441801     0.396943 
   2008    100-104   0.526182     0.497196     0.521264 
   2008    105-109   1.051123     0.737288     1.028727 
   2008    110+             .            .            . 
   2009        0     0.007129     0.007564     0.007350 
   2009      1-4     0.000358     0.000454     0.000407 
   2009      5-9     0.000222     0.000354     0.000289 
   2009     10-14    0.000186     0.000381     0.000286 
   2009     15-19    0.000249     0.000762     0.000510 
   2009     20-24    0.000427     0.001382     0.000916 
   2009     25-29    0.000547     0.002554     0.001573 
   2009     30-34    0.000887     0.003125     0.002012 
   2009     35-39    0.001483     0.004119     0.002789 
   2009     40-44    0.002269     0.005784     0.003981 
   2009     45-49    0.003457     0.009176     0.006167 
   2009     50-54    0.004936     0.013570     0.008920 
   2009     55-59    0.007429     0.022166     0.013889 
   2009     60-64    0.011237     0.031054     0.019453 
   2009     65-69    0.015594     0.042037     0.025733 
   2009     70-74    0.025186     0.056661     0.036198 
   2009     75-79    0.046186     0.084321     0.057975 
   2009     80-84    0.082395     0.117803     0.091061 
   2009     85-89    0.141524     0.172035     0.147252 
   2009     90-94    0.243942     0.292331     0.252926 
   2009     95-99    0.384636     0.431297     0.392211 
   2009    100-104   0.461623     0.864149     0.520608 
   2009    105-109   0.887381     2.941634     1.052106 
   2009    110+             .            .            . 
   2010        0     0.005215     0.005533     0.005378 
   2010      1-4     0.000411     0.000319     0.000364 
   2010      5-9     0.000169     0.000333     0.000253 
   2010     10-14    0.000351     0.000428     0.000391 
   2010     15-19    0.000363     0.001001     0.000688 
   2010     20-24    0.000301     0.001485     0.000905 
   2010     25-29    0.000553     0.001817     0.001198 
   2010     30-34    0.000846     0.002778     0.001816 
   2010     35-39    0.001674     0.004275     0.002963 
   2010     40-44    0.002312     0.006754     0.004471 
   2010     45-49    0.003402     0.010666     0.006852 
   2010     50-54    0.005285     0.014818     0.009691 
   2010     55-59    0.008071     0.021671     0.014052 
   2010     60-64    0.011720     0.030563     0.019540 
   2010     65-69    0.018112     0.045546     0.028621 
   2010     70-74    0.026667     0.057501     0.037469 
   2010     75-79    0.047844     0.084937     0.059242 
   2010     80-84    0.082631     0.103819     0.088070 
   2010     85-89    0.123069     0.160790     0.130001 
   2010     90-94    0.209683     0.209920     0.209727 
   2010     95-99    0.301063     0.286134     0.298620 
   2010    100-104   0.308906     0.315789     0.309781 
   2010    105-109   0.434522            .     0.434522 
   2010    110+             .            .            . 
   2011        0     0.006109     0.006974     0.006555 
   2011      1-4     0.000269     0.000382     0.000327 
   2011      5-9     0.000147     0.000349     0.000251 
   2011     10-14    0.000103     0.000207     0.000156 
   2011     15-19    0.000246     0.000738     0.000498 
   2011     20-24    0.000416     0.001109     0.000770 
   2011     25-29    0.000496     0.001912     0.001218 
   2011     30-34    0.000775     0.002922     0.001855 
   2011     35-39    0.001232     0.003721     0.002466 
   2011     40-44    0.002040     0.005260     0.003602 
   2011     45-49    0.003264     0.008669     0.005837 
   2011     50-54    0.004284     0.012845     0.008251 
   2011     55-59    0.007373     0.019732     0.012825 
   2011     60-64    0.010103     0.028218     0.017648 
   2011     65-69    0.016018     0.042804     0.026278 
   2011     70-74    0.023317     0.053914     0.034054 
   2011     75-79    0.041727     0.079482     0.053311 
   2011     80-84    0.073364     0.116926     0.084940 
   2011     85-89    0.130857     0.166354     0.137345 
   2011     90-94    0.227101     0.233635     0.228328 
   2011     95-99    0.354978     0.369212     0.357316 
   2011    100-104   0.402677     0.427973     0.405949 
   2011    105-109   0.578925            .     0.578925 
   2011    110+             .            .            . 
   2012        0     0.005707     0.007293     0.006524 
   2012      1-4     0.000270     0.000152     0.000209 
   2012      5-9     0.000113     0.000234     0.000175 
   2012     10-14    0.000080     0.000120     0.000101 
   2012     15-19    0.000274     0.000769     0.000528 
   2012     20-24    0.000414     0.001070     0.000751 
   2012     25-29    0.000543     0.001775     0.001172 
   2012     30-34    0.000725     0.002597     0.001670 
   2012     35-39    0.001166     0.003817     0.002483 
   2012     40-44    0.001907     0.005636     0.003721 
   2012     45-49    0.002762     0.008575     0.005537 
   2012     50-54    0.004116     0.012971     0.008231 
   2012     55-59    0.006368     0.018548     0.011776 
   2012     60-64    0.010469     0.028853     0.018141 
   2012     65-69    0.015113     0.040093     0.024722 
   2012     70-74    0.023095     0.053814     0.033892 
   2012     75-79    0.041545     0.074679     0.051767 
   2012     80-84    0.078715     0.116496     0.088896 
   2012     85-89    0.139553     0.174861     0.146256 
   2012     90-94    0.228671     0.265851     0.235423 
   2012     95-99    0.366332     0.378838     0.368439 
   2012    100-104   0.585194     0.493852     0.572499 
   2012    105-109   1.304035     0.908367     1.281540 
   2012    110+             .            .            . 
   2013        0     0.004090     0.004956     0.004534 
   2013      1-4     0.000257     0.000412     0.000337 
   2013      5-9     0.000070     0.000257     0.000166 
   2013     10-14    0.000180     0.000237     0.000210 
   2013     15-19    0.000140     0.000558     0.000355 
   2013     20-24    0.000393     0.000861     0.000633 
   2013     25-29    0.000553     0.001523     0.001049 
   2013     30-34    0.000999     0.002826     0.001926 
   2013     35-39    0.001346     0.003799     0.002566 
   2013     40-44    0.002208     0.005567     0.003847 
   2013     45-49    0.003296     0.008491     0.005784 
   2013     50-54    0.004323     0.013171     0.008435 
   2013     55-59    0.006527     0.018737     0.011992 
   2013     60-64    0.009981     0.027521     0.017315 
   2013     65-69    0.014764     0.037864     0.023730 
   2013     70-74    0.023961     0.052514     0.033997 
   2013     75-79    0.040607     0.072573     0.050569 
   2013     80-84    0.073974     0.110413     0.083814 
   2013     85-89    0.134665     0.164255     0.140657 
   2013     90-94    0.227043     0.250394     0.231030 
   2013     95-99    0.343487     0.432425     0.358681 
   2013    100-104   0.430650     0.656399     0.462668 
   2013    105-109   0.694083     2.729508     0.831126 
   2013    110+             .            .            . 
