Slovakia, Death rates (period 5x1)     Last modified: 29-Sep-2015, MPv5 (May07)

   Year      Age       Female       Male         Total
   1950        0     0.108877     0.128321     0.118871 
   1950      1-4     0.004223     0.004316     0.004271 
   1950      5-9     0.000947     0.001192     0.001070 
   1950     10-14    0.000797     0.001163     0.000980 
   1950     15-19    0.001739     0.002225     0.001981 
   1950     20-24    0.002616     0.003186     0.002896 
   1950     25-29    0.002560     0.002967     0.002760 
   1950     30-34    0.002667     0.002868     0.002765 
   1950     35-39    0.003012     0.003618     0.003304 
   1950     40-44    0.003654     0.004805     0.004215 
   1950     45-49    0.005034     0.007185     0.006074 
   1950     50-54    0.007620     0.010572     0.008997 
   1950     55-59    0.011983     0.016458     0.014001 
   1950     60-64    0.019177     0.023902     0.021218 
   1950     65-69    0.030206     0.035496     0.032499 
   1950     70-74    0.054396     0.056134     0.055169 
   1950     75-79    0.078161     0.094933     0.085148 
   1950     80-84    0.129523     0.147155     0.137206 
   1950     85-89    0.204167     0.239038     0.217658 
   1950     90-94    0.288544     0.289591     0.288921 
   1950     95-99    0.438916     0.354749     0.412090 
   1950    100-104   0.651818     1.171666     0.819190 
   1950    105-109          .            .            . 
   1950    110+             .            .            . 
   1951        0     0.102218     0.124524     0.113671 
   1951      1-4     0.004750     0.004823     0.004788 
   1951      5-9     0.000781     0.001150     0.000967 
   1951     10-14    0.000774     0.000964     0.000869 
   1951     15-19    0.001498     0.002113     0.001805 
   1951     20-24    0.002166     0.002802     0.002480 
   1951     25-29    0.002225     0.002832     0.002524 
   1951     30-34    0.002014     0.003488     0.002735 
   1951     35-39    0.002662     0.003736     0.003179 
   1951     40-44    0.003630     0.004712     0.004159 
   1951     45-49    0.004931     0.007303     0.006078 
   1951     50-54    0.007295     0.010629     0.008870 
   1951     55-59    0.011574     0.015926     0.013544 
   1951     60-64    0.017751     0.024838     0.020832 
   1951     65-69    0.030504     0.035914     0.032816 
   1951     70-74    0.052077     0.054193     0.053022 
   1951     75-79    0.082061     0.097819     0.088691 
   1951     80-84    0.137086     0.160211     0.147183 
   1951     85-89    0.222712     0.257136     0.235941 
   1951     90-94    0.302027     0.332051     0.313074 
   1951     95-99    0.492790     0.552632     0.511415 
   1951    100-104   0.610384     0.649842     0.621687 
   1951    105-109          .            .            . 
   1951    110+             .            .            . 
   1952        0     0.070540     0.087399     0.079191 
   1952      1-4     0.003116     0.003237     0.003178 
   1952      5-9     0.000509     0.000853     0.000683 
   1952     10-14    0.000642     0.000946     0.000795 
   1952     15-19    0.001149     0.001625     0.001387 
   1952     20-24    0.001583     0.002500     0.002036 
   1952     25-29    0.001786     0.002484     0.002129 
   1952     30-34    0.002202     0.002832     0.002511 
   1952     35-39    0.002535     0.003165     0.002839 
   1952     40-44    0.003175     0.004483     0.003814 
   1952     45-49    0.004211     0.006477     0.005308 
   1952     50-54    0.007225     0.010815     0.008941 
   1952     55-59    0.011334     0.016455     0.013660 
   1952     60-64    0.016905     0.023472     0.019773 
   1952     65-69    0.030516     0.035798     0.032761 
   1952     70-74    0.052243     0.059573     0.055495 
   1952     75-79    0.085568     0.099201     0.091368 
   1952     80-84    0.141730     0.151538     0.145999 
   1952     85-89    0.228088     0.249600     0.236479 
   1952     90-94    0.319193     0.325810     0.321606 
   1952     95-99    0.551418     0.618379     0.572570 
   1952    100-104   1.089525     2.283186     1.355493 
   1952    105-109          .            .            . 
   1952    110+             .            .            . 
   1953        0     0.059583     0.070025     0.064958 
   1953      1-4     0.003032     0.003394     0.003217 
   1953      5-9     0.000572     0.000815     0.000695 
   1953     10-14    0.000446     0.000762     0.000605 
   1953     15-19    0.000867     0.001499     0.001183 
   1953     20-24    0.001065     0.002238     0.001646 
   1953     25-29    0.001412     0.002142     0.001771 
   1953     30-34    0.001765     0.002758     0.002252 
   1953     35-39    0.002172     0.002974     0.002560 
   1953     40-44    0.002697     0.004243     0.003452 
   1953     45-49    0.004545     0.006226     0.005362 
   1953     50-54    0.006618     0.010051     0.008272 
   1953     55-59    0.010713     0.015703     0.012992 
   1953     60-64    0.017273     0.023794     0.020138 
   1953     65-69    0.031068     0.038064     0.034033 
   1953     70-74    0.052723     0.056126     0.054216 
   1953     75-79    0.085156     0.097291     0.090353 
   1953     80-84    0.145536     0.156168     0.150130 
   1953     85-89    0.233036     0.254545     0.241648 
   1953     90-94    0.324406     0.373085     0.341646 
   1953     95-99    0.613643     0.378497     0.532686 
   1953    100-104   1.763023     0.000000     1.585092 
   1953    105-109          .            .            . 
   1953    110+             .            .            . 
   1954        0     0.047664     0.056354     0.052147 
   1954      1-4     0.002604     0.002545     0.002574 
   1954      5-9     0.000583     0.000778     0.000682 
   1954     10-14    0.000440     0.000743     0.000593 
   1954     15-19    0.000743     0.001278     0.001012 
   1954     20-24    0.001193     0.001984     0.001586 
   1954     25-29    0.001297     0.001960     0.001624 
   1954     30-34    0.001719     0.002298     0.002004 
   1954     35-39    0.002114     0.003065     0.002577 
   1954     40-44    0.002681     0.003911     0.003281 
   1954     45-49    0.004220     0.006088     0.005132 
   1954     50-54    0.006445     0.010161     0.008243 
   1954     55-59    0.009809     0.015515     0.012437 
   1954     60-64    0.017240     0.025191     0.020755 
   1954     65-69    0.031547     0.038017     0.034290 
   1954     70-74    0.053004     0.059875     0.055977 
   1954     75-79    0.093520     0.095921     0.094551 
   1954     80-84    0.154194     0.166132     0.159315 
   1954     85-89    0.229951     0.227640     0.228997 
   1954     90-94    0.334371     0.397089     0.356092 
   1954     95-99    0.444122     0.385448     0.422675 
   1954    100-104   1.986788     0.000000     0.973695 
   1954    105-109          .            .            . 
   1954    110+             .            .            . 
   1955        0     0.040349     0.051343     0.046005 
   1955      1-4     0.002177     0.002360     0.002271 
   1955      5-9     0.000507     0.000772     0.000642 
   1955     10-14    0.000454     0.000667     0.000562 
   1955     15-19    0.000615     0.001352     0.000985 
   1955     20-24    0.000945     0.001874     0.001408 
   1955     25-29    0.001309     0.002046     0.001673 
   1955     30-34    0.001358     0.002349     0.001845 
   1955     35-39    0.001864     0.002693     0.002270 
   1955     40-44    0.002813     0.003532     0.003163 
   1955     45-49    0.004201     0.006118     0.005141 
   1955     50-54    0.006185     0.009574     0.007827 
   1955     55-59    0.009533     0.015403     0.012267 
   1955     60-64    0.016035     0.024363     0.019737 
   1955     65-69    0.027858     0.035121     0.030950 
   1955     70-74    0.048272     0.056352     0.051705 
   1955     75-79    0.085177     0.086691     0.085831 
   1955     80-84    0.131547     0.150575     0.139636 
   1955     85-89    0.226164     0.231274     0.228302 
   1955     90-94    0.336251     0.348463     0.340557 
   1955     95-99    0.518800     0.341787     0.454179 
   1955    100-104   0.000000     0.874153     0.541529 
   1955    105-109          .            .            . 
   1955    110+             .            .            . 
   1956        0     0.036497     0.047314     0.042038 
   1956      1-4     0.001828     0.002013     0.001923 
   1956      5-9     0.000544     0.000750     0.000649 
   1956     10-14    0.000411     0.000691     0.000552 
   1956     15-19    0.000620     0.001179     0.000902 
   1956     20-24    0.000963     0.001797     0.001379 
   1956     25-29    0.001147     0.002102     0.001619 
   1956     30-34    0.001336     0.002082     0.001703 
   1956     35-39    0.001922     0.002535     0.002222 
   1956     40-44    0.002583     0.003740     0.003146 
   1956     45-49    0.003772     0.005578     0.004661 
   1956     50-54    0.005955     0.009594     0.007720 
   1956     55-59    0.009305     0.015044     0.012011 
   1956     60-64    0.015775     0.023239     0.019111 
   1956     65-69    0.027709     0.036829     0.031606 
   1956     70-74    0.049768     0.059464     0.053838 
   1956     75-79    0.082116     0.086298     0.083923 
   1956     80-84    0.130773     0.150061     0.138879 
   1956     85-89    0.209851     0.243615     0.223911 
   1956     90-94    0.310137     0.350489     0.324704 
   1956     95-99    0.470151     0.420925     0.452320 
   1956    100-104   1.160542     0.451418     0.762572 
   1956    105-109          .            .            . 
   1956    110+             .            .            . 
   1957        0     0.042255     0.052571     0.047560 
   1957      1-4     0.002115     0.002352     0.002236 
   1957      5-9     0.000558     0.000797     0.000680 
   1957     10-14    0.000382     0.000700     0.000543 
   1957     15-19    0.000623     0.001282     0.000956 
   1957     20-24    0.000887     0.001857     0.001372 
   1957     25-29    0.001130     0.002095     0.001608 
   1957     30-34    0.001385     0.002087     0.001731 
   1957     35-39    0.001978     0.002587     0.002277 
   1957     40-44    0.002555     0.003450     0.002991 
   1957     45-49    0.003704     0.006020     0.004846 
   1957     50-54    0.006378     0.009425     0.007859 
   1957     55-59    0.009258     0.015846     0.012398 
   1957     60-64    0.016946     0.025151     0.020633 
   1957     65-69    0.030214     0.039566     0.034220 
   1957     70-74    0.050756     0.060197     0.054698 
   1957     75-79    0.087197     0.095143     0.090602 
   1957     80-84    0.147746     0.164969     0.154916 
   1957     85-89    0.231103     0.259561     0.242871 
   1957     90-94    0.360729     0.415069     0.380383 
   1957     95-99    0.604140     0.588783     0.598797 
   1957    100-104   0.380711     2.244789     1.075055 
   1957    105-109          .            .            . 
   1957    110+             .            .            . 
   1958        0     0.032764     0.041950     0.037488 
   1958      1-4     0.001694     0.001996     0.001848 
   1958      5-9     0.000428     0.000685     0.000560 
   1958     10-14    0.000372     0.000656     0.000516 
   1958     15-19    0.000580     0.001155     0.000871 
   1958     20-24    0.000781     0.001602     0.001192 
   1958     25-29    0.000857     0.002001     0.001425 
   1958     30-34    0.001321     0.001964     0.001639 
   1958     35-39    0.001595     0.002410     0.001995 
   1958     40-44    0.002399     0.003154     0.002768 
   1958     45-49    0.003615     0.005232     0.004412 
   1958     50-54    0.005535     0.008840     0.007149 
   1958     55-59    0.008167     0.014631     0.011272 
   1958     60-64    0.014882     0.023708     0.018875 
   1958     65-69    0.024945     0.035070     0.029295 
   1958     70-74    0.045074     0.055154     0.049265 
   1958     75-79    0.077964     0.088046     0.082235 
   1958     80-84    0.131170     0.149511     0.138740 
   1958     85-89    0.209161     0.237827     0.220844 
   1958     90-94    0.348032     0.342969     0.346168 
   1958     95-99    0.436260     0.505613     0.458676 
   1958    100-104   0.624299     1.125704     0.715184 
   1958    105-109          .            .            . 
   1958    110+             .            .            . 
   1959        0     0.028959     0.035483     0.032304 
   1959      1-4     0.002045     0.002003     0.002024 
   1959      5-9     0.000407     0.000774     0.000595 
   1959     10-14    0.000334     0.000670     0.000504 
   1959     15-19    0.000506     0.001312     0.000915 
   1959     20-24    0.000731     0.001839     0.001287 
   1959     25-29    0.000809     0.001861     0.001332 
   1959     30-34    0.001172     0.002387     0.001773 
   1959     35-39    0.001510     0.002442     0.001968 
   1959     40-44    0.002417     0.003737     0.003064 
   1959     45-49    0.003670     0.005583     0.004611 
   1959     50-54    0.005470     0.008896     0.007151 
   1959     55-59    0.008576     0.015121     0.011732 
   1959     60-64    0.015469     0.025993     0.020274 
   1959     65-69    0.026094     0.038311     0.031364 
   1959     70-74    0.050240     0.061992     0.055115 
   1959     75-79    0.082862     0.093048     0.087115 
   1959     80-84    0.141955     0.150680     0.145541 
   1959     85-89    0.234639     0.246712     0.239487 
   1959     90-94    0.350077     0.378522     0.360960 
   1959     95-99    0.457649     0.480480     0.465174 
   1959    100-104   1.108952     0.844538     1.043297 
   1959    105-109          .            .            . 
   1959    110+             .            .            . 
   1960        0     0.026270     0.032076     0.029255 
   1960      1-4     0.001356     0.001751     0.001558 
   1960      5-9     0.000324     0.000564     0.000447 
   1960     10-14    0.000333     0.000557     0.000447 
   1960     15-19    0.000379     0.001181     0.000786 
   1960     20-24    0.000724     0.001685     0.001208 
   1960     25-29    0.000762     0.001831     0.001295 
   1960     30-34    0.001005     0.002174     0.001584 
   1960     35-39    0.001453     0.002614     0.002025 
   1960     40-44    0.002191     0.003387     0.002779 
   1960     45-49    0.003207     0.005015     0.004097 
   1960     50-54    0.004937     0.008196     0.006543 
   1960     55-59    0.008280     0.013803     0.010950 
   1960     60-64    0.014266     0.021650     0.017676 
   1960     65-69    0.023859     0.033452     0.028025 
   1960     70-74    0.045574     0.056056     0.049923 
   1960     75-79    0.075244     0.085954     0.079650 
   1960     80-84    0.132123     0.149743     0.139351 
   1960     85-89    0.213740     0.230033     0.220242 
   1960     90-94    0.291626     0.329875     0.306380 
   1960     95-99    0.389995     0.447212     0.408623 
   1960    100-104   1.238390     1.448109     1.301205 
   1960    105-109          .            .            . 
   1960    110+             .            .            . 
   1961        0     0.025260     0.030956     0.028181 
   1961      1-4     0.001146     0.001537     0.001346 
   1961      5-9     0.000417     0.000514     0.000466 
   1961     10-14    0.000284     0.000533     0.000411 
   1961     15-19    0.000444     0.001220     0.000837 
   1961     20-24    0.000678     0.001827     0.001259 
   1961     25-29    0.000696     0.001585     0.001140 
   1961     30-34    0.000904     0.002031     0.001463 
   1961     35-39    0.001366     0.002673     0.002010 
   1961     40-44    0.002001     0.003034     0.002508 
   1961     45-49    0.003414     0.004651     0.004023 
   1961     50-54    0.004660     0.008073     0.006347 
   1961     55-59    0.008116     0.013374     0.010662 
   1961     60-64    0.012952     0.022253     0.017297 
   1961     65-69    0.023960     0.033994     0.028355 
   1961     70-74    0.043105     0.053366     0.047372 
   1961     75-79    0.075080     0.087848     0.080287 
   1961     80-84    0.126688     0.136819     0.130815 
   1961     85-89    0.191191     0.216311     0.201133 
   1961     90-94    0.289571     0.304426     0.295257 
   1961     95-99    0.531142     0.596112     0.552874 
   1961    100-104   0.638524     3.010033     1.053556 
   1961    105-109          .            .            . 
   1961    110+             .            .            . 
   1962        0     0.022238     0.028594     0.025494 
   1962      1-4     0.001217     0.001401     0.001311 
   1962      5-9     0.000420     0.000539     0.000480 
   1962     10-14    0.000300     0.000454     0.000378 
   1962     15-19    0.000420     0.001117     0.000773 
   1962     20-24    0.000504     0.001689     0.001104 
   1962     25-29    0.000742     0.001664     0.001202 
   1962     30-34    0.000855     0.002117     0.001481 
   1962     35-39    0.001490     0.002595     0.002035 
   1962     40-44    0.002115     0.003081     0.002589 
   1962     45-49    0.003342     0.005022     0.004169 
   1962     50-54    0.004988     0.007874     0.006416 
   1962     55-59    0.008173     0.014588     0.011283 
   1962     60-64    0.014043     0.024296     0.018875 
   1962     65-69    0.024994     0.035558     0.029648 
   1962     70-74    0.045792     0.060823     0.052039 
   1962     75-79    0.084199     0.100322     0.090737 
   1962     80-84    0.138718     0.158895     0.146837 
   1962     85-89    0.233251     0.275612     0.249870 
   1962     90-94    0.343965     0.413969     0.370554 
   1962     95-99    0.513323     0.655831     0.559133 
   1962    100-104   1.352222     0.000000     1.165372 
   1962    105-109          .            .            . 
   1962    110+             .            .            . 
   1963        0     0.023578     0.030664     0.027216 
   1963      1-4     0.001168     0.001452     0.001313 
   1963      5-9     0.000431     0.000634     0.000535 
   1963     10-14    0.000307     0.000516     0.000414 
   1963     15-19    0.000474     0.001202     0.000842 
   1963     20-24    0.000629     0.002018     0.001331 
   1963     25-29    0.000689     0.001760     0.001224 
   1963     30-34    0.000924     0.001997     0.001457 
   1963     35-39    0.001303     0.002640     0.001963 
   1963     40-44    0.002254     0.003625     0.002926 
   1963     45-49    0.003211     0.005191     0.004184 
   1963     50-54    0.004877     0.007985     0.006412 
   1963     55-59    0.007518     0.013948     0.010644 
   1963     60-64    0.013237     0.022181     0.017473 
   1963     65-69    0.023795     0.033908     0.028279 
   1963     70-74    0.039918     0.056244     0.046699 
   1963     75-79    0.074422     0.088656     0.080155 
   1963     80-84    0.128140     0.138601     0.132319 
   1963     85-89    0.204807     0.231684     0.215276 
   1963     90-94    0.322444     0.352812     0.333634 
   1963     95-99    0.353113     0.547368     0.411884 
   1963    100-104   0.476569     1.068566     0.612245 
   1963    105-109          .            .            . 
   1963    110+             .            .            . 
   1964        0     0.023083     0.028974     0.026102 
   1964      1-4     0.001123     0.001540     0.001337 
   1964      5-9     0.000361     0.000703     0.000535 
   1964     10-14    0.000218     0.000490     0.000357 
   1964     15-19    0.000422     0.001193     0.000813 
   1964     20-24    0.000490     0.001835     0.001169 
   1964     25-29    0.000674     0.001664     0.001168 
   1964     30-34    0.001006     0.001940     0.001470 
   1964     35-39    0.001328     0.002451     0.001883 
   1964     40-44    0.001990     0.003655     0.002806 
   1964     45-49    0.003531     0.004843     0.004175 
   1964     50-54    0.004998     0.007722     0.006339 
   1964     55-59    0.007768     0.012989     0.010315 
   1964     60-64    0.013037     0.021802     0.017199 
   1964     65-69    0.022065     0.034506     0.027626 
   1964     70-74    0.040885     0.053001     0.045932 
   1964     75-79    0.071634     0.083620     0.076433 
   1964     80-84    0.123905     0.133942     0.127883 
   1964     85-89    0.190228     0.225153     0.203770 
   1964     90-94    0.298809     0.352528     0.318345 
   1964     95-99    0.431622     0.507440     0.455651 
   1964    100-104   0.389142     2.975207     0.620690 
   1964    105-109          .            .            . 
   1964    110+             .            .            . 
   1965        0     0.026077     0.031077     0.028659 
   1965      1-4     0.001390     0.001797     0.001598 
   1965      5-9     0.000401     0.000641     0.000523 
   1965     10-14    0.000289     0.000486     0.000390 
   1965     15-19    0.000409     0.001160     0.000791 
   1965     20-24    0.000531     0.001833     0.001186 
   1965     25-29    0.000725     0.001650     0.001186 
   1965     30-34    0.001038     0.002009     0.001521 
   1965     35-39    0.001295     0.002676     0.001977 
   1965     40-44    0.002121     0.003635     0.002864 
   1965     45-49    0.003246     0.005437     0.004321 
   1965     50-54    0.004927     0.008314     0.006591 
   1965     55-59    0.007529     0.013238     0.010319 
   1965     60-64    0.013266     0.023040     0.017909 
   1965     65-69    0.023935     0.037383     0.029993 
   1965     70-74    0.042660     0.057492     0.048879 
   1965     75-79    0.077572     0.091810     0.083252 
   1965     80-84    0.130200     0.149867     0.137908 
   1965     85-89    0.216753     0.251603     0.230220 
   1965     90-94    0.334767     0.315160     0.327649 
   1965     95-99    0.426052     0.367056     0.407124 
   1965    100-104   0.626796     0.000000     0.600901 
   1965    105-109          .            .            . 
   1965    110+             .            .            . 
   1966        0     0.023982     0.030125     0.027149 
   1966      1-4     0.001273     0.001620     0.001451 
   1966      5-9     0.000364     0.000619     0.000494 
   1966     10-14    0.000274     0.000572     0.000426 
   1966     15-19    0.000402     0.001178     0.000797 
   1966     20-24    0.000528     0.002079     0.001307 
   1966     25-29    0.000645     0.001799     0.001222 
   1966     30-34    0.000858     0.002245     0.001546 
   1966     35-39    0.001320     0.002878     0.002090 
   1966     40-44    0.002066     0.003814     0.002924 
   1966     45-49    0.002921     0.005151     0.004013 
   1966     50-54    0.004916     0.008420     0.006633 
   1966     55-59    0.007817     0.013501     0.010598 
   1966     60-64    0.013391     0.022421     0.017678 
   1966     65-69    0.023056     0.038701     0.030149 
   1966     70-74    0.042072     0.057030     0.048389 
   1966     75-79    0.073890     0.091673     0.080962 
   1966     80-84    0.132547     0.153289     0.140595 
   1966     85-89    0.212478     0.236613     0.221697 
   1966     90-94    0.303464     0.372490     0.327995 
   1966     95-99    0.392737     0.562482     0.449223 
   1966    100-104   1.131747     1.736614     1.186865 
   1966    105-109          .            .            . 
   1966    110+             .            .            . 
   1967        0     0.021974     0.028304     0.025213 
   1967      1-4     0.001186     0.001314     0.001252 
   1967      5-9     0.000354     0.000602     0.000481 
   1967     10-14    0.000308     0.000432     0.000371 
   1967     15-19    0.000418     0.001210     0.000823 
   1967     20-24    0.000548     0.001741     0.001147 
   1967     25-29    0.000649     0.001954     0.001300 
   1967     30-34    0.000787     0.002171     0.001473 
   1967     35-39    0.001226     0.002847     0.002028 
   1967     40-44    0.001972     0.003771     0.002856 
   1967     45-49    0.003089     0.005637     0.004333 
   1967     50-54    0.004784     0.008481     0.006591 
   1967     55-59    0.007672     0.012978     0.010267 
   1967     60-64    0.012682     0.023545     0.017841 
   1967     65-69    0.021911     0.036426     0.028538 
   1967     70-74    0.040834     0.054321     0.046551 
   1967     75-79    0.068154     0.085285     0.074944 
   1967     80-84    0.124541     0.143795     0.131958 
   1967     85-89    0.197691     0.214189     0.203962 
   1967     90-94    0.314824     0.328878     0.319754 
   1967     95-99    0.440248     0.556393     0.478003 
   1967    100-104   0.537313     0.684932     0.554382 
   1967    105-109          .            .            . 
   1967    110+             .            .            . 
   1968        0     0.019588     0.027018     0.023403 
   1968      1-4     0.001143     0.001461     0.001306 
   1968      5-9     0.000352     0.000614     0.000486 
   1968     10-14    0.000292     0.000498     0.000397 
   1968     15-19    0.000420     0.001130     0.000783 
   1968     20-24    0.000537     0.002145     0.001346 
   1968     25-29    0.000675     0.001757     0.001214 
   1968     30-34    0.001084     0.002481     0.001776 
   1968     35-39    0.001332     0.002869     0.002092 
   1968     40-44    0.002308     0.004003     0.003141 
   1968     45-49    0.003222     0.006125     0.004637 
   1968     50-54    0.005363     0.008915     0.007096 
   1968     55-59    0.008176     0.014881     0.011447 
   1968     60-64    0.012865     0.024552     0.018428 
   1968     65-69    0.023398     0.038177     0.030174 
   1968     70-74    0.040314     0.058834     0.048192 
   1968     75-79    0.073603     0.094725     0.081956 
   1968     80-84    0.126237     0.143491     0.132825 
   1968     85-89    0.209889     0.238360     0.220641 
   1968     90-94    0.342747     0.346895     0.344219 
   1968     95-99    0.431511     0.506347     0.454719 
   1968    100-104   0.471578     0.942902     0.554673 
   1968    105-109          .            .            . 
   1968    110+             .            .            . 
   1969        0     0.023412     0.029591     0.026580 
   1969      1-4     0.001150     0.001351     0.001253 
   1969      5-9     0.000458     0.000718     0.000591 
   1969     10-14    0.000332     0.000474     0.000404 
   1969     15-19    0.000395     0.001257     0.000836 
   1969     20-24    0.000522     0.002033     0.001285 
   1969     25-29    0.000519     0.001971     0.001242 
   1969     30-34    0.000883     0.002361     0.001612 
   1969     35-39    0.001380     0.003271     0.002316 
   1969     40-44    0.002029     0.004833     0.003407 
   1969     45-49    0.003419     0.006562     0.004949 
   1969     50-54    0.005475     0.008934     0.007162 
   1969     55-59    0.008299     0.015597     0.011847 
   1969     60-64    0.013647     0.026120     0.019602 
   1969     65-69    0.024279     0.042002     0.032405 
   1969     70-74    0.042508     0.064717     0.051991 
   1969     75-79    0.074765     0.098770     0.084239 
   1969     80-84    0.122759     0.149197     0.132760 
   1969     85-89    0.209082     0.233703     0.218232 
   1969     90-94    0.292858     0.350383     0.313622 
   1969     95-99    0.391505     0.521834     0.429972 
   1969    100-104   0.606450     1.000834     0.677660 
   1969    105-109          .            .            . 
   1969    110+             .            .            . 
   1970        0     0.022424     0.028551     0.025564 
   1970      1-4     0.001158     0.001302     0.001232 
   1970      5-9     0.000382     0.000515     0.000450 
   1970     10-14    0.000307     0.000570     0.000442 
   1970     15-19    0.000454     0.001143     0.000806 
   1970     20-24    0.000543     0.001893     0.001228 
   1970     25-29    0.000536     0.001776     0.001152 
   1970     30-34    0.000966     0.002674     0.001807 
   1970     35-39    0.001454     0.003401     0.002416 
   1970     40-44    0.001984     0.004707     0.003322 
   1970     45-49    0.003470     0.007002     0.005188 
   1970     50-54    0.005293     0.009465     0.007325 
   1970     55-59    0.008588     0.016449     0.012399 
   1970     60-64    0.013682     0.025806     0.019473 
   1970     65-69    0.023465     0.041725     0.031818 
   1970     70-74    0.045218     0.064111     0.053326 
   1970     75-79    0.075887     0.103135     0.086657 
   1970     80-84    0.134291     0.155854     0.142372 
   1970     85-89    0.207269     0.228412     0.214998 
   1970     90-94    0.317234     0.368004     0.335408 
   1970     95-99    0.433613     0.503787     0.453722 
   1970    100-104   0.717598     1.248050     0.792536 
   1970    105-109          .            .            . 
   1970    110+             .            .            . 
   1971        0     0.020963     0.027819     0.024479 
   1971      1-4     0.001039     0.001346     0.001196 
   1971      5-9     0.000361     0.000599     0.000483 
   1971     10-14    0.000202     0.000439     0.000323 
   1971     15-19    0.000374     0.001158     0.000774 
   1971     20-24    0.000520     0.001816     0.001180 
   1971     25-29    0.000672     0.001982     0.001323 
   1971     30-34    0.000703     0.002477     0.001577 
   1971     35-39    0.001457     0.003121     0.002277 
   1971     40-44    0.002170     0.004777     0.003451 
   1971     45-49    0.003467     0.007447     0.005403 
   1971     50-54    0.005610     0.010253     0.007863 
   1971     55-59    0.008400     0.015896     0.012023 
   1971     60-64    0.013693     0.025383     0.019276 
   1971     65-69    0.022995     0.041778     0.031568 
   1971     70-74    0.043812     0.067171     0.053879 
   1971     75-79    0.075929     0.103091     0.086705 
   1971     80-84    0.125515     0.158365     0.137692 
   1971     85-89    0.205917     0.234524     0.216276 
   1971     90-94    0.307720     0.347204     0.321760 
   1971     95-99    0.412904     0.555247     0.452535 
   1971    100-104   0.635201     2.096070     0.769231 
   1971    105-109          .            .            . 
   1971    110+             .            .            . 
   1972        0     0.021574     0.031362     0.026578 
   1972      1-4     0.000910     0.000960     0.000935 
   1972      5-9     0.000402     0.000569     0.000487 
   1972     10-14    0.000217     0.000482     0.000353 
   1972     15-19    0.000360     0.001223     0.000800 
   1972     20-24    0.000480     0.001854     0.001181 
   1972     25-29    0.000639     0.001827     0.001231 
   1972     30-34    0.001001     0.002400     0.001691 
   1972     35-39    0.001427     0.002942     0.002172 
   1972     40-44    0.002053     0.004947     0.003475 
   1972     45-49    0.003243     0.007666     0.005397 
   1972     50-54    0.005396     0.010111     0.007673 
   1972     55-59    0.007932     0.015715     0.011680 
   1972     60-64    0.012365     0.024203     0.018013 
   1972     65-69    0.021906     0.039924     0.030128 
   1972     70-74    0.037606     0.060885     0.047662 
   1972     75-79    0.068251     0.094172     0.078526 
   1972     80-84    0.124639     0.145052     0.132131 
   1972     85-89    0.196063     0.216072     0.203257 
   1972     90-94    0.294306     0.323545     0.304599 
   1972     95-99    0.420323     0.335581     0.395999 
   1972    100-104   0.856968     0.549954     0.826199 
   1972    105-109          .            .            . 
   1972    110+             .            .            . 
   1973        0     0.022894     0.029103     0.026056 
   1973      1-4     0.001047     0.001151     0.001100 
   1973      5-9     0.000348     0.000600     0.000477 
   1973     10-14    0.000291     0.000524     0.000410 
   1973     15-19    0.000439     0.001268     0.000861 
   1973     20-24    0.000464     0.001699     0.001094 
   1973     25-29    0.000702     0.001612     0.001157 
   1973     30-34    0.000840     0.002252     0.001537 
   1973     35-39    0.001405     0.003088     0.002232 
   1973     40-44    0.002062     0.004994     0.003503 
   1973     45-49    0.003429     0.007507     0.005416 
   1973     50-54    0.005330     0.011003     0.008063 
   1973     55-59    0.008328     0.017136     0.012558 
   1973     60-64    0.013030     0.024481     0.018476 
   1973     65-69    0.022442     0.039926     0.030439 
   1973     70-74    0.040050     0.062626     0.049819 
   1973     75-79    0.071797     0.097698     0.082065 
   1973     80-84    0.126766     0.153520     0.136549 
   1973     85-89    0.207534     0.233548     0.216722 
   1973     90-94    0.290348     0.342518     0.308248 
   1973     95-99    0.402616     0.451186     0.418157 
   1973    100-104   0.723185     1.127341     0.783582 
   1973    105-109          .            .            . 
   1973    110+             .            .            . 
   1974        0     0.020235     0.027281     0.023828 
   1974      1-4     0.000883     0.001188     0.001039 
   1974      5-9     0.000328     0.000521     0.000427 
   1974     10-14    0.000278     0.000504     0.000394 
   1974     15-19    0.000395     0.001162     0.000787 
   1974     20-24    0.000438     0.001474     0.000967 
   1974     25-29    0.000601     0.001622     0.001114 
   1974     30-34    0.000895     0.002266     0.001572 
   1974     35-39    0.001318     0.003312     0.002295 
   1974     40-44    0.002077     0.004990     0.003509 
   1974     45-49    0.003295     0.007373     0.005280 
   1974     50-54    0.005315     0.011560     0.008318 
   1974     55-59    0.008416     0.016259     0.012178 
   1974     60-64    0.013205     0.025730     0.019145 
   1974     65-69    0.022963     0.040639     0.031069 
   1974     70-74    0.039107     0.066152     0.050787 
   1974     75-79    0.072320     0.099436     0.083106 
   1974     80-84    0.120107     0.151417     0.131498 
   1974     85-89    0.212360     0.233316     0.219657 
   1974     90-94    0.317878     0.342399     0.326180 
   1974     95-99    0.479666     0.436118     0.465967 
   1974    100-104   0.878378     0.723473     0.844476 
   1974    105-109          .            .            . 
   1974    110+             .            .            . 
   1975        0     0.020864     0.027298     0.024144 
   1975      1-4     0.000854     0.001127     0.000993 
   1975      5-9     0.000454     0.000577     0.000517 
   1975     10-14    0.000294     0.000441     0.000369 
   1975     15-19    0.000372     0.001133     0.000761 
   1975     20-24    0.000402     0.001536     0.000980 
   1975     25-29    0.000453     0.001832     0.001149 
   1975     30-34    0.000776     0.002281     0.001520 
   1975     35-39    0.001301     0.003323     0.002291 
   1975     40-44    0.001812     0.005215     0.003482 
   1975     45-49    0.003185     0.007566     0.005317 
   1975     50-54    0.005114     0.011725     0.008288 
   1975     55-59    0.008085     0.016400     0.012065 
   1975     60-64    0.013307     0.024520     0.018611 
   1975     65-69    0.021683     0.039588     0.029897 
   1975     70-74    0.038455     0.062408     0.048763 
   1975     75-79    0.070111     0.101655     0.082677 
   1975     80-84    0.124107     0.155292     0.135453 
   1975     85-89    0.202410     0.225073     0.210218 
   1975     90-94    0.298321     0.326476     0.307870 
   1975     95-99    0.425929     0.463303     0.437699 
   1975    100-104   0.648052     0.117279     0.458902 
   1975    105-109          .            .            . 
   1975    110+             .            .            . 
   1976        0     0.021497     0.028733     0.025196 
   1976      1-4     0.000723     0.001008     0.000868 
   1976      5-9     0.000368     0.000549     0.000461 
   1976     10-14    0.000277     0.000481     0.000381 
   1976     15-19    0.000438     0.000947     0.000699 
   1976     20-24    0.000430     0.001360     0.000903 
   1976     25-29    0.000562     0.001560     0.001068 
   1976     30-34    0.000870     0.002286     0.001570 
   1976     35-39    0.001218     0.003366     0.002271 
   1976     40-44    0.001964     0.004619     0.003265 
   1976     45-49    0.003054     0.007931     0.005428 
   1976     50-54    0.004946     0.011844     0.008255 
   1976     55-59    0.007851     0.016647     0.012041 
   1976     60-64    0.012721     0.025264     0.018631 
   1976     65-69    0.020882     0.038842     0.029127 
   1976     70-74    0.039110     0.062730     0.049251 
   1976     75-79    0.067912     0.095115     0.078769 
   1976     80-84    0.120378     0.147276     0.130180 
   1976     85-89    0.202688     0.222893     0.209581 
   1976     90-94    0.292607     0.309475     0.298303 
   1976     95-99    0.416363     0.386561     0.406795 
   1976    100-104   0.467122     0.465531     0.466484 
   1976    105-109          .            .            . 
   1976    110+             .            .            . 
   1977        0     0.017915     0.025652     0.021892 
   1977      1-4     0.000643     0.000994     0.000822 
   1977      5-9     0.000331     0.000556     0.000446 
   1977     10-14    0.000245     0.000473     0.000362 
   1977     15-19    0.000380     0.001029     0.000713 
   1977     20-24    0.000402     0.001467     0.000945 
   1977     25-29    0.000425     0.001520     0.000981 
   1977     30-34    0.000761     0.002410     0.001579 
   1977     35-39    0.001154     0.003577     0.002342 
   1977     40-44    0.002114     0.005101     0.003574 
   1977     45-49    0.003188     0.008211     0.005631 
   1977     50-54    0.005119     0.012713     0.008765 
   1977     55-59    0.007987     0.017257     0.012377 
   1977     60-64    0.013753     0.026049     0.019520 
   1977     65-69    0.022155     0.039698     0.030201 
   1977     70-74    0.037628     0.065811     0.049725 
   1977     75-79    0.070058     0.096527     0.080649 
   1977     80-84    0.121490     0.153278     0.133022 
   1977     85-89    0.199688     0.248614     0.216159 
   1977     90-94    0.308137     0.340408     0.318919 
   1977     95-99    0.369777     0.412390     0.382744 
   1977    100-104   0.697015     0.679810     0.689744 
   1977    105-109          .            .            . 
   1977    110+             .            .            . 
   1978        0     0.018917     0.025491     0.022282 
   1978      1-4     0.000747     0.000968     0.000860 
   1978      5-9     0.000386     0.000466     0.000427 
   1978     10-14    0.000244     0.000398     0.000323 
   1978     15-19    0.000407     0.000775     0.000596 
   1978     20-24    0.000405     0.001599     0.001014 
   1978     25-29    0.000543     0.001531     0.001045 
   1978     30-34    0.000887     0.002100     0.001491 
   1978     35-39    0.001178     0.003266     0.002203 
   1978     40-44    0.002309     0.005414     0.003824 
   1978     45-49    0.003354     0.008105     0.005664 
   1978     50-54    0.005555     0.012170     0.008732 
   1978     55-59    0.008159     0.017903     0.012753 
   1978     60-64    0.013892     0.026687     0.019869 
   1978     65-69    0.021212     0.040380     0.029974 
   1978     70-74    0.038253     0.065487     0.049969 
   1978     75-79    0.067423     0.098658     0.079893 
   1978     80-84    0.120520     0.152917     0.132268 
   1978     85-89    0.187416     0.221647     0.198748 
   1978     90-94    0.286900     0.344343     0.305244 
   1978     95-99    0.397655     0.380357     0.392355 
   1978    100-104   0.365213     0.732438     0.514580 
   1978    105-109          .            .            . 
   1978    110+             .            .            . 
   1979        0     0.018232     0.024330     0.021335 
   1979      1-4     0.000622     0.000855     0.000741 
   1979      5-9     0.000229     0.000467     0.000351 
   1979     10-14    0.000212     0.000473     0.000345 
   1979     15-19    0.000384     0.000889     0.000643 
   1979     20-24    0.000415     0.001329     0.000882 
   1979     25-29    0.000463     0.001531     0.001006 
   1979     30-34    0.000742     0.002053     0.001398 
   1979     35-39    0.001133     0.003579     0.002334 
   1979     40-44    0.001938     0.005082     0.003469 
   1979     45-49    0.003110     0.008183     0.005577 
   1979     50-54    0.005011     0.012258     0.008487 
   1979     55-59    0.008447     0.017937     0.012909 
   1979     60-64    0.012526     0.025863     0.018745 
   1979     65-69    0.020890     0.039410     0.029327 
   1979     70-74    0.037921     0.062638     0.048580 
   1979     75-79    0.067336     0.098125     0.079560 
   1979     80-84    0.118264     0.152082     0.130539 
   1979     85-89    0.191334     0.219200     0.200469 
   1979     90-94    0.302009     0.330023     0.310658 
   1979     95-99    0.422367     0.515329     0.450396 
   1979    100-104   0.811714     0.374883     0.638012 
   1979    105-109   6.000000            .     6.000000 
   1979    110+             .            .            . 
   1980        0     0.017654     0.023711     0.020747 
   1980      1-4     0.000687     0.000840     0.000765 
   1980      5-9     0.000244     0.000481     0.000365 
   1980     10-14    0.000215     0.000463     0.000342 
   1980     15-19    0.000365     0.000871     0.000624 
   1980     20-24    0.000339     0.001303     0.000833 
   1980     25-29    0.000496     0.001354     0.000933 
   1980     30-34    0.000739     0.002005     0.001375 
   1980     35-39    0.001277     0.003601     0.002418 
   1980     40-44    0.002129     0.005169     0.003607 
   1980     45-49    0.003107     0.008169     0.005566 
   1980     50-54    0.004791     0.013066     0.008755 
   1980     55-59    0.008531     0.019032     0.013459 
   1980     60-64    0.013366     0.025929     0.019211 
   1980     65-69    0.021325     0.042387     0.030881 
   1980     70-74    0.039280     0.067291     0.051359 
   1980     75-79    0.069813     0.102645     0.082780 
   1980     80-84    0.122829     0.166631     0.138651 
   1980     85-89    0.198270     0.237443     0.211064 
   1980     90-94    0.331149     0.351709     0.337475 
   1980     95-99    0.470871     0.419150     0.455902 
   1980    100-104   0.877335     1.056490     0.950338 
   1980    105-109   6.000000     6.000000     6.000000 
   1980    110+             .            .            . 
   1981        0     0.015913     0.022684     0.019374 
   1981      1-4     0.000557     0.000747     0.000654 
   1981      5-9     0.000312     0.000452     0.000383 
   1981     10-14    0.000285     0.000426     0.000358 
   1981     15-19    0.000339     0.000943     0.000647 
   1981     20-24    0.000457     0.001454     0.000969 
   1981     25-29    0.000524     0.001561     0.001051 
   1981     30-34    0.000668     0.002260     0.001470 
   1981     35-39    0.001274     0.003231     0.002236 
   1981     40-44    0.001845     0.005708     0.003725 
   1981     45-49    0.003121     0.008729     0.005838 
   1981     50-54    0.005265     0.012621     0.008787 
   1981     55-59    0.008237     0.019528     0.013528 
   1981     60-64    0.012360     0.027650     0.019428 
   1981     65-69    0.021450     0.041018     0.030275 
   1981     70-74    0.037538     0.063364     0.048671 
   1981     75-79    0.066160     0.097541     0.078499 
   1981     80-84    0.119444     0.153043     0.131556 
   1981     85-89    0.190041     0.228518     0.202540 
   1981     90-94    0.283249     0.333034     0.298320 
   1981     95-99    0.414978     0.557688     0.456336 
   1981    100-104   0.637281     0.959021     0.744376 
   1981    105-109          .            .            . 
   1981    110+             .            .            . 
   1982        0     0.015489     0.020696     0.018148 
   1982      1-4     0.000563     0.000747     0.000657 
   1982      5-9     0.000263     0.000434     0.000350 
   1982     10-14    0.000217     0.000390     0.000305 
   1982     15-19    0.000298     0.000955     0.000633 
   1982     20-24    0.000345     0.001243     0.000806 
   1982     25-29    0.000482     0.001579     0.001040 
   1982     30-34    0.000719     0.002048     0.001390 
   1982     35-39    0.001147     0.003162     0.002141 
   1982     40-44    0.001826     0.005432     0.003580 
   1982     45-49    0.003084     0.008191     0.005553 
   1982     50-54    0.004861     0.012750     0.008636 
   1982     55-59    0.008184     0.019785     0.013619 
   1982     60-64    0.012914     0.028146     0.019900 
   1982     65-69    0.022726     0.042487     0.031581 
   1982     70-74    0.037862     0.063483     0.048889 
   1982     75-79    0.066723     0.098207     0.079110 
   1982     80-84    0.118459     0.160659     0.133624 
   1982     85-89    0.192130     0.236869     0.206529 
   1982     90-94    0.301110     0.309427     0.303602 
   1982     95-99    0.409668     0.476841     0.427960 
   1982    100-104   0.574435     1.106246     0.703146 
   1982    105-109          .            .            . 
   1982    110+             .            .            . 
   1983        0     0.015340     0.020012     0.017733 
   1983      1-4     0.000545     0.000655     0.000601 
   1983      5-9     0.000280     0.000425     0.000354 
   1983     10-14    0.000220     0.000387     0.000305 
   1983     15-19    0.000341     0.000795     0.000572 
   1983     20-24    0.000362     0.001376     0.000881 
   1983     25-29    0.000373     0.001588     0.000992 
   1983     30-34    0.000756     0.001983     0.001377 
   1983     35-39    0.001195     0.003306     0.002241 
   1983     40-44    0.002088     0.005530     0.003762 
   1983     45-49    0.003280     0.009001     0.006040 
   1983     50-54    0.005129     0.013824     0.009285 
   1983     55-59    0.008502     0.020343     0.014047 
   1983     60-64    0.013378     0.029802     0.020862 
   1983     65-69    0.024029     0.043540     0.032726 
   1983     70-74    0.038201     0.064800     0.049600 
   1983     75-79    0.067366     0.102207     0.081109 
   1983     80-84    0.121481     0.166143     0.137392 
   1983     85-89    0.199761     0.238070     0.211990 
   1983     90-94    0.302794     0.351962     0.317293 
   1983     95-99    0.445712     0.548433     0.471927 
   1983    100-104   0.660797     1.260974     0.772547 
   1983    105-109          .            .            . 
   1983    110+             .            .            . 
   1984        0     0.015159     0.019303     0.017278 
   1984      1-4     0.000562     0.000672     0.000618 
   1984      5-9     0.000243     0.000373     0.000309 
   1984     10-14    0.000245     0.000292     0.000269 
   1984     15-19    0.000305     0.000875     0.000596 
   1984     20-24    0.000288     0.001225     0.000767 
   1984     25-29    0.000378     0.001477     0.000938 
   1984     30-34    0.000679     0.002183     0.001441 
   1984     35-39    0.001173     0.003175     0.002169 
   1984     40-44    0.001982     0.005677     0.003782 
   1984     45-49    0.003213     0.009041     0.006016 
   1984     50-54    0.005524     0.014280     0.009706 
   1984     55-59    0.007477     0.020492     0.013557 
   1984     60-64    0.013349     0.031014     0.021357 
   1984     65-69    0.021705     0.041633     0.030569 
   1984     70-74    0.036929     0.063604     0.048319 
   1984     75-79    0.066087     0.098633     0.078929 
   1984     80-84    0.115688     0.154768     0.129519 
   1984     85-89    0.190970     0.227362     0.202575 
   1984     90-94    0.309985     0.343666     0.319694 
   1984     95-99    0.458918     0.478585     0.463959 
   1984    100-104   0.609096     0.641026     0.614195 
   1984    105-109          .            .            . 
   1984    110+             .            .            . 
   1985        0     0.014087     0.018765     0.016477 
   1985      1-4     0.000520     0.000622     0.000572 
   1985      5-9     0.000265     0.000446     0.000357 
   1985     10-14    0.000217     0.000335     0.000277 
   1985     15-19    0.000320     0.000859     0.000595 
   1985     20-24    0.000385     0.001305     0.000855 
   1985     25-29    0.000539     0.001466     0.001012 
   1985     30-34    0.000614     0.002096     0.001364 
   1985     35-39    0.001286     0.003153     0.002220 
   1985     40-44    0.001928     0.005321     0.003580 
   1985     45-49    0.003449     0.009014     0.006121 
   1985     50-54    0.005203     0.014366     0.009573 
   1985     55-59    0.008585     0.019441     0.013648 
   1985     60-64    0.012897     0.030513     0.020851 
   1985     65-69    0.021010     0.041788     0.030223 
   1985     70-74    0.038438     0.063605     0.049141 
   1985     75-79    0.065938     0.098474     0.078763 
   1985     80-84    0.118555     0.155498     0.131568 
   1985     85-89    0.191592     0.236816     0.205957 
   1985     90-94    0.308806     0.312590     0.309894 
   1985     95-99    0.477191     0.457066     0.471758 
   1985    100-104   0.870082     1.341019     0.944582 
   1985    105-109   6.000000            .     6.000000 
   1985    110+             .            .            . 
   1986        0     0.012405     0.017413     0.014967 
   1986      1-4     0.000439     0.000650     0.000547 
   1986      5-9     0.000215     0.000310     0.000264 
   1986     10-14    0.000191     0.000279     0.000236 
   1986     15-19    0.000429     0.000878     0.000658 
   1986     20-24    0.000385     0.001262     0.000831 
   1986     25-29    0.000464     0.001440     0.000962 
   1986     30-34    0.000631     0.001930     0.001288 
   1986     35-39    0.001215     0.002845     0.002033 
   1986     40-44    0.002036     0.005392     0.003672 
   1986     45-49    0.003284     0.008765     0.005918 
   1986     50-54    0.005164     0.012984     0.008881 
   1986     55-59    0.008186     0.021000     0.014158 
   1986     60-64    0.013074     0.031128     0.021205 
   1986     65-69    0.019927     0.042061     0.029649 
   1986     70-74    0.039057     0.064168     0.049668 
   1986     75-79    0.068799     0.101136     0.081549 
   1986     80-84    0.117494     0.161792     0.133010 
   1986     85-89    0.200403     0.241995     0.213480 
   1986     90-94    0.320638     0.342411     0.326894 
   1986     95-99    0.362572     0.527065     0.405273 
   1986    100-104   0.491140     0.943767     0.558002 
   1986    105-109          .            .            . 
   1986    110+             .            .            . 
   1987        0     0.012115     0.015987     0.014091 
   1987      1-4     0.000653     0.000652     0.000652 
   1987      5-9     0.000244     0.000318     0.000282 
   1987     10-14    0.000163     0.000254     0.000210 
   1987     15-19    0.000347     0.000735     0.000545 
   1987     20-24    0.000302     0.001066     0.000691 
   1987     25-29    0.000550     0.001339     0.000953 
   1987     30-34    0.000640     0.001890     0.001273 
   1987     35-39    0.001283     0.003052     0.002173 
   1987     40-44    0.001894     0.005525     0.003671 
   1987     45-49    0.003596     0.009136     0.006257 
   1987     50-54    0.005514     0.014129     0.009599 
   1987     55-59    0.007825     0.021134     0.014017 
   1987     60-64    0.013127     0.030757     0.021060 
   1987     65-69    0.020768     0.043894     0.030819 
   1987     70-74    0.038903     0.062994     0.049021 
   1987     75-79    0.063295     0.095398     0.075939 
   1987     80-84    0.112562     0.147533     0.124820 
   1987     85-89    0.184620     0.218751     0.195333 
   1987     90-94    0.277155     0.303991     0.284698 
   1987     95-99    0.405471     0.390324     0.401686 
   1987    100-104   0.823455     0.812015     0.821646 
   1987    105-109   6.000000            .     6.000000 
   1987    110+             .            .            . 
   1988        0     0.010776     0.015979     0.013428 
   1988      1-4     0.000588     0.000586     0.000587 
   1988      5-9     0.000195     0.000268     0.000232 
   1988     10-14    0.000139     0.000324     0.000233 
   1988     15-19    0.000314     0.000868     0.000597 
   1988     20-24    0.000356     0.001201     0.000785 
   1988     25-29    0.000515     0.001374     0.000953 
   1988     30-34    0.000876     0.001972     0.001431 
   1988     35-39    0.001041     0.003102     0.002079 
   1988     40-44    0.001732     0.005269     0.003471 
   1988     45-49    0.003354     0.009254     0.006189 
   1988     50-54    0.004881     0.014309     0.009341 
   1988     55-59    0.008004     0.020452     0.013785 
   1988     60-64    0.013196     0.031438     0.021390 
   1988     65-69    0.021525     0.044328     0.031354 
   1988     70-74    0.038279     0.065358     0.049568 
   1988     75-79    0.062121     0.096978     0.075791 
   1988     80-84    0.108733     0.149952     0.123253 
   1988     85-89    0.181194     0.223616     0.194437 
   1988     90-94    0.282520     0.327953     0.295200 
   1988     95-99    0.400541     0.469098     0.418129 
   1988    100-104   0.660326     0.947768     0.709106 
   1988    105-109          .            .            . 
   1988    110+             .            .            . 
   1989        0     0.012036     0.014699     0.013396 
   1989      1-4     0.000518     0.000607     0.000563 
   1989      5-9     0.000253     0.000294     0.000274 
   1989     10-14    0.000184     0.000288     0.000237 
   1989     15-19    0.000375     0.000785     0.000584 
   1989     20-24    0.000363     0.001054     0.000714 
   1989     25-29    0.000529     0.001348     0.000945 
   1989     30-34    0.000652     0.002225     0.001449 
   1989     35-39    0.001160     0.003378     0.002278 
   1989     40-44    0.001876     0.005617     0.003723 
   1989     45-49    0.003004     0.009950     0.006345 
   1989     50-54    0.004674     0.014566     0.009336 
   1989     55-59    0.008011     0.022150     0.014570 
   1989     60-64    0.013069     0.032751     0.021882 
   1989     65-69    0.021490     0.046092     0.032020 
   1989     70-74    0.037399     0.061974     0.047598 
   1989     75-79    0.061545     0.093652     0.074099 
   1989     80-84    0.113846     0.153213     0.127708 
   1989     85-89    0.190811     0.227923     0.202349 
   1989     90-94    0.293895     0.332810     0.304721 
   1989     95-99    0.410985     0.448625     0.420812 
   1989    100-104   0.606890     0.663525     0.616899 
   1989    105-109          .            .            . 
   1989    110+             .            .            . 
   1990        0     0.010254     0.014162     0.012258 
   1990      1-4     0.000502     0.000506     0.000504 
   1990      5-9     0.000211     0.000307     0.000260 
   1990     10-14    0.000219     0.000272     0.000246 
   1990     15-19    0.000369     0.000846     0.000612 
   1990     20-24    0.000411     0.001318     0.000872 
   1990     25-29    0.000495     0.001500     0.001005 
   1990     30-34    0.000686     0.002250     0.001479 
   1990     35-39    0.001284     0.003480     0.002391 
   1990     40-44    0.001992     0.005951     0.003957 
   1990     45-49    0.003168     0.009954     0.006428 
   1990     50-54    0.005165     0.015765     0.010149 
   1990     55-59    0.008297     0.021864     0.014575 
   1990     60-64    0.012550     0.032904     0.021636 
   1990     65-69    0.021739     0.046583     0.032311 
   1990     70-74    0.035046     0.063138     0.046650 
   1990     75-79    0.062475     0.095999     0.075529 
   1990     80-84    0.110766     0.151286     0.124990 
   1990     85-89    0.182762     0.226693     0.196347 
   1990     90-94    0.295530     0.339949     0.307671 
   1990     95-99    0.414345     0.446681     0.422854 
   1990    100-104   0.651537     0.967222     0.704607 
   1990    105-109          .            .            . 
   1990    110+             .            .            . 
   1991        0     0.012412     0.014294     0.013377 
   1991      1-4     0.000472     0.000593     0.000534 
   1991      5-9     0.000269     0.000333     0.000302 
   1991     10-14    0.000182     0.000370     0.000278 
   1991     15-19    0.000351     0.000755     0.000557 
   1991     20-24    0.000362     0.001312     0.000846 
   1991     25-29    0.000447     0.001479     0.000970 
   1991     30-34    0.000762     0.002155     0.001469 
   1991     35-39    0.001107     0.003328     0.002225 
   1991     40-44    0.001999     0.005901     0.003942 
   1991     45-49    0.003358     0.009846     0.006476 
   1991     50-54    0.005300     0.013981     0.009384 
   1991     55-59    0.007994     0.021404     0.014177 
   1991     60-64    0.012852     0.033216     0.021921 
   1991     65-69    0.021657     0.045266     0.031665 
   1991     70-74    0.035377     0.061601     0.046089 
   1991     75-79    0.063876     0.099478     0.077629 
   1991     80-84    0.110000     0.147509     0.123142 
   1991     85-89    0.178222     0.227645     0.193356 
   1991     90-94    0.293225     0.344434     0.307080 
   1991     95-99    0.407348     0.478511     0.425159 
   1991    100-104   0.465690     1.394422     0.577965 
   1991    105-109          .            .            . 
   1991    110+             .            .            . 
   1992        0     0.010364     0.014296     0.012376 
   1992      1-4     0.000506     0.000496     0.000501 
   1992      5-9     0.000245     0.000284     0.000265 
   1992     10-14    0.000166     0.000353     0.000262 
   1992     15-19    0.000284     0.000690     0.000491 
   1992     20-24    0.000376     0.001307     0.000851 
   1992     25-29    0.000374     0.001482     0.000935 
   1992     30-34    0.000648     0.001991     0.001329 
   1992     35-39    0.001143     0.003549     0.002354 
   1992     40-44    0.001845     0.005436     0.003637 
   1992     45-49    0.003088     0.009030     0.005956 
   1992     50-54    0.004750     0.014269     0.009228 
   1992     55-59    0.007771     0.021395     0.014031 
   1992     60-64    0.012087     0.031817     0.020858 
   1992     65-69    0.021315     0.045494     0.031546 
   1992     70-74    0.034358     0.062052     0.045536 
   1992     75-79    0.062305     0.095529     0.075027 
   1992     80-84    0.105313     0.147326     0.119998 
   1992     85-89    0.174356     0.228223     0.190757 
   1992     90-94    0.276553     0.301089     0.283195 
   1992     95-99    0.370498     0.389689     0.374974 
   1992    100-104   0.689548     0.620048     0.681808 
   1992    105-109   6.000000            .     6.000000 
   1992    110+             .            .            . 
   1993        0     0.008798     0.012364     0.010628 
   1993      1-4     0.000508     0.000472     0.000490 
   1993      5-9     0.000182     0.000257     0.000220 
   1993     10-14    0.000173     0.000268     0.000222 
   1993     15-19    0.000348     0.000718     0.000537 
   1993     20-24    0.000337     0.001249     0.000801 
   1993     25-29    0.000439     0.001284     0.000867 
   1993     30-34    0.000623     0.001758     0.001198 
   1993     35-39    0.001129     0.002932     0.002037 
   1993     40-44    0.001724     0.005292     0.003507 
   1993     45-49    0.002787     0.008549     0.005582 
   1993     50-54    0.004602     0.013763     0.008914 
   1993     55-59    0.007902     0.019933     0.013415 
   1993     60-64    0.011878     0.030387     0.020094 
   1993     65-69    0.020593     0.043596     0.030302 
   1993     70-74    0.034766     0.065201     0.046921 
   1993     75-79    0.062805     0.093349     0.074404 
   1993     80-84    0.103097     0.145210     0.117770 
   1993     85-89    0.174843     0.221521     0.189048 
   1993     90-94    0.270132     0.324210     0.284674 
   1993     95-99    0.420800     0.520841     0.443847 
   1993    100-104   0.664194     0.236108     0.587552 
   1993    105-109   6.000000            .     6.000000 
   1993    110+             .            .            . 
   1994        0     0.009060     0.012319     0.010729 
   1994      1-4     0.000357     0.000520     0.000440 
   1994      5-9     0.000176     0.000253     0.000215 
   1994     10-14    0.000199     0.000289     0.000245 
   1994     15-19    0.000314     0.000815     0.000569 
   1994     20-24    0.000348     0.001092     0.000727 
   1994     25-29    0.000322     0.001298     0.000816 
   1994     30-34    0.000553     0.001813     0.001191 
   1994     35-39    0.001133     0.002745     0.001945 
   1994     40-44    0.001742     0.004860     0.003302 
   1994     45-49    0.002795     0.007850     0.005259 
   1994     50-54    0.004329     0.012590     0.008225 
   1994     55-59    0.007123     0.019295     0.012684 
   1994     60-64    0.012046     0.029381     0.019739 
   1994     65-69    0.019383     0.043131     0.029373 
   1994     70-74    0.034973     0.062216     0.045762 
   1994     75-79    0.057728     0.086270     0.068538 
   1994     80-84    0.102533     0.138882     0.115201 
   1994     85-89    0.172515     0.200805     0.181149 
   1994     90-94    0.263282     0.309749     0.275628 
   1994     95-99    0.402261     0.510038     0.425619 
   1994    100-104   0.527668     0.556144     0.533889 
   1994    105-109   6.000000            .     6.000000 
   1994    110+             .            .            . 
   1995        0     0.009244     0.011994     0.010647 
   1995      1-4     0.000444     0.000443     0.000443 
   1995      5-9     0.000190     0.000306     0.000249 
   1995     10-14    0.000178     0.000280     0.000230 
   1995     15-19    0.000301     0.000755     0.000533 
   1995     20-24    0.000248     0.001101     0.000682 
   1995     25-29    0.000425     0.001326     0.000881 
   1995     30-34    0.000657     0.001665     0.001166 
   1995     35-39    0.000981     0.002758     0.001878 
   1995     40-44    0.001611     0.004868     0.003240 
   1995     45-49    0.002581     0.007596     0.005040 
   1995     50-54    0.004768     0.012639     0.008479 
   1995     55-59    0.007067     0.019174     0.012595 
   1995     60-64    0.012245     0.029910     0.020076 
   1995     65-69    0.020450     0.042521     0.029721 
   1995     70-74    0.034566     0.062965     0.045749 
   1995     75-79    0.057039     0.089605     0.069325 
   1995     80-84    0.107417     0.136842     0.117672 
   1995     85-89    0.174974     0.217448     0.187962 
   1995     90-94    0.276782     0.319948     0.288184 
   1995     95-99    0.396232     0.482962     0.414946 
   1995    100-104   0.454212     1.301780     0.602076 
   1995    105-109   0.729730            .     0.729730 
   1995    110+             .            .            . 
   1996        0     0.009435     0.010912     0.010193 
   1996      1-4     0.000299     0.000536     0.000420 
   1996      5-9     0.000224     0.000259     0.000242 
   1996     10-14    0.000171     0.000273     0.000223 
   1996     15-19    0.000286     0.000652     0.000473 
   1996     20-24    0.000257     0.001141     0.000707 
   1996     25-29    0.000292     0.001295     0.000801 
   1996     30-34    0.000625     0.001596     0.001115 
   1996     35-39    0.000979     0.002457     0.001725 
   1996     40-44    0.001559     0.004335     0.002946 
   1996     45-49    0.002719     0.007464     0.005055 
   1996     50-54    0.004077     0.012129     0.007877 
   1996     55-59    0.006781     0.018374     0.012087 
   1996     60-64    0.011594     0.029211     0.019384 
   1996     65-69    0.019670     0.042373     0.029197 
   1996     70-74    0.032405     0.063768     0.044694 
   1996     75-79    0.055841     0.083296     0.066080 
   1996     80-84    0.101859     0.140420     0.115231 
   1996     85-89    0.164040     0.204204     0.176329 
   1996     90-94    0.274418     0.293037     0.279320 
   1996     95-99    0.439480     0.419985     0.435084 
   1996    100-104   0.690322     0.652624     0.685254 
   1996    105-109   3.037344            .     3.037344 
   1996    110+             .            .            . 
   1997        0     0.007975     0.009358     0.008687 
   1997      1-4     0.000409     0.000500     0.000455 
   1997      5-9     0.000218     0.000283     0.000252 
   1997     10-14    0.000121     0.000309     0.000217 
   1997     15-19    0.000341     0.000764     0.000557 
   1997     20-24    0.000335     0.001208     0.000780 
   1997     25-29    0.000331     0.001260     0.000803 
   1997     30-34    0.000580     0.001716     0.001153 
   1997     35-39    0.001062     0.002728     0.001904 
   1997     40-44    0.001660     0.004614     0.003136 
   1997     45-49    0.002719     0.007396     0.005027 
   1997     50-54    0.004587     0.012563     0.008369 
   1997     55-59    0.007304     0.018473     0.012420 
   1997     60-64    0.011152     0.027564     0.018394 
   1997     65-69    0.019363     0.041335     0.028578 
   1997     70-74    0.033460     0.063875     0.045344 
   1997     75-79    0.056201     0.087014     0.067544 
   1997     80-84    0.104651     0.135382     0.115234 
   1997     85-89    0.168357     0.204795     0.179543 
   1997     90-94    0.273090     0.311427     0.283244 
   1997     95-99    0.384662     0.423877     0.393850 
   1997    100-104   0.493732     0.658514     0.517776 
   1997    105-109   1.541284            .     1.541284 
   1997    110+             .            .            . 
   1998        0     0.008094     0.009363     0.008745 
   1998      1-4     0.000562     0.000574     0.000568 
   1998      5-9     0.000186     0.000284     0.000236 
   1998     10-14    0.000204     0.000269     0.000237 
   1998     15-19    0.000310     0.000696     0.000507 
   1998     20-24    0.000280     0.001204     0.000751 
   1998     25-29    0.000403     0.001268     0.000842 
   1998     30-34    0.000645     0.001811     0.001233 
   1998     35-39    0.001033     0.002718     0.001884 
   1998     40-44    0.001662     0.005124     0.003393 
   1998     45-49    0.002564     0.007982     0.005243 
   1998     50-54    0.004246     0.012241     0.008058 
   1998     55-59    0.006928     0.018988     0.012461 
   1998     60-64    0.011199     0.028646     0.018882 
   1998     65-69    0.019229     0.042422     0.028954 
   1998     70-74    0.032012     0.063609     0.044313 
   1998     75-79    0.057570     0.090395     0.069501 
   1998     80-84    0.105920     0.141766     0.118181 
   1998     85-89    0.171628     0.204849     0.181894 
   1998     90-94    0.263454     0.288558     0.270137 
   1998     95-99    0.398280     0.386439     0.395425 
   1998    100-104   0.539723     0.622810     0.552763 
   1998    105-109   1.366864            .     1.366864 
   1998    110+             .            .            . 
   1999        0     0.007543     0.008965     0.008270 
   1999      1-4     0.000333     0.000495     0.000416 
   1999      5-9     0.000230     0.000266     0.000249 
   1999     10-14    0.000193     0.000307     0.000251 
   1999     15-19    0.000229     0.000585     0.000411 
   1999     20-24    0.000346     0.001132     0.000747 
   1999     25-29    0.000396     0.001240     0.000824 
   1999     30-34    0.000498     0.001691     0.001100 
   1999     35-39    0.000985     0.002561     0.001779 
   1999     40-44    0.001500     0.004805     0.003153 
   1999     45-49    0.002799     0.007396     0.005074 
   1999     50-54    0.004325     0.012388     0.008190 
   1999     55-59    0.006790     0.018462     0.012155 
   1999     60-64    0.010750     0.028956     0.018741 
   1999     65-69    0.018370     0.041093     0.027898 
   1999     70-74    0.030781     0.060722     0.042402 
   1999     75-79    0.058185     0.091021     0.069984 
   1999     80-84    0.096526     0.130402     0.108047 
   1999     85-89    0.168001     0.195482     0.176560 
   1999     90-94    0.270423     0.297103     0.277620 
   1999     95-99    0.379433     0.438822     0.393435 
   1999    100-104   0.584572     0.953100     0.638836 
   1999    105-109   1.541284            .     1.541284 
   1999    110+             .            .            . 
   2000        0     0.007179     0.009981     0.008610 
   2000      1-4     0.000300     0.000477     0.000391 
   2000      5-9     0.000194     0.000207     0.000201 
   2000     10-14    0.000144     0.000294     0.000220 
   2000     15-19    0.000332     0.000574     0.000456 
   2000     20-24    0.000267     0.001095     0.000689 
   2000     25-29    0.000385     0.001275     0.000836 
   2000     30-34    0.000394     0.001731     0.001069 
   2000     35-39    0.000862     0.002399     0.001635 
   2000     40-44    0.001535     0.004251     0.002896 
   2000     45-49    0.002548     0.007409     0.004953 
   2000     50-54    0.003970     0.012258     0.007964 
   2000     55-59    0.006233     0.017577     0.011445 
   2000     60-64    0.010737     0.028307     0.018448 
   2000     65-69    0.017964     0.041534     0.027836 
   2000     70-74    0.031544     0.061223     0.043061 
   2000     75-79    0.056630     0.088672     0.068033 
   2000     80-84    0.098496     0.129510     0.109008 
   2000     85-89    0.169655     0.201046     0.179462 
   2000     90-94    0.276883     0.297737     0.282539 
   2000     95-99    0.376024     0.478433     0.399364 
   2000    100-104   0.639142     0.495276     0.616951 
   2000    105-109   1.805825            .     1.805825 
   2000    110+             .            .            . 
   2001        0     0.005253     0.006863     0.006080 
   2001      1-4     0.000316     0.000542     0.000432 
   2001      5-9     0.000138     0.000304     0.000223 
   2001     10-14    0.000137     0.000301     0.000220 
   2001     15-19    0.000312     0.000545     0.000431 
   2001     20-24    0.000243     0.000921     0.000589 
   2001     25-29    0.000398     0.001221     0.000816 
   2001     30-34    0.000522     0.001689     0.001112 
   2001     35-39    0.000822     0.002450     0.001640 
   2001     40-44    0.001555     0.004245     0.002906 
   2001     45-49    0.002666     0.007120     0.004869 
   2001     50-54    0.004031     0.011410     0.007603 
   2001     55-59    0.006521     0.017492     0.011569 
   2001     60-64    0.010318     0.028155     0.018167 
   2001     65-69    0.017190     0.040418     0.026890 
   2001     70-74    0.030503     0.059931     0.041924 
   2001     75-79    0.055087     0.083739     0.065238 
   2001     80-84    0.091133     0.127107     0.103187 
   2001     85-89    0.168979     0.203798     0.179772 
   2001     90-94    0.271137     0.300358     0.279123 
   2001     95-99    0.391237     0.422351     0.398261 
   2001    100-104   0.535236     0.483975     0.525729 
   2001    105-109   1.576271            .     1.576271 
   2001    110+             .            .            . 
   2002        0     0.008070     0.007240     0.007643 
   2002      1-4     0.000335     0.000336     0.000335 
   2002      5-9     0.000177     0.000301     0.000240 
   2002     10-14    0.000166     0.000193     0.000180 
   2002     15-19    0.000284     0.000607     0.000449 
   2002     20-24    0.000290     0.001036     0.000670 
   2002     25-29    0.000365     0.001158     0.000769 
   2002     30-34    0.000486     0.001528     0.001014 
   2002     35-39    0.000747     0.002397     0.001577 
   2002     40-44    0.001453     0.004339     0.002903 
   2002     45-49    0.002493     0.007264     0.004855 
   2002     50-54    0.003748     0.011579     0.007551 
   2002     55-59    0.006471     0.017491     0.011569 
   2002     60-64    0.009974     0.025970     0.017025 
   2002     65-69    0.017296     0.038839     0.026275 
   2002     70-74    0.029445     0.055777     0.039670 
   2002     75-79    0.053435     0.084609     0.064465 
   2002     80-84    0.089319     0.123596     0.100628 
   2002     85-89    0.170395     0.199103     0.179260 
   2002     90-94    0.250921     0.294538     0.262852 
   2002     95-99    0.396809     0.464635     0.412078 
   2002    100-104   0.511735     0.760517     0.560059 
   2002    105-109   1.393414            .     1.393414 
   2002    110+             .            .            . 
   2003        0     0.007076     0.008797     0.007958 
   2003      1-4     0.000488     0.000401     0.000443 
   2003      5-9     0.000113     0.000177     0.000146 
   2003     10-14    0.000159     0.000264     0.000213 
   2003     15-19    0.000285     0.000615     0.000453 
   2003     20-24    0.000338     0.000911     0.000631 
   2003     25-29    0.000287     0.001153     0.000729 
   2003     30-34    0.000480     0.001406     0.000949 
   2003     35-39    0.000902     0.002455     0.001683 
   2003     40-44    0.001405     0.004320     0.002869 
   2003     45-49    0.002470     0.007279     0.004854 
   2003     50-54    0.003817     0.011285     0.007453 
   2003     55-59    0.006407     0.017147     0.011407 
   2003     60-64    0.009587     0.025362     0.016562 
   2003     65-69    0.017062     0.038798     0.026107 
   2003     70-74    0.029131     0.055486     0.039375 
   2003     75-79    0.053243     0.084918     0.064436 
   2003     80-84    0.091274     0.124580     0.102131 
   2003     85-89    0.167822     0.200579     0.177828 
   2003     90-94    0.263394     0.307688     0.275621 
   2003     95-99    0.375161     0.400177     0.380840 
   2003    100-104   0.485794     0.581815     0.503607 
   2003    105-109   1.042146            .     1.042146 
   2003    110+             .            .            . 
   2004        0     0.006463     0.007420     0.006954 
   2004      1-4     0.000412     0.000503     0.000459 
   2004      5-9     0.000194     0.000217     0.000206 
   2004     10-14    0.000191     0.000172     0.000182 
   2004     15-19    0.000257     0.000577     0.000420 
   2004     20-24    0.000281     0.000942     0.000619 
   2004     25-29    0.000315     0.001140     0.000736 
   2004     30-34    0.000405     0.001374     0.000896 
   2004     35-39    0.000733     0.002305     0.001524 
   2004     40-44    0.001463     0.003956     0.002715 
   2004     45-49    0.002608     0.006507     0.004543 
   2004     50-54    0.003813     0.010892     0.007267 
   2004     55-59    0.006455     0.015897     0.010881 
   2004     60-64    0.009218     0.025101     0.016263 
   2004     65-69    0.016817     0.036337     0.024933 
   2004     70-74    0.028848     0.055605     0.039260 
   2004     75-79    0.052075     0.084501     0.063531 
   2004     80-84    0.091972     0.125309     0.102734 
   2004     85-89    0.150065     0.188478     0.161699 
   2004     90-94    0.249385     0.297012     0.262568 
   2004     95-99    0.394857     0.398494     0.395726 
   2004    100-104   0.475520     0.511082     0.482108 
   2004    105-109   0.983957            .     0.983957 
   2004    110+             .            .            . 
   2005        0     0.006380     0.008128     0.007279 
   2005      1-4     0.000328     0.000376     0.000353 
   2005      5-9     0.000150     0.000271     0.000212 
   2005     10-14    0.000074     0.000147     0.000112 
   2005     15-19    0.000273     0.000548     0.000413 
   2005     20-24    0.000262     0.000902     0.000590 
   2005     25-29    0.000341     0.000956     0.000655 
   2005     30-34    0.000486     0.001415     0.000958 
   2005     35-39    0.000865     0.002314     0.001596 
   2005     40-44    0.001429     0.003735     0.002586 
   2005     45-49    0.002602     0.007098     0.004840 
   2005     50-54    0.003877     0.011020     0.007365 
   2005     55-59    0.005990     0.016810     0.011096 
   2005     60-64    0.009624     0.025204     0.016539 
   2005     65-69    0.015778     0.036537     0.024432 
   2005     70-74    0.028174     0.054999     0.038618 
   2005     75-79    0.050872     0.084069     0.062616 
   2005     80-84    0.093525     0.130419     0.105325 
   2005     85-89    0.159450     0.192516     0.169454 
   2005     90-94    0.277529     0.306860     0.285589 
   2005     95-99    0.402103     0.386204     0.398184 
   2005    100-104   0.509644     0.549639     0.517396 
   2005    105-109   0.801859            .     0.801859 
   2005    110+             .            .            . 
   2006        0     0.005755     0.007364     0.006581 
   2006      1-4     0.000276     0.000411     0.000346 
   2006      5-9     0.000161     0.000257     0.000210 
   2006     10-14    0.000114     0.000224     0.000170 
   2006     15-19    0.000203     0.000521     0.000366 
   2006     20-24    0.000227     0.000943     0.000593 
   2006     25-29    0.000273     0.001029     0.000660 
   2006     30-34    0.000426     0.001441     0.000943 
   2006     35-39    0.000800     0.002322     0.001570 
   2006     40-44    0.001362     0.003745     0.002558 
   2006     45-49    0.002378     0.006869     0.004619 
   2006     50-54    0.004081     0.010798     0.007363 
   2006     55-59    0.006055     0.015842     0.010697 
   2006     60-64    0.009298     0.023972     0.015827 
   2006     65-69    0.015396     0.036452     0.024209 
   2006     70-74    0.028221     0.054922     0.038608 
   2006     75-79    0.050347     0.084811     0.062546 
   2006     80-84    0.091286     0.125302     0.102074 
   2006     85-89    0.151324     0.184028     0.161099 
   2006     90-94    0.264745     0.319662     0.279685 
   2006     95-99    0.400535     0.447050     0.411788 
   2006    100-104   0.457949     0.622855     0.489530 
   2006    105-109   0.714894     1.642105     0.750920 
   2006    110+             .            .            . 
   2007        0     0.005517     0.006829     0.006190 
   2007      1-4     0.000350     0.000359     0.000355 
   2007      5-9     0.000226     0.000207     0.000216 
   2007     10-14    0.000139     0.000210     0.000176 
   2007     15-19    0.000239     0.000577     0.000412 
   2007     20-24    0.000273     0.000904     0.000595 
   2007     25-29    0.000325     0.000917     0.000628 
   2007     30-34    0.000492     0.001379     0.000945 
   2007     35-39    0.000897     0.002229     0.001572 
   2007     40-44    0.001579     0.003881     0.002735 
   2007     45-49    0.002694     0.006799     0.004744 
   2007     50-54    0.003646     0.010666     0.007080 
   2007     55-59    0.006230     0.016355     0.011049 
   2007     60-64    0.009054     0.024830     0.016122 
   2007     65-69    0.015314     0.035455     0.023766 
   2007     70-74    0.026194     0.052157     0.036284 
   2007     75-79    0.049792     0.082418     0.061336 
   2007     80-84    0.092421     0.127037     0.103393 
   2007     85-89    0.150513     0.184144     0.160403 
   2007     90-94    0.274826     0.298443     0.281235 
   2007     95-99    0.377734     0.422952     0.388496 
   2007    100-104   0.581918     0.677081     0.599490 
   2007    105-109   1.053204     4.395349     1.161218 
   2007    110+             .            .            . 
   2008        0     0.005228     0.006803     0.006035 
   2008      1-4     0.000249     0.000363     0.000308 
   2008      5-9     0.000108     0.000183     0.000146 
   2008     10-14    0.000133     0.000246     0.000191 
   2008     15-19    0.000255     0.000682     0.000473 
   2008     20-24    0.000248     0.001046     0.000655 
   2008     25-29    0.000239     0.001078     0.000669 
   2008     30-34    0.000448     0.001370     0.000920 
   2008     35-39    0.000654     0.002232     0.001455 
   2008     40-44    0.001451     0.003765     0.002613 
   2008     45-49    0.002287     0.006539     0.004412 
   2008     50-54    0.003667     0.010837     0.007180 
   2008     55-59    0.005931     0.015851     0.010667 
   2008     60-64    0.009063     0.022945     0.015328 
   2008     65-69    0.014806     0.033662     0.022750 
   2008     70-74    0.026552     0.053647     0.037081 
   2008     75-79    0.047313     0.077039     0.057847 
   2008     80-84    0.086263     0.121357     0.097401 
   2008     85-89    0.147449     0.184802     0.158236 
   2008     90-94    0.267772     0.292396     0.274345 
   2008     95-99    0.411802     0.490324     0.430515 
   2008    100-104   0.502093     0.544619     0.510423 
   2008    105-109   0.725806            .     0.725806 
   2008    110+             .            .            . 
   2009        0     0.004780     0.006903     0.005870 
   2009      1-4     0.000368     0.000394     0.000381 
   2009      5-9     0.000109     0.000178     0.000144 
   2009     10-14    0.000194     0.000217     0.000206 
   2009     15-19    0.000225     0.000456     0.000343 
   2009     20-24    0.000205     0.000947     0.000583 
   2009     25-29    0.000317     0.000973     0.000653 
   2009     30-34    0.000426     0.001135     0.000789 
   2009     35-39    0.000720     0.001938     0.001339 
   2009     40-44    0.001441     0.003730     0.002592 
   2009     45-49    0.002301     0.005819     0.004060 
   2009     50-54    0.003872     0.010181     0.006968 
   2009     55-59    0.006004     0.015576     0.010586 
   2009     60-64    0.009033     0.023344     0.015541 
   2009     65-69    0.013748     0.033294     0.022020 
   2009     70-74    0.025276     0.049136     0.034548 
   2009     75-79    0.045398     0.074360     0.055696 
   2009     80-84    0.087319     0.120232     0.097753 
   2009     85-89    0.151013     0.176092     0.158204 
   2009     90-94    0.251659     0.288361     0.261499 
   2009     95-99    0.385005     0.453407     0.400987 
   2009    100-104   0.547014     0.614663     0.561082 
   2009    105-109   0.815207     6.000000     0.869565 
   2009    110+             .            .            . 
   2010        0     0.005070     0.006358     0.005728 
   2010      1-4     0.000305     0.000271     0.000288 
   2010      5-9     0.000157     0.000171     0.000164 
   2010     10-14    0.000157     0.000216     0.000187 
   2010     15-19    0.000200     0.000459     0.000332 
   2010     20-24    0.000259     0.000883     0.000577 
   2010     25-29    0.000255     0.000914     0.000593 
   2010     30-34    0.000377     0.001207     0.000803 
   2010     35-39    0.000821     0.001900     0.001370 
   2010     40-44    0.001319     0.003178     0.002256 
   2010     45-49    0.002029     0.005738     0.003883 
   2010     50-54    0.003736     0.009711     0.006678 
   2010     55-59    0.005262     0.014470     0.009677 
   2010     60-64    0.008819     0.022902     0.015272 
   2010     65-69    0.013729     0.032910     0.021862 
   2010     70-74    0.024357     0.048265     0.033683 
   2010     75-79    0.046496     0.076714     0.057274 
   2010     80-84    0.088647     0.121913     0.099194 
   2010     85-89    0.149477     0.182954     0.159032 
   2010     90-94    0.245194     0.270044     0.251939 
   2010     95-99    0.379514     0.518903     0.410517 
   2010    100-104   0.682103     0.464642     0.633040 
   2010    105-109   1.504769     0.000000     1.446142 
   2010    110+             .            .            . 
   2011        0     0.004341     0.005636     0.005000 
   2011      1-4     0.000262     0.000292     0.000277 
   2011      5-9     0.000156     0.000236     0.000197 
   2011     10-14    0.000117     0.000187     0.000153 
   2011     15-19    0.000240     0.000568     0.000408 
   2011     20-24    0.000265     0.000726     0.000500 
   2011     25-29    0.000318     0.001009     0.000672 
   2011     30-34    0.000433     0.001151     0.000802 
   2011     35-39    0.000679     0.001767     0.001234 
   2011     40-44    0.001214     0.003191     0.002213 
   2011     45-49    0.002086     0.005298     0.003691 
   2011     50-54    0.003930     0.009352     0.006608 
   2011     55-59    0.005271     0.014271     0.009590 
   2011     60-64    0.007966     0.021891     0.014380 
   2011     65-69    0.013403     0.031026     0.020903 
   2011     70-74    0.021789     0.046181     0.031366 
   2011     75-79    0.042828     0.073023     0.053613 
   2011     80-84    0.083552     0.113634     0.093120 
   2011     85-89    0.146976     0.168205     0.153007 
   2011     90-94    0.231622     0.251093     0.236858 
   2011     95-99    0.404188     0.399106     0.403052 
   2011    100-104   0.527050     0.683369     0.563005 
   2011    105-109   1.558264     4.162162     1.761236 
   2011    110+             .            .            . 
   2012        0     0.004799     0.006185     0.005511 
   2012      1-4     0.000256     0.000319     0.000288 
   2012      5-9     0.000092     0.000160     0.000127 
   2012     10-14    0.000105     0.000206     0.000157 
   2012     15-19    0.000209     0.000572     0.000395 
   2012     20-24    0.000234     0.000876     0.000561 
   2012     25-29    0.000284     0.000988     0.000644 
   2012     30-34    0.000325     0.001014     0.000679 
   2012     35-39    0.000752     0.001777     0.001277 
   2012     40-44    0.001194     0.003013     0.002115 
   2012     45-49    0.002032     0.005189     0.003612 
   2012     50-54    0.003446     0.008901     0.006146 
   2012     55-59    0.005376     0.013471     0.009268 
   2012     60-64    0.008461     0.021117     0.014316 
   2012     65-69    0.013001     0.030780     0.020627 
   2012     70-74    0.021729     0.045038     0.030928 
   2012     75-79    0.042156     0.069511     0.051936 
   2012     80-84    0.082541     0.115217     0.092972 
   2012     85-89    0.148027     0.175587     0.155887 
   2012     90-94    0.234380     0.246118     0.237493 
   2012     95-99    0.400918     0.480143     0.418923 
   2012    100-104   0.690557     0.546038     0.659796 
   2012    105-109   2.013699     1.584906     1.959330 
   2012    110+             .            .            . 
   2013        0     0.005296     0.005537     0.005420 
   2013      1-4     0.000235     0.000290     0.000263 
   2013      5-9     0.000159     0.000165     0.000162 
   2013     10-14    0.000130     0.000204     0.000168 
   2013     15-19    0.000232     0.000454     0.000346 
   2013     20-24    0.000255     0.000735     0.000500 
   2013     25-29    0.000245     0.000918     0.000589 
   2013     30-34    0.000407     0.001044     0.000734 
   2013     35-39    0.000752     0.001599     0.001187 
   2013     40-44    0.001202     0.002497     0.001859 
   2013     45-49    0.002079     0.004915     0.003499 
   2013     50-54    0.003240     0.008438     0.005816 
   2013     55-59    0.005231     0.013351     0.009143 
   2013     60-64    0.008147     0.021345     0.014275 
   2013     65-69    0.012946     0.029260     0.020005 
   2013     70-74    0.020929     0.045914     0.030831 
   2013     75-79    0.039497     0.069314     0.050173 
   2013     80-84    0.081337     0.110772     0.090765 
   2013     85-89    0.136787     0.175900     0.147918 
   2013     90-94    0.229742     0.245602     0.233921 
   2013     95-99    0.399561     0.404965     0.400799 
   2013    100-104   0.718561     0.511847     0.671602 
   2013    105-109   2.017817     2.263473     2.084416 
   2013    110+             .            .            . 
   2014        0     0.005503     0.005971     0.005742 
   2014      1-4     0.000219     0.000309     0.000265 
   2014      5-9     0.000082     0.000162     0.000123 
   2014     10-14    0.000070     0.000177     0.000125 
   2014     15-19    0.000256     0.000486     0.000374 
   2014     20-24    0.000241     0.000724     0.000487 
   2014     25-29    0.000245     0.000820     0.000538 
   2014     30-34    0.000442     0.001099     0.000780 
   2014     35-39    0.000768     0.001658     0.001225 
   2014     40-44    0.001010     0.002701     0.001870 
   2014     45-49    0.001974     0.004719     0.003350 
   2014     50-54    0.002975     0.007962     0.005449 
   2014     55-59    0.005171     0.013365     0.009129 
   2014     60-64    0.008195     0.020127     0.013753 
   2014     65-69    0.012095     0.028687     0.019341 
   2014     70-74    0.020967     0.042132     0.029400 
   2014     75-79    0.039040     0.066291     0.048796 
   2014     80-84    0.076195     0.107059     0.086128 
   2014     85-89    0.133867     0.170009     0.144093 
   2014     90-94    0.216678     0.234119     0.221308 
   2014     95-99    0.267085     0.360538     0.289188 
   2014    100-104   0.599682     0.635849     0.607976 
   2014    105-109   0.222222     4.304348     0.604273 
   2014    110+             .            .            . 
