Austria, Exposure to risk (period 1x5)     Last modified: 02-Sep-2015, MPv5 (May07)

   Year      Age       Female          Male         Total
1947-1949      0       160195.22    168916.42    329111.65 
1947-1949      1       150365.41    157572.46    307937.87 
1947-1949      2       144498.57    150433.21    294931.78 
1947-1949      3       146038.42    150913.37    296951.79 
1947-1949      4       154515.65    159345.97    313861.62 
1947-1949      5       165913.83    171454.11    337367.94 
1947-1949      6       178122.05    184448.19    362570.24 
1947-1949      7       186822.02    193586.34    380408.36 
1947-1949      8       182975.43    189569.62    372545.05 
1947-1949      9       164948.36    170864.03    335812.39 
1947-1949     10       143674.82    148844.46    292519.28 
1947-1949     11       130727.58    135333.41    266060.99 
1947-1949     12       127752.26    132387.82    260140.09 
1947-1949     13       129458.72    135204.21    264662.92 
1947-1949     14       132425.35    140100.83    272526.18 
1947-1949     15       136053.10    145170.39    281223.48 
1947-1949     16       139894.53    149992.83    289887.36 
1947-1949     17       143305.78    153461.68    296767.47 
1947-1949     18       145860.52    154951.26    300811.78 
1947-1949     19       148111.40    154131.81    302243.22 
1947-1949     20       151617.72    151363.98    302981.70 
1947-1949     21       157805.81    147787.88    305593.69 
1947-1949     22       165951.24    144198.16    310149.40 
1947-1949     23       174031.35    141638.85    315670.20 
1947-1949     24       180024.58    140563.73    320588.30 
1947-1949     25       183164.05    140435.38    323599.43 
1947-1949     26       182121.37    138812.85    320934.22 
1947-1949     27       172981.05    131695.05    304676.10 
1947-1949     28       153427.20    117398.59    270825.80 
1947-1949     29       128950.10    100028.14    228978.24 
1947-1949     30       111094.23     87521.81    198616.04 
1947-1949     31       109167.25     86433.42    195600.67 
1947-1949     32       123182.06     97265.47    220447.53 
1947-1949     33       144401.42    114188.05    258589.47 
1947-1949     34       162681.71    129669.24    292350.96 
1947-1949     35       172852.09    139179.52    312031.61 
1947-1949     36       176785.42    143585.03    320370.44 
1947-1949     37       178600.41    145985.51    324585.92 
1947-1949     38       179538.59    147720.33    327258.92 
1947-1949     39       179518.69    148808.20    328326.88 
1947-1949     40       178784.58    149604.62    328389.20 
1947-1949     41       177906.99    151285.58    329192.57 
1947-1949     42       176914.68    153519.40    330434.08 
1947-1949     43       175859.02    155280.16    331139.18 
1947-1949     44       175076.46    156293.49    331369.95 
1947-1949     45       174291.10    156569.83    330860.94 
1947-1949     46       172847.02    155522.17    328369.19 
1947-1949     47       170490.90    152508.50    322999.40 
1947-1949     48       167371.83    147601.03    314972.85 
1947-1949     49       163919.20    141469.92    305389.12 
1947-1949     50       160508.52    135124.29    295632.81 
1947-1949     51       157170.58    128824.30    285994.88 
1947-1949     52       153577.21    122696.05    276273.26 
1947-1949     53       149368.21    116776.07    266144.28 
1947-1949     54       144675.50    111668.98    256344.48 
1947-1949     55       139702.23    107597.95    247300.18 
1947-1949     56       134616.90    103989.40    238606.30 
1947-1949     57       130440.29    100795.87    231236.16 
1947-1949     58       127991.78     98402.93    226394.71 
1947-1949     59       126677.78     96678.91    223356.69 
1947-1949     60       125018.23     94781.19    219799.43 
1947-1949     61       122071.61     92318.98    214390.60 
1947-1949     62       118180.76     89565.12    207745.88 
1947-1949     63       113882.63     86691.99    200574.62 
1947-1949     64       109449.10     83487.03    192936.14 
1947-1949     65       104881.59     79909.35    184790.95 
1947-1949     66       100425.54     76312.40    176737.94 
1947-1949     67        96333.26     72922.87    169256.12 
1947-1949     68        92507.20     69535.96    162043.16 
1947-1949     69        88412.65     65933.49    154346.14 
1947-1949     70        83691.78     62232.54    145924.33 
1947-1949     71        78621.90     58582.34    137204.24 
1947-1949     72        73009.47     54314.26    127323.73 
1947-1949     73        66761.72     49299.71    116061.43 
1947-1949     74        60075.24     43954.52    104029.76 
1947-1949     75        53509.27     39118.24     92627.50 
1947-1949     76        47226.53     34897.68     82124.21 
1947-1949     77        41583.36     30939.14     72522.51 
1947-1949     78        36449.95     26926.45     63376.40 
1947-1949     79        31626.60     22917.56     54544.16 
1947-1949     80        27026.87     19118.78     46145.65 
1947-1949     81        22887.26     15943.15     38830.41 
1947-1949     82        19167.35     13185.14     32352.49 
1947-1949     83        15862.29     10730.82     26593.11 
1947-1949     84        12807.46      8554.90     21362.36 
1947-1949     85        10013.81      6578.25     16592.06 
1947-1949     86         7651.07      4902.68     12553.75 
1947-1949     87         5799.69      3594.59      9394.28 
1947-1949     88         4333.66      2555.57      6889.23 
1947-1949     89         3101.41      1758.21      4859.63 
1947-1949     90         2132.50      1174.51      3307.01 
1947-1949     91         1450.59       743.17      2193.76 
1947-1949     92          999.67       464.95      1464.62 
1947-1949     93          669.98       303.58       973.56 
1947-1949     94          433.74       195.16       628.90 
1947-1949     95          279.91       116.09       396.00 
1947-1949     96          166.69        67.17       233.87 
1947-1949     97           90.29        42.91       133.19 
1947-1949     98           47.36        27.67        75.04 
1947-1949     99           22.84        15.40        38.24 
1947-1949    100            6.83         8.87        15.70 
1947-1949    101            1.46         5.67         7.13 
1947-1949    102            0.76         2.89         3.65 
1947-1949    103            0.49         0.96         1.45 
1947-1949    104            0.00         0.23         0.23 
1947-1949    105            0.00         0.00         0.00 
1947-1949    106            0.00         0.00         0.00 
1947-1949    107            0.00         0.00         0.00 
1947-1949    108            0.00         0.00         0.00 
1947-1949    109            0.00         0.00         0.00 
1947-1949    110+           0.00         0.00         0.00 
1950-1954      0       245334.87    256876.04    502210.91 
1950-1954      1       244654.02    255093.55    499747.56 
1950-1954      2       248905.29    259636.56    508541.86 
1950-1954      3       251163.38    262197.17    513360.55 
1950-1954      4       251662.20    263174.16    514836.36 
1950-1954      5       248713.25    260010.40    508723.65 
1950-1954      6       243982.61    254077.24    498059.86 
1950-1954      7       247327.46    256849.68    504177.15 
1950-1954      8       255590.40    264334.54    519924.95 
1950-1954      9       273494.10    282849.90    556344.01 
1950-1954     10       290827.04    301229.48    592056.52 
1950-1954     11       294151.42    304981.65    599133.07 
1950-1954     12       289959.13    300786.21    590745.34 
1950-1954     13       269465.26    279682.41    549147.67 
1950-1954     14       244492.85    253786.14    498278.99 
1950-1954     15       220421.65    228597.87    449019.51 
1950-1954     16       208247.90    215644.28    423892.17 
1950-1954     17       209449.65    216669.51    426119.16 
1950-1954     18       213487.48    221474.66    434962.14 
1950-1954     19       219230.17    227728.21    446958.38 
1950-1954     20       224499.12    233976.59    458475.71 
1950-1954     21       230768.37    239643.21    470411.58 
1950-1954     22       235125.46    241259.86    476385.32 
1950-1954     23       241100.48    241200.12    482300.61 
1950-1954     24       247560.74    237536.35    485097.09 
1950-1954     25       256803.48    232193.93    488997.41 
1950-1954     26       268515.30    227593.59    496108.89 
1950-1954     27       279920.02    223269.03    503189.05 
1950-1954     28       290021.63    221272.60    511294.23 
1950-1954     29       294013.08    219068.82    513081.90 
1950-1954     30       288086.81    212152.94    500239.75 
1950-1954     31       272320.63    200282.75    472603.38 
1950-1954     32       246277.89    181612.53    427890.42 
1950-1954     33       216141.14    160214.55    376355.69 
1950-1954     34       194989.08    145955.80    340944.88 
1950-1954     35       188829.41    143131.74    331961.14 
1950-1954     36       202742.16    155019.02    357761.17 
1950-1954     37       231456.34    178279.00    409735.34 
1950-1954     38       256600.54    199571.77    456172.31 
1950-1954     39       278537.71    218971.71    497509.42 
1950-1954     40       287422.19    228669.65    516091.84 
1950-1954     41       291277.39    234113.50    525390.89 
1950-1954     42       292358.38    237167.81    529526.19 
1950-1954     43       292747.43    239855.70    532603.13 
1950-1954     44       292441.50    242951.27    535392.77 
1950-1954     45       291170.56    245413.53    536584.09 
1950-1954     46       288716.13    247816.83    536532.96 
1950-1954     47       287963.82    250588.62    538552.44 
1950-1954     48       285126.40    251503.94    536630.34 
1950-1954     49       283198.64    251251.09    534449.72 
1950-1954     50       280406.54    248093.28    528499.82 
1950-1954     51       276212.69    242315.85    518528.54 
1950-1954     52       271499.37    234808.53    506307.90 
1950-1954     53       265520.98    224536.17    490057.15 
1950-1954     54       259480.01    213816.52    473296.53 
1950-1954     55       253273.99    203118.24    456392.23 
1950-1954     56       246699.43    192468.47    439167.90 
1950-1954     57       239618.31    182848.97    422467.28 
1950-1954     58       231701.01    174418.29    406119.30 
1950-1954     59       222546.78    165906.31    388453.09 
1950-1954     60       215558.59    160248.40    375806.98 
1950-1954     61       207384.28    153974.09    361358.37 
1950-1954     62       202986.39    149632.29    352618.68 
1950-1954     63       197665.05    144931.39    342596.43 
1950-1954     64       193538.94    140537.81    334076.75 
1950-1954     65       188213.34    136200.13    324413.47 
1950-1954     66       180779.71    130632.72    311412.43 
1950-1954     67       172786.68    125169.26    297955.94 
1950-1954     68       164184.98    118745.54    282930.52 
1950-1954     69       156103.34    112535.71    268639.06 
1950-1954     70       147391.63    105730.56    253122.19 
1950-1954     71       139506.31     99323.28    238829.59 
1950-1954     72       130992.38     93011.17    224003.55 
1950-1954     73       122785.80     86455.77    209241.57 
1950-1954     74       113711.40     79739.67    193451.06 
1950-1954     75       104487.64     72698.74    177186.38 
1950-1954     76        94093.23     65294.98    159388.21 
1950-1954     77        83871.65     57856.11    141727.77 
1950-1954     78        73311.49     50258.94    123570.43 
1950-1954     79        63056.64     43083.11    106139.75 
1950-1954     80        53542.06     36468.64     90010.70 
1950-1954     81        45028.29     30614.53     75642.82 
1950-1954     82        37458.73     25270.19     62728.92 
1950-1954     83        30833.19     20513.69     51346.88 
1950-1954     84        24956.59     16325.58     41282.18 
1950-1954     85        19830.60     12800.51     32631.11 
1950-1954     86        15592.50      9872.12     25464.61 
1950-1954     87        11986.12      7400.49     19386.61 
1950-1954     88         8972.66      5392.54     14365.20 
1950-1954     89         6597.46      3820.16     10417.61 
1950-1954     90         4710.39      2621.59      7331.98 
1950-1954     91         3240.29      1719.54      4959.84 
1950-1954     92         2149.47      1092.98      3242.45 
1950-1954     93         1375.12       685.53      2060.64 
1950-1954     94          870.12       410.64      1280.76 
1950-1954     95          545.86       237.98       783.84 
1950-1954     96          335.15       145.63       480.78 
1950-1954     97          206.17        89.53       295.70 
1950-1954     98          126.69        54.46       181.15 
1950-1954     99           71.33        30.64       101.97 
1950-1954    100           36.86        14.96        51.82 
1950-1954    101           16.13         6.89        23.02 
1950-1954    102            4.66         4.80         9.46 
1950-1954    103            1.95         3.69         5.64 
1950-1954    104            0.47         1.97         2.45 
1950-1954    105            0.00         0.70         0.70 
1950-1954    106            0.00         0.00         0.00 
1950-1954    107            0.00         0.00         0.00 
1950-1954    108            0.00         0.00         0.00 
1950-1954    109            0.00         0.00         0.00 
1950-1954    110+           0.00         0.00         0.00 
1955-1959      0       273258.40    285777.94    559036.35 
1955-1959      1       260627.05    271595.03    532222.07 
1955-1959      2       251705.22    262103.30    513808.52 
1955-1959      3       243337.91    253284.10    496622.02 
1955-1959      4       237721.29    247616.39    485337.69 
1955-1959      5       236789.84    246669.75    483459.59 
1955-1959      6       239820.10    249813.37    489633.47 
1955-1959      7       245923.07    256474.42    502397.49 
1955-1959      8       249417.27    260935.69    510352.96 
1955-1959      9       245427.40    256878.22    502305.62 
1955-1959     10       243263.60    254002.50    497266.10 
1955-1959     11       245346.31    255666.78    501013.09 
1955-1959     12       245311.28    255112.20    500423.47 
1955-1959     13       252390.92    261796.72    514187.64 
1955-1959     14       273189.21    283454.45    556643.66 
1955-1959     15       291623.03    303714.57    595337.60 
1955-1959     16       291882.82    305122.66    597005.48 
1955-1959     17       280046.90    293425.80    573472.70 
1955-1959     18       261993.93    275176.75    537170.67 
1955-1959     19       237309.76    249148.42    486458.18 
1955-1959     20       212225.01    221599.55    433824.56 
1955-1959     21       199474.99    207219.32    406694.30 
1955-1959     22       200296.72    207097.88    407394.60 
1955-1959     23       204597.19    210921.24    415518.43 
1955-1959     24       210538.02    217161.94    427699.96 
1955-1959     25       217035.71    224156.07    441191.79 
1955-1959     26       222872.75    229819.55    452692.30 
1955-1959     27       227867.34    232810.95    460678.29 
1955-1959     28       233211.68    232332.07    465543.74 
1955-1959     29       240816.63    229375.04    470191.66 
1955-1959     30       250474.01    224771.81    475245.82 
1955-1959     31       261663.43    219621.49    481284.92 
1955-1959     32       273395.95    216144.84    489540.79 
1955-1959     33       283377.66    214675.82    498053.48 
1955-1959     34       288666.66    212821.80    501488.46 
1955-1959     35       284301.45    206835.45    491136.90 
1955-1959     36       265125.15    192738.45    457863.61 
1955-1959     37       237064.87    173204.56    410269.43 
1955-1959     38       209575.99    153866.57    363442.56 
1955-1959     39       188517.02    139694.45    328211.47 
1955-1959     40       184952.24    138746.15    323698.39 
1955-1959     41       201151.04    152265.38    353416.42 
1955-1959     42       226600.63    173113.45    399714.08 
1955-1959     43       251447.26    194120.37    445567.63 
1955-1959     44       271320.36    211409.02    482729.38 
1955-1959     45       281865.99    222069.01    503935.00 
1955-1959     46       284505.50    226906.21    511411.71 
1955-1959     47       285082.32    229061.59    514143.92 
1955-1959     48       285848.52    231204.71    517053.23 
1955-1959     49       285310.30    233936.80    519247.10 
1955-1959     50       282748.00    235807.23    518555.22 
1955-1959     51       280600.58    237135.59    517736.18 
1955-1959     52       278708.55    238687.46    517396.02 
1955-1959     53       276218.98    239415.09    515634.07 
1955-1959     54       273316.93    237325.23    510642.15 
1955-1959     55       270232.49    232727.93    502960.42 
1955-1959     56       265977.05    226187.67    492164.72 
1955-1959     57       260422.80    217072.26    477495.06 
1955-1959     58       254073.49    206585.23    460658.72 
1955-1959     59       247837.20    195631.58    443468.78 
1955-1959     60       240687.15    183978.32    424665.47 
1955-1959     61       233136.20    172794.71    405930.91 
1955-1959     62       225193.54    162543.49    387737.03 
1955-1959     63       216595.38    153440.92    370036.29 
1955-1959     64       206764.60    145088.73    351853.34 
1955-1959     65       197605.98    137641.40    335247.38 
1955-1959     66       190329.45    131448.78    321778.23 
1955-1959     67       183704.61    125780.45    309485.06 
1955-1959     68       176938.39    120029.27    296967.66 
1955-1959     69       170427.49    114296.73    284724.22 
1955-1959     70       163243.48    108628.89    271872.37 
1955-1959     71       154242.96    102458.79    256701.76 
1955-1959     72       144725.78     95810.13    240535.91 
1955-1959     73       134727.12     88820.64    223547.76 
1955-1959     74       124630.83     82135.12    206765.95 
1955-1959     75       114939.37     75265.38    190204.75 
1955-1959     76       105546.40     68065.56    173611.96 
1955-1959     77        95956.67     61344.09    157300.76 
1955-1959     78        86502.09     54861.97    141364.06 
1955-1959     79        77217.43     48538.17    125755.60 
1955-1959     80        67019.81     41828.08    108847.89 
1955-1959     81        57626.16     35560.17     93186.32 
1955-1959     82        48478.63     29621.09     78099.71 
1955-1959     83        39809.38     24107.84     63917.22 
1955-1959     84        32135.98     19225.48     51361.46 
1955-1959     85        25472.41     15049.69     40522.10 
1955-1959     86        19703.69     11560.62     31264.31 
1955-1959     87        14997.02      8732.70     23729.72 
1955-1959     88        11291.53      6492.00     17783.53 
1955-1959     89         8295.11      4656.76     12951.86 
1955-1959     90         5984.75      3247.11      9231.87 
1955-1959     91         4250.54      2238.35      6488.89 
1955-1959     92         2896.85      1488.54      4385.39 
1955-1959     93         1905.93       932.24      2838.17 
1955-1959     94         1237.32       570.03      1807.35 
1955-1959     95          766.95       342.44      1109.39 
1955-1959     96          448.85       195.42       644.28 
1955-1959     97          264.91       109.84       374.75 
1955-1959     98          157.22        57.22       214.44 
1955-1959     99           83.46        26.52       109.98 
1955-1959    100           38.75        11.42        50.17 
1955-1959    101           20.52         5.46        25.98 
1955-1959    102           12.18         4.20        16.38 
1955-1959    103            7.93         3.50        11.43 
1955-1959    104            4.46         1.92         6.38 
1955-1959    105            2.21         0.24         2.46 
1955-1959    106            0.71         0.00         0.71 
1955-1959    107            0.00         0.00         0.00 
1955-1959    108            0.00         0.00         0.00 
1955-1959    109            0.00         0.00         0.00 
1955-1959    110+           0.00         0.00         0.00 
1960-1964      0       312185.45    326673.33    638858.78 
1960-1964      1       302944.29    317206.77    620151.06 
1960-1964      2       294584.53    308911.53    603496.06 
1960-1964      3       286837.73    300368.90    587206.63 
1960-1964      4       278426.73    290663.86    569090.58 
1960-1964      5       268567.99    279780.53    548348.52 
1960-1964      6       259008.17    269439.17    528447.34 
1960-1964      7       250277.51    260180.46    510457.97 
1960-1964      8       242085.96    251654.32    493740.28 
1960-1964      9       236940.91    246553.68    483494.59 
1960-1964     10       236327.35    245811.54    482138.88 
1960-1964     11       239596.26    248983.92    488580.18 
1960-1964     12       245803.26    255647.86    501451.12 
1960-1964     13       249375.46    260357.59    509733.04 
1960-1964     14       245370.90    256603.39    501974.29 
1960-1964     15       242937.20    253442.95    496380.15 
1960-1964     16       244700.37    254714.73    499415.10 
1960-1964     17       243824.97    253362.94    497187.91 
1960-1964     18       249851.43    259053.68    508905.11 
1960-1964     19       269713.80    279851.59    549565.40 
1960-1964     20       287379.17    299453.50    586832.67 
1960-1964     21       287170.61    300028.32    587198.93 
1960-1964     22       275059.28    287798.95    562858.23 
1960-1964     23       256872.06    269279.35    526151.42 
1960-1964     24       232327.33    243447.14    475774.47 
1960-1964     25       207910.58    216291.06    424201.64 
1960-1964     26       195627.23    202248.44    397875.67 
1960-1964     27       196706.47    202306.80    399013.27 
1960-1964     28       201233.44    206396.84    407630.28 
1960-1964     29       207375.84    212876.30    420252.14 
1960-1964     30       214039.48    220270.66    434310.14 
1960-1964     31       219976.98    226303.50    446280.47 
1960-1964     32       224918.11    229439.79    454357.90 
1960-1964     33       230141.00    229053.13    459194.13 
1960-1964     34       237535.39    226054.07    463589.46 
1960-1964     35       247040.50    221568.15    468608.65 
1960-1964     36       258164.35    216430.77    474595.13 
1960-1964     37       269759.24    212549.63    482308.88 
1960-1964     38       279543.09    210785.60    490328.68 
1960-1964     39       284673.14    208816.78    493489.91 
1960-1964     40       280320.91    202853.33    483174.24 
1960-1964     41       261460.27    189120.36    450580.63 
1960-1964     42       233847.74    170021.53    403869.27 
1960-1964     43       206605.87    150921.07    357526.93 
1960-1964     44       185559.87    136811.39    322371.26 
1960-1964     45       181891.06    135446.67    317337.73 
1960-1964     46       197675.23    148247.55    345922.78 
1960-1964     47       222443.31    168320.82    390764.13 
1960-1964     48       246561.14    188403.20    434964.35 
1960-1964     49       265734.76    204749.76    470484.52 
1960-1964     50       275757.84    214598.84    490356.68 
1960-1964     51       278092.04    218566.78    496658.82 
1960-1964     52       278136.44    219765.52    497901.96 
1960-1964     53       278285.55    220728.78    499014.33 
1960-1964     54       277045.79    222211.70    499257.50 
1960-1964     55       273918.13    222865.38    496783.51 
1960-1964     56       271278.88    222959.83    494238.71 
1960-1964     57       268667.32    222835.82    491503.14 
1960-1964     58       265429.13    221554.52    486983.64 
1960-1964     59       261804.97    217616.53    479421.51 
1960-1964     60       257986.09    211406.70    469392.79 
1960-1964     61       252893.05    203586.37    456479.42 
1960-1964     62       246455.21    193517.04    439972.25 
1960-1964     63       239028.60    182018.17    421046.78 
1960-1964     64       231419.68    170316.54    401736.22 
1960-1964     65       223264.85    158074.52    381339.37 
1960-1964     66       214624.00    146630.31    361254.31 
1960-1964     67       205452.27    136186.67    341638.94 
1960-1964     68       195612.22    126815.94    322428.15 
1960-1964     69       184818.25    118021.22    302839.47 
1960-1964     70       174335.02    109930.91    284265.93 
1960-1964     71       165275.84    103100.67    268376.51 
1960-1964     72       156579.15     96543.90    253123.05 
1960-1964     73       147621.78     89723.58    237345.36 
1960-1964     74       138926.21     83157.88    222084.09 
1960-1964     75       129814.93     76994.56    206809.49 
1960-1964     76       119359.63     70514.42    189874.05 
1960-1964     77       108467.56     63758.86    172226.42 
1960-1964     78        97526.85     56902.32    154429.17 
1960-1964     79        86743.35     50339.45    137082.79 
1960-1964     80        76457.71     43753.02    120210.73 
1960-1964     81        66664.97     37633.24    104298.22 
1960-1964     82        57442.28     32074.25     89516.53 
1960-1964     83        48946.89     27011.54     75958.43 
1960-1964     84        40920.51     22246.47     63166.98 
1960-1964     85        33333.59     17878.99     51212.58 
1960-1964     86        26633.66     14039.54     40673.20 
1960-1964     87        20712.50     10668.51     31381.01 
1960-1964     88        15573.02      7840.51     23413.52 
1960-1964     89        11410.84      5683.74     17094.58 
1960-1964     90         8215.73      4057.38     12273.11 
1960-1964     91         5746.69      2767.56      8514.25 
1960-1964     92         3914.99      1822.90      5737.89 
1960-1964     93         2617.08      1200.29      3817.37 
1960-1964     94         1692.89       765.74      2458.63 
1960-1964     95         1085.48       470.05      1555.52 
1960-1964     96          697.65       285.59       983.24 
1960-1964     97          429.85       154.89       584.74 
1960-1964     98          243.63        78.76       322.40 
1960-1964     99          132.61        41.75       174.36 
1960-1964    100           66.91        19.63        86.54 
1960-1964    101           27.89         7.23        35.13 
1960-1964    102           11.11         3.50        14.61 
1960-1964    103            6.72         1.90         8.62 
1960-1964    104            4.19         0.77         4.96 
1960-1964    105            2.23         0.47         2.70 
1960-1964    106            0.72         0.00         0.72 
1960-1964    107            0.00         0.00         0.00 
1960-1964    108            0.00         0.00         0.00 
1960-1964    109            0.00         0.00         0.00 
1960-1964    110+           0.00         0.00         0.00 
1965-1969      0       306359.09    320520.12    626879.21 
1965-1969      1       309658.49    322897.28    632555.78 
1965-1969      2       312864.45    325660.78    638525.23 
1965-1969      3       314222.99    327638.06    641861.05 
1965-1969      4       313372.93    327362.35    640735.27 
1965-1969      5       309155.84    323561.51    632717.35 
1965-1969      6       301879.34    316716.66    618595.99 
1965-1969      7       293858.25    308831.89    602690.14 
1965-1969      8       286135.13    300194.76    586329.88 
1965-1969      9       277868.62    290614.15    568482.76 
1965-1969     10       269041.19    280719.55    549760.74 
1965-1969     11       260712.14    271467.93    532180.06 
1965-1969     12       253307.14    263251.44    516558.58 
1965-1969     13       246614.60    255660.91    502275.52 
1965-1969     14       242484.01    251038.76    493522.77 
1965-1969     15       242060.40    250302.17    492362.57 
1965-1969     16       241945.24    252903.67    494848.90 
1965-1969     17       250360.72    258878.08    509238.81 
1965-1969     18       252806.26    262929.48    515735.74 
1965-1969     19       247366.56    258161.51    505528.06 
1965-1969     20       243332.28    253504.53    496836.81 
1965-1969     21       243311.44    253213.38    496524.81 
1965-1969     22       240674.57    250355.48    491030.04 
1965-1969     23       245482.42    255194.51    500676.93 
1965-1969     24       264491.69    275410.90    539902.59 
1965-1969     25       281747.81    294319.75    576067.57 
1965-1969     26       282190.52    295480.77    577671.28 
1965-1969     27       271366.03    284615.59    555981.62 
1965-1969     28       254479.13    267150.30    521629.43 
1965-1969     29       231386.90    242705.97    474092.87 
1965-1969     30       207947.62    217607.53    425555.15 
1965-1969     31       196165.91    204967.06    401132.96 
1965-1969     32       197327.13    205650.27    402977.39 
1965-1969     33       201987.66    210075.83    412063.49 
1965-1969     34       208144.04    216686.02    424830.06 
1965-1969     35       214611.40    224003.20    438614.60 
1965-1969     36       220333.42    229825.29    450158.71 
1965-1969     37       225080.09    232674.73    457754.82 
1965-1969     38       230007.99    231885.45    461893.44 
1965-1969     39       237123.87    228434.89    465558.77 
1965-1969     40       246532.13    223280.62    469812.75 
1965-1969     41       257349.11    217518.57    474867.68 
1965-1969     42       268387.01    212854.44    481241.44 
1965-1969     43       277767.02    210534.63    488301.65 
1965-1969     44       282494.47    208149.51    490643.99 
1965-1969     45       277751.85    201608.98    479360.83 
1965-1969     46       258798.18    187434.69    446232.87 
1965-1969     47       231278.56    168023.93    399302.49 
1965-1969     48       203998.84    148530.75    352529.59 
1965-1969     49       182910.77    134159.66    317070.44 
1965-1969     50       182195.62    132503.41    314699.03 
1965-1969     51       194510.86    144559.41    339070.27 
1965-1969     52       218419.19    163339.65    381758.84 
1965-1969     53       241701.34    182104.01    423805.35 
1965-1969     54       259978.70    197120.85    457099.55 
1965-1969     55       268944.67    205143.01    474087.68 
1965-1969     56       270295.01    207472.53    477767.53 
1965-1969     57       269555.81    207067.92    476623.73 
1965-1969     58       268743.74    206317.39    475061.13 
1965-1969     59       266668.69    205863.28    472531.97 
1965-1969     60       262718.60    204609.93    467328.53 
1965-1969     61       259206.78    202707.76    461914.54 
1965-1969     62       255566.99    200067.84    455634.83 
1965-1969     63       251044.35    196245.60    447289.94 
1965-1969     64       246188.85    190194.66    436383.50 
1965-1969     65       240909.02    182232.44    423141.46 
1965-1969     66       234063.98    172921.26    406985.24 
1965-1969     67       225869.47    161756.53    387626.01 
1965-1969     68       216584.25    149591.17    366175.42 
1965-1969     69       207130.87    137252.01    344382.88 
1965-1969     70       197238.46    125225.54    322464.00 
1965-1969     71       186848.30    113944.24    300792.55 
1965-1969     72       175909.52    103415.40    279324.92 
1965-1969     73       164505.35     94224.44    258729.79 
1965-1969     74       152393.49     85604.54    237998.03 
1965-1969     75       140465.32     77694.32    218159.64 
1965-1969     76       129595.19     70682.88    200278.07 
1965-1969     77       119160.60     64002.08    183162.68 
1965-1969     78       108652.82     57292.41    165945.23 
1965-1969     79        98579.00     50863.11    149442.11 
1965-1969     80        87829.16     44654.98    132484.14 
1965-1969     81        76943.13     38979.57    115922.70 
1965-1969     82        66397.38     33306.66     99704.04 
1965-1969     83        56345.23     28020.17     84365.40 
1965-1969     84        47112.00     23221.77     70333.76 
1965-1969     85        38741.02     18873.02     57614.04 
1965-1969     86        31354.09     15064.83     46418.91 
1965-1969     87        24995.19     11833.35     36828.54 
1965-1969     88        19600.73      9104.07     28704.79 
1965-1969     89        14981.98      6837.43     21819.41 
1965-1969     90        11025.70      4959.86     15985.56 
1965-1969     91         7949.04      3456.19     11405.23 
1965-1969     92         5577.59      2287.67      7865.25 
1965-1969     93         3750.45      1476.20      5226.65 
1965-1969     94         2437.77       939.02      3376.79 
1965-1969     95         1518.52       574.36      2092.87 
1965-1969     96          934.54       350.33      1284.87 
1965-1969     97          553.31       217.11       770.42 
1965-1969     98          305.59       128.48       434.07 
1965-1969     99          182.19        67.52       249.70 
1965-1969    100          103.25        33.00       136.25 
1965-1969    101           58.35        17.01        75.36 
1965-1969    102           36.65         9.88        46.53 
1965-1969    103           18.50         6.44        24.94 
1965-1969    104            6.85         3.66        10.51 
1965-1969    105            1.96         1.20         3.17 
1965-1969    106            0.50         0.23         0.72 
1965-1969    107            0.00         0.00         0.00 
1965-1969    108            0.00         0.00         0.00 
1965-1969    109            0.00         0.00         0.00 
1965-1969    110+           0.00         0.00         0.00 
1970-1974      0       254762.11    267620.17    522382.28 
1970-1974      1       265932.64    278846.50    544779.13 
1970-1974      2       278347.26    292257.65    570604.91 
1970-1974      3       289162.94    303574.73    592737.67 
1970-1974      4       298520.91    313152.90    611673.81 
1970-1974      5       306027.42    320868.21    626895.63 
1970-1974      6       311220.77    325500.42    636721.19 
1970-1974      7       314454.47    328031.58    642486.04 
1970-1974      8       316111.46    329878.29    645989.75 
1970-1974      9       315531.44    329454.18    644985.62 
1970-1974     10       311287.18    325277.27    636564.45 
1970-1974     11       304238.35    318653.78    622892.13 
1970-1974     12       296603.68    311131.73    607735.41 
1970-1974     13       289153.85    302627.99    591781.84 
1970-1974     14       281422.92    293430.35    574853.27 
1970-1974     15       273861.90    285008.57    558870.46 
1970-1974     16       266794.68    277286.82    544081.51 
1970-1974     17       260791.51    270104.56    530896.07 
1970-1974     18       255630.33    262994.64    518624.97 
1970-1974     19       252635.42    258337.74    510973.16 
1970-1974     20       252683.99    257203.85    509887.84 
1970-1974     21       255230.44    260672.34    515902.77 
1970-1974     22       259540.84    267805.70    527346.53 
1970-1974     23       260773.29    272446.99    533220.29 
1970-1974     24       253522.37    267311.32    520833.69 
1970-1974     25       247161.96    260668.95    507830.91 
1970-1974     26       244843.84    257513.62    502357.46 
1970-1974     27       240273.71    251814.69    492088.40 
1970-1974     28       243874.85    254573.21    498448.06 
1970-1974     29       262062.12    273259.33    535321.44 
1970-1974     30       279021.65    291579.29    570600.94 
1970-1974     31       279921.17    292656.68    572577.85 
1970-1974     32       270002.74    282635.01    552637.75 
1970-1974     33       254100.06    266650.55    520750.61 
1970-1974     34       231700.97    243526.03    475227.00 
1970-1974     35       208736.67    219555.77    428292.44 
1970-1974     36       197085.81    207227.95    404313.76 
1970-1974     37       198229.43    207766.74    405996.17 
1970-1974     38       202914.14    212087.13    415001.27 
1970-1974     39       208929.75    218635.79    427565.54 
1970-1974     40       215069.55    224936.87    440006.42 
1970-1974     41       220459.66    229520.54    449980.20 
1970-1974     42       225032.63    231261.34    456293.98 
1970-1974     43       229858.60    229609.43    459468.03 
1970-1974     44       236711.78    225400.57    462112.35 
1970-1974     45       245559.47    219849.35    465408.82 
1970-1974     46       255598.63    213608.50    469207.12 
1970-1974     47       265836.35    208458.79    474295.14 
1970-1974     48       274605.26    205655.36    480260.62 
1970-1974     49       278850.02    202601.59    481451.61 
1970-1974     50       273598.87    195769.27    469368.14 
1970-1974     51       254560.51    181618.94    436179.45 
1970-1974     52       227297.35    162441.35    389738.70 
1970-1974     53       200300.70    143281.39    343582.09 
1970-1974     54       179398.52    128987.91    308386.44 
1970-1974     55       175258.71    126785.34    302044.04 
1970-1974     56       189668.36    137533.86    327202.22 
1970-1974     57       212411.98    154419.51    366831.49 
1970-1974     58       234301.82    171044.67    405346.49 
1970-1974     59       251194.26    183649.30    434843.56 
1970-1974     60       258838.17    189487.94    448326.11 
1970-1974     61       259079.44    189520.47    448599.91 
1970-1974     62       257093.96    187110.79    444204.76 
1970-1974     63       255021.56    184128.45    439150.00 
1970-1974     64       251619.48    181199.42    432818.91 
1970-1974     65       246206.31    177575.08    423781.39 
1970-1974     66       240827.45    173192.23    414019.68 
1970-1974     67       235415.76    168122.60    403538.36 
1970-1974     68       229243.37    162070.84    391314.21 
1970-1974     69       222123.17    153943.53    376066.70 
1970-1974     70       214160.38    144069.24    358229.61 
1970-1974     71       204687.05    133611.89    338298.94 
1970-1974     72       193925.12    121862.58    315787.69 
1970-1974     73       182092.87    109532.93    291625.80 
1970-1974     74       170311.09     97796.70    268107.79 
1970-1974     75       158424.92     86649.12    245074.05 
1970-1974     76       146384.04     76384.11    222768.15 
1970-1974     77       133824.65     67127.66    200952.31 
1970-1974     78       121222.11     59046.54    180268.65 
1970-1974     79       108483.69     51625.31    160108.99 
1970-1974     80        95902.47     44182.78    140085.26 
1970-1974     81        84302.13     38125.32    122427.44 
1970-1974     82        73592.37     32724.97    106317.34 
1970-1974     83        63440.12     27576.26     91016.38 
1970-1974     84        53974.50     23050.78     77025.28 
1970-1974     85        45203.13     19127.56     64330.68 
1970-1974     86        36811.51     15487.38     52298.89 
1970-1974     87        29390.62     12268.63     41659.25 
1970-1974     88        22903.40      9457.51     32360.91 
1970-1974     89        17439.57      7141.38     24580.95 
1970-1974     90        13038.38      5266.51     18304.88 
1970-1974     91         9480.47      3731.98     13212.45 
1970-1974     92         6657.27      2613.61      9270.88 
1970-1974     93         4623.01      1802.43      6425.44 
1970-1974     94         3154.33      1204.61      4358.95 
1970-1974     95         2067.56       759.45      2827.01 
1970-1974     96         1315.59       459.71      1775.30 
1970-1974     97          784.29       263.49      1047.78 
1970-1974     98          454.76       150.03       604.79 
1970-1974     99          265.99        80.98       346.97 
1970-1974    100          146.32        39.90       186.22 
1970-1974    101           61.79        21.35        83.14 
1970-1974    102           30.58         9.98        40.56 
1970-1974    103           19.18         3.94        23.12 
1970-1974    104           12.44         2.74        15.18 
1970-1974    105            8.15         2.77        10.93 
1970-1974    106            4.50         1.24         5.74 
1970-1974    107            1.50         0.00         1.50 
1970-1974    108            0.00         0.00         0.00 
1970-1974    109            0.00         0.00         0.00 
1970-1974    110+           0.00         0.00         0.00 
1975-1979      0       213200.33    224436.33    437636.67 
1975-1979      1       217005.17    227568.17    444573.33 
1975-1979      2       223819.17    234315.00    458134.17 
1975-1979      3       233275.17    243881.33    477156.50 
1975-1979      4       243112.67    254200.67    497313.33 
1975-1979      5       254032.50    265737.17    519769.67 
1975-1979      6       266939.17    279107.67    546046.83 
1975-1979      7       279476.50    292329.33    571805.83 
1975-1979      8       290130.50    303412.00    593542.50 
1975-1979      9       299454.17    312769.83    612224.00 
1975-1979     10       307332.50    320472.83    627805.33 
1975-1979     11       313357.33    325532.17    638889.50 
1975-1979     12       317563.33    328442.00    646005.33 
1975-1979     13       320303.17    330798.17    651101.33 
1975-1979     14       320744.67    330967.00    651711.67 
1975-1979     15       317622.50    327662.17    645284.67 
1975-1979     16       311581.50    321635.50    633217.00 
1975-1979     17       304679.00    314556.67    619235.67 
1975-1979     18       297507.33    306014.83    603522.17 
1975-1979     19       290068.17    296766.33    586834.50 
1975-1979     20       282271.67    287305.67    569577.33 
1975-1979     21       274711.83    278537.67    553249.50 
1975-1979     22       268015.33    270730.17    538745.50 
1975-1979     23       260963.50    263010.67    523974.17 
1975-1979     24       255768.00    258486.00    514254.00 
1975-1979     25       254221.33    258504.00    512725.33 
1975-1979     26       255626.50    262118.33    517744.83 
1975-1979     27       259524.83    268175.17    527700.00 
1975-1979     28       260143.00    270366.83    530509.83 
1975-1979     29       252473.67    262767.83    515241.50 
1975-1979     30       246091.50    255407.83    501499.33 
1975-1979     31       243756.67    252437.00    496193.67 
1975-1979     32       239297.83    247501.00    486798.83 
1975-1979     33       242961.00    250560.17    493521.17 
1975-1979     34       261184.67    268940.67    530125.33 
1975-1979     35       278118.00    286617.83    564735.83 
1975-1979     36       279023.67    287986.83    567010.50 
1975-1979     37       269096.33    278360.67    547457.00 
1975-1979     38       252987.17    262276.33    515263.50 
1975-1979     39       230471.33    238941.00    469412.33 
1975-1979     40       207484.17    214514.33    421998.50 
1975-1979     41       195794.33    201926.33    397720.67 
1975-1979     42       196935.83    202214.50    399150.33 
1975-1979     43       201409.50    205856.83    407266.33 
1975-1979     44       207193.33    211395.33    418588.67 
1975-1979     45       213148.00    217314.00    430462.00 
1975-1979     46       218306.67    221744.50    440051.17 
1975-1979     47       222556.00    223341.33    445897.33 
1975-1979     48       226994.67    221441.17    448435.83 
1975-1979     49       233351.17    217030.67    450381.83 
1975-1979     50       241607.67    211234.17    452841.83 
1975-1979     51       251111.83    204816.83    455928.67 
1975-1979     52       260932.00    199526.50    460458.50 
1975-1979     53       269313.33    196397.50    465710.83 
1975-1979     54       273141.67    193014.50    466156.17 
1975-1979     55       267603.50    185737.50    453341.00 
1975-1979     56       248469.00    171603.33    420072.33 
1975-1979     57       221230.83    152793.17    374024.00 
1975-1979     58       194237.83    134015.00    328252.83 
1975-1979     59       173316.17    119861.83    293178.00 
1975-1979     60       168667.50    117044.00    285711.50 
1975-1979     61       181868.50    125958.00    307826.50 
1975-1979     62       203093.17    140394.67    343487.83 
1975-1979     63       223279.50    154232.33    377511.83 
1975-1979     64       238116.17    164089.17    402205.33 
1975-1979     65       243924.83    167334.50    411259.33 
1975-1979     66       242472.67    165198.17    407670.83 
1975-1979     67       238634.67    160512.50    399147.17 
1975-1979     68       234655.17    155207.67    389862.83 
1975-1979     69       229381.00    150113.83    379494.83 
1975-1979     70       221810.17    144057.17    365867.33 
1975-1979     71       214024.00    137208.50    351232.50 
1975-1979     72       206160.00    130011.50    336171.50 
1975-1979     73       197344.00    122019.50    319363.50 
1975-1979     74       187457.67    112506.00    299963.67 
1975-1979     75       176708.83    101781.33    278490.17 
1975-1979     76       164784.67     91071.67    255856.33 
1975-1979     77       151672.83     80011.17    231684.00 
1975-1979     78       137905.17     69172.17    207077.33 
1975-1979     79       124500.33     59361.00    183861.33 
1975-1979     80       111328.17     49484.17    160812.33 
1975-1979     81        98177.00     41631.00    139808.00 
1975-1979     82        85364.33     34846.83    120211.17 
1975-1979     83        73208.67     28865.00    102073.67 
1975-1979     84        61622.00     23713.50     85335.50 
1975-1979     85        50938.83     19294.33     70233.17 
1975-1979     86        41534.83     15470.50     57005.33 
1975-1979     87        33466.17     12175.50     45641.67 
1975-1979     88        26524.33      9479.00     36003.33 
1975-1979     89        20604.33      7134.00     27738.33 
1975-1979     90        15746.33      5341.83     21088.17 
1975-1979     91        11572.83      3937.00     15509.83 
1975-1979     92         8226.33      2750.67     10977.00 
1975-1979     93         5693.33      1854.33      7547.67 
1975-1979     94         3810.83      1210.50      5021.33 
1975-1979     95         2483.50       785.17      3268.67 
1975-1979     96         1598.67       509.50      2108.17 
1975-1979     97          991.83       310.50      1302.33 
1975-1979     98          597.33       187.83       785.17 
1975-1979     99          343.33       110.33       453.67 
1975-1979    100          177.50        58.67       236.17 
1975-1979    101          104.17        35.50       139.67 
1975-1979    102           54.33        19.17        73.50 
1975-1979    103           24.00         9.17        33.17 
1975-1979    104           10.33         5.17        15.50 
1975-1979    105            5.67         2.83         8.50 
1975-1979    106            2.33         2.00         4.33 
1975-1979    107            0.67         1.83         2.50 
1975-1979    108            0.17         0.50         0.67 
1975-1979    109            0.00         0.00         0.00 
1975-1979    110+           0.00         0.00         0.00 
1980-1984      0       223490.83    233155.83    456646.67 
1980-1984      1       220255.33    230227.00    450482.33 
1980-1984      2       215848.00    226207.83    442055.83 
1980-1984      3       211054.83    221978.83    433033.67 
1980-1984      4       209178.83    220031.50    429210.33 
1980-1984      5       211569.33    222011.67    433581.00 
1980-1984      6       216489.67    226730.33    443220.00 
1980-1984      7       223428.33    233695.83    457124.17 
1980-1984      8       233146.17    243452.33    476598.50 
1980-1984      9       243435.50    254087.33    497522.83 
1980-1984     10       254981.50    266085.67    521067.17 
1980-1984     11       269123.33    280854.50    549977.83 
1980-1984     12       282593.33    295080.17    577673.50 
1980-1984     13       293657.83    306395.33    600053.17 
1980-1984     14       303456.50    316109.83    619566.33 
1980-1984     15       311871.00    324478.67    636349.67 
1980-1984     16       318221.00    329974.67    648195.67 
1980-1984     17       322999.67    333276.67    656276.33 
1980-1984     18       326164.67    335272.33    661437.00 
1980-1984     19       326720.17    334784.83    661505.00 
1980-1984     20       323546.83    330728.17    654275.00 
1980-1984     21       317262.67    323855.17    641117.83 
1980-1984     22       309673.83    315657.67    625331.50 
1980-1984     23       302232.00    306962.67    609194.67 
1980-1984     24       294188.00    297152.50    591340.50 
1980-1984     25       285190.33    286880.67    572071.00 
1980-1984     26       276393.83    277015.83    553409.67 
1980-1984     27       268083.00    268090.33    536173.33 
1980-1984     28       259460.67    259904.00    519364.67 
1980-1984     29       253238.67    254900.00    508138.67 
1980-1984     30       251270.33    254191.67    505462.00 
1980-1984     31       252675.50    256894.33    509569.83 
1980-1984     32       256694.33    261872.50    518566.83 
1980-1984     33       257450.67    263589.67    521040.33 
1980-1984     34       250034.50    256261.17    506295.67 
1980-1984     35       244053.83    249418.00    493471.83 
1980-1984     36       242160.67    246831.17    488991.83 
1980-1984     37       237908.00    242069.83    479977.83 
1980-1984     38       241557.83    245243.67    486801.50 
1980-1984     39       259717.67    263652.83    523370.50 
1980-1984     40       276636.33    281296.17    557932.50 
1980-1984     41       277479.83    282447.83    559927.67 
1980-1984     42       267411.00    272512.83    539923.83 
1980-1984     43       251190.00    256099.83    507289.83 
1980-1984     44       228629.00    232578.33    461207.33 
1980-1984     45       205734.17    208439.33    414173.50 
1980-1984     46       194172.67    195928.50    390101.17 
1980-1984     47       195108.00    195833.17    390941.17 
1980-1984     48       199243.17    199009.33    398252.50 
1980-1984     49       204640.33    203879.50    408519.83 
1980-1984     50       210303.17    209039.50    419342.67 
1980-1984     51       215147.17    212793.33    427940.50 
1980-1984     52       218863.33    213768.50    432631.83 
1980-1984     53       222750.17    211349.17    434099.33 
1980-1984     54       228558.83    206315.83    434874.67 
1980-1984     55       236269.33    199970.17    436239.50 
1980-1984     56       245251.17    193055.50    438306.67 
1980-1984     57       254357.83    187182.17    441540.00 
1980-1984     58       261939.67    183364.83    445304.50 
1980-1984     59       264928.17    179261.00    444189.17 
1980-1984     60       258816.67    171582.33    430399.00 
1980-1984     61       239502.17    157587.83    397090.00 
1980-1984     62       212271.50    139218.50    351490.00 
1980-1984     63       185438.33    121062.50    306500.83 
1980-1984     64       164576.33    107325.67    271902.00 
1980-1984     65       159468.00    103804.00    263272.00 
1980-1984     66       171173.17    110673.83    281847.00 
1980-1984     67       189815.67    122012.50    311828.17 
1980-1984     68       206977.17    132232.17    339209.33 
1980-1984     69       218790.00    138461.50    357251.50 
1980-1984     70       222104.67    138652.00    360756.67 
1980-1984     71       218330.00    133994.83    352324.83 
1980-1984     72       211780.50    127101.33    338881.83 
1980-1984     73       204804.67    119764.83    324569.50 
1980-1984     74       196148.67    112415.00    308563.67 
1980-1984     75       185657.67    104654.50    290312.17 
1980-1984     76       175193.17     96494.83    271688.00 
1980-1984     77       164427.83     88193.17    252621.00 
1980-1984     78       152682.33     79475.50    232157.83 
1980-1984     79       140203.33     70089.00    210292.33 
1980-1984     80       126493.80     59445.50    185939.30 
1980-1984     81       113210.17     50397.83    163608.00 
1980-1984     82        99586.50     41893.67    141480.17 
1980-1984     83        85997.33     34193.50    120190.83 
1980-1984     84        73113.50     27605.83    100719.33 
1980-1984     85        61248.17     21901.83     83150.00 
1980-1984     86        50387.50     17202.50     67590.00 
1980-1984     87        40608.33     13409.17     54017.50 
1980-1984     88        32017.83     10220.00     42237.83 
1980-1984     89        24815.50      7722.50     32538.00 
1980-1984     90        18698.00      5709.83     24407.83 
1980-1984     91        13712.67      4125.83     17838.50 
1980-1984     92         9806.50      2913.67     12720.17 
1980-1984     93         6891.67      2054.33      8946.00 
1980-1984     94         4732.83      1371.50      6104.33 
1980-1984     95         3095.67       880.33      3976.00 
1980-1984     96         2018.50       549.17      2567.67 
1980-1984     97         1259.83       329.17      1589.00 
1980-1984     98          790.00       190.50       980.50 
1980-1984     99          481.00       113.50       594.50 
1980-1984    100          258.50        61.17       319.67 
1980-1984    101          139.83        26.83       166.67 
1980-1984    102           70.67        14.17        84.83 
1980-1984    103           36.67         6.00        42.67 
1980-1984    104           18.67         4.67        23.33 
1980-1984    105            6.83         2.50         9.33 
1980-1984    106            2.00         1.83         3.83 
1980-1984    107            1.00         0.83         1.83 
1980-1984    108            0.17         0.50         0.67 
1980-1984    109            0.00         0.83         0.83 
1980-1984    110+           0.00         0.00         0.00 
1985-1989      0       212817.67    224196.33    437014.00 
1985-1989      1       214229.83    225211.33    439441.17 
1985-1989      2       217560.00    228052.50    445612.50 
1985-1989      3       221486.00    231743.83    453229.83 
1985-1989      4       223867.00    234217.83    458084.83 
1985-1989      5       223289.00    233884.17    457173.17 
1985-1989      6       220099.00    230963.83    451062.83 
1985-1989      7       215539.17    226752.67    442291.83 
1985-1989      8       210947.00    222479.83    433426.83 
1985-1989      9       209193.83    220536.67    429730.50 
1985-1989     10       211818.67    222745.17    434563.83 
1985-1989     11       217175.67    227762.67    444938.33 
1985-1989     12       224658.17    235134.00    459792.17 
1985-1989     13       235056.83    245395.50    480452.33 
1985-1989     14       246396.67    256573.33    502970.00 
1985-1989     15       258886.17    268836.17    527722.33 
1985-1989     16       273487.00    283616.33    557103.33 
1985-1989     17       287388.50    298185.67    585574.17 
1985-1989     18       298692.67    309631.83    608324.50 
1985-1989     19       308446.50    319318.17    627764.67 
1985-1989     20       316433.83    327406.67    643840.50 
1985-1989     21       322106.17    332795.33    654901.50 
1985-1989     22       325895.50    335706.50    661602.00 
1985-1989     23       327988.33    337569.83    665558.17 
1985-1989     24       327378.50    336846.00    664224.50 
1985-1989     25       323064.17    332215.83    655280.00 
1985-1989     26       315940.17    324566.33    640506.50 
1985-1989     27       307889.83    315861.00    623750.83 
1985-1989     28       300281.83    306562.33    606844.17 
1985-1989     29       292189.50    296357.50    588547.00 
1985-1989     30       283309.50    285750.17    569059.67 
1985-1989     31       274760.33    275793.33    550553.67 
1985-1989     32       266599.17    266742.83    533342.00 
1985-1989     33       258227.67    258397.50    516625.17 
1985-1989     34       252085.17    252843.83    504929.00 
1985-1989     35       249925.00    251566.50    501491.50 
1985-1989     36       251059.50    253697.33    504756.83 
1985-1989     37       254992.67    258457.00    513449.67 
1985-1989     38       255898.83    260096.83    515995.67 
1985-1989     39       248699.33    252870.50    501569.83 
1985-1989     40       242715.17    245989.83    488705.00 
1985-1989     41       240690.83    243097.17    483788.00 
1985-1989     42       236259.83    238045.83    474305.67 
1985-1989     43       239804.50    240909.33    480713.83 
1985-1989     44       257722.83    258637.83    516360.67 
1985-1989     45       274187.50    275341.83    549529.33 
1985-1989     46       274638.17    275917.33    550555.50 
1985-1989     47       264524.33    265759.33    530283.67 
1985-1989     48       248422.83    249300.50    497723.33 
1985-1989     49       225944.50    225872.83    451817.33 
1985-1989     50       203179.67    201926.67    405106.33 
1985-1989     51       191557.83    189121.00    380678.83 
1985-1989     52       192165.00    188223.50    380388.50 
1985-1989     53       195975.33    190563.50    386538.83 
1985-1989     54       201082.33    194410.17    395492.50 
1985-1989     55       206252.33    198414.67    404667.00 
1985-1989     56       210572.83    200945.00    411517.83 
1985-1989     57       213848.50    200786.33    414634.83 
1985-1989     58       217185.83    197520.33    414706.17 
1985-1989     59       222283.00    192026.17    414309.17 
1985-1989     60       229103.67    185143.33    414247.00 
1985-1989     61       236884.83    177645.50    414530.33 
1985-1989     62       244819.50    171172.00    415991.50 
1985-1989     63       251121.17    166466.00    417587.17 
1985-1989     64       252777.00    161521.00    414298.00 
1985-1989     65       245784.83    153277.17    399062.00 
1985-1989     66       226136.17    139492.67    365628.83 
1985-1989     67       199231.00    121875.67    321106.67 
1985-1989     68       173062.00    104551.83    277613.83 
1985-1989     69       152520.50     91387.00    243907.50 
1985-1989     70       146408.00     87156.50    233564.50 
1985-1989     71       155577.00     91478.33    247055.33 
1985-1989     72       170618.17     98899.00    269517.17 
1985-1989     73       183643.83    104946.33    288590.17 
1985-1989     74       191405.33    107377.83    298783.17 
1985-1989     75       190530.17    104490.00    295020.17 
1985-1989     76       182623.33     97667.00    280290.33 
1985-1989     77       172588.00     89421.00    262009.00 
1985-1989     78       162393.50     81068.67    243462.17 
1985-1989     79       150701.83     72916.00    223617.83 
1985-1989     80       137991.39     64642.50    202633.89 
1985-1989     81       125091.13     56594.29    181685.42 
1985-1989     82       112190.65     49044.80    161235.45 
1985-1989     83        98863.90     41783.83    140647.73 
1985-1989     84        85935.89     34496.00    120431.89 
1985-1989     85        73691.97     27775.33    101467.30 
1985-1989     86        61628.17     21794.83     83423.00 
1985-1989     87        50234.67     16750.83     66985.50 
1985-1989     88        39833.83     12653.83     52487.67 
1985-1989     89        30934.33      9411.17     40345.50 
1985-1989     90        23687.33      6832.67     30520.00 
1985-1989     91        17779.67      4880.00     22659.67 
1985-1989     92        12978.50      3403.50     16382.00 
1985-1989     93         9152.00      2362.50     11514.50 
1985-1989     94         6269.67      1599.17      7868.83 
1985-1989     95         4111.50      1046.33      5157.83 
1985-1989     96         2616.17       677.17      3293.33 
1985-1989     97         1657.50       391.67      2049.17 
1985-1989     98          990.67       220.50      1211.17 
1985-1989     99          575.50       144.50       720.00 
1985-1989    100          340.00        86.67       426.67 
1985-1989    101          194.67        48.50       243.17 
1985-1989    102          111.50        22.33       133.83 
1985-1989    103           54.33        13.33        67.67 
1985-1989    104           22.00         7.50        29.50 
1985-1989    105           14.17         1.83        16.00 
1985-1989    106            6.50         0.17         6.67 
1985-1989    107            2.17         0.00         2.17 
1985-1989    108            0.00         0.00         0.00 
1985-1989    109            0.00         0.00         0.00 
1985-1989    110+           0.00         0.00         0.00 
1990-1994      0       226232.17    238414.67    464646.83 
1990-1994      1       226466.17    238833.00    465299.17 
1990-1994      2       225371.17    238070.67    463441.83 
1990-1994      3       224180.67    236573.17    460753.83 
1990-1994      4       223286.00    235558.67    458844.67 
1990-1994      5       223211.83    235517.33    458729.17 
1990-1994      6       223456.00    235488.17    458944.17 
1990-1994      7       225123.33    236470.67    461594.00 
1990-1994      8       227862.50    238813.83    466676.33 
1990-1994      9       229765.17    240857.83    470623.00 
1990-1994     10       228969.50    240627.67    469597.17 
1990-1994     11       226016.83    238227.33    464244.17 
1990-1994     12       222363.83    234820.83    457184.67 
1990-1994     13       218423.67    231085.00    449508.67 
1990-1994     14       216996.17    229723.67    446719.83 
1990-1994     15       220283.17    232548.50    452831.67 
1990-1994     16       226520.33    238025.00    464545.33 
1990-1994     17       235199.67    245626.00    480825.67 
1990-1994     18       247249.83    256131.67    503381.50 
1990-1994     19       260961.83    267542.83    528504.67 
1990-1994     20       275839.83    280962.17    556802.00 
1990-1994     21       291897.17    297157.67    589054.83 
1990-1994     22       306388.17    313284.33    619672.50 
1990-1994     23       317872.17    327205.67    645077.83 
1990-1994     24       327836.83    339535.83    667372.67 
1990-1994     25       335298.33    348946.50    684244.83 
1990-1994     26       339550.67    354295.67    693846.33 
1990-1994     27       341867.17    357133.67    699000.83 
1990-1994     28       342662.17    358135.00    700797.17 
1990-1994     29       340370.00    356476.67    696846.67 
1990-1994     30       334356.00    350406.67    684762.67 
1990-1994     31       325602.00    341130.50    666732.50 
1990-1994     32       316816.50    330649.33    647465.83 
1990-1994     33       308798.17    320165.50    628963.67 
1990-1994     34       300609.00    309464.33    610073.33 
1990-1994     35       291463.67    298211.50    589675.17 
1990-1994     36       282037.00    287496.50    569533.50 
1990-1994     37       273264.17    277629.17    550893.33 
1990-1994     38       264196.33    268006.83    532203.17 
1990-1994     39       257231.17    260986.67    518217.83 
1990-1994     40       254533.50    258160.33    512693.83 
1990-1994     41       254854.83    258600.00    513454.83 
1990-1994     42       258245.00    261882.50    520127.50 
1990-1994     43       258800.50    262302.83    521103.33 
1990-1994     44       251176.33    254225.50    505401.83 
1990-1994     45       244450.00    246165.50    490615.50 
1990-1994     46       241447.83    242151.50    483599.33 
1990-1994     47       236394.17    236050.83    472445.00 
1990-1994     48       239324.83    237628.17    476953.00 
1990-1994     49       256446.67    254059.50    510506.17 
1990-1994     50       272289.67    269443.83    541733.50 
1990-1994     51       272323.00    268901.67    541224.67 
1990-1994     52       261987.33    258090.83    520078.17 
1990-1994     53       245918.83    241501.83    487420.67 
1990-1994     54       223869.83    218363.00    442232.83 
1990-1994     55       201110.67    194298.33    395409.00 
1990-1994     56       188872.17    180649.67    369521.83 
1990-1994     57       189003.50    178686.00    367689.50 
1990-1994     58       192234.67    179697.33    371932.00 
1990-1994     59       196818.67    182253.00    379071.67 
1990-1994     60       201463.50    184910.33    386373.83 
1990-1994     61       205036.17    185896.00    390932.17 
1990-1994     62       207447.50    184608.17    392055.67 
1990-1994     63       210065.33    180414.00    390479.33 
1990-1994     64       214198.67    174218.00    388416.67 
1990-1994     65       219531.50    166608.17    386139.67 
1990-1994     66       225739.17    158531.17    384270.33 
1990-1994     67       231983.67    151521.83    383505.50 
1990-1994     68       236425.83    145809.17    382235.00 
1990-1994     69       236328.33    139543.33    375871.67 
1990-1994     70       227904.33    130544.67    358449.00 
1990-1994     71       207752.33    117131.83    324884.17 
1990-1994     72       181136.00    100822.00    281958.00 
1990-1994     73       155561.83     85034.33    240596.17 
1990-1994     74       135374.17     72995.83    208370.00 
1990-1994     75       128011.83     67931.83    195943.67 
1990-1994     76       133557.00     69406.67    202963.67 
1990-1994     77       143616.67     72987.83    216604.50 
1990-1994     78       151212.00     75214.50    226426.50 
1990-1994     79       153726.33     74384.83    228111.17 
1990-1994     80       147222.28     68735.33    215957.62 
1990-1994     81       136477.41     61685.61    198163.02 
1990-1994     82       124188.37     53935.61    178123.99 
1990-1994     83       112119.76     46450.01    158569.77 
1990-1994     84        99278.07     39552.72    138830.79 
1990-1994     85        85704.06     33098.83    118802.89 
1990-1994     86        72990.46     27005.45     99995.92 
1990-1994     87        61020.65     21716.47     82737.12 
1990-1994     88        49849.73     17011.83     66861.56 
1990-1994     89        39844.05     12894.33     52738.39 
1990-1994     90        31134.97      9417.17     40552.13 
1990-1994     91        23666.00      6656.33     30322.33 
1990-1994     92        17459.67      4611.83     22071.50 
1990-1994     93        12527.33      3121.67     15649.00 
1990-1994     94         8754.17      2050.17     10804.33 
1990-1994     95         5946.33      1311.50      7257.83 
1990-1994     96         3883.00       855.00      4738.00 
1990-1994     97         2488.83       525.33      3014.17 
1990-1994     98         1543.33       313.50      1856.83 
1990-1994     99          919.50       178.67      1098.17 
1990-1994    100          506.67       102.17       608.83 
1990-1994    101          261.50        57.67       319.17 
1990-1994    102          141.33        30.17       171.50 
1990-1994    103           78.00        18.50        96.50 
1990-1994    104           43.00         8.67        51.67 
1990-1994    105           22.67         3.67        26.33 
1990-1994    106           10.00         0.50        10.50 
1990-1994    107            4.33         0.00         4.33 
1990-1994    108            3.17         0.00         3.17 
1990-1994    109            2.50         0.00         2.50 
1990-1994    110+           2.67         0.00         2.67 
1995-1999      0       209091.00    219557.67    428648.67 
1995-1999      1       216218.83    226674.33    442893.17 
1995-1999      2       222463.00    233251.17    455714.17 
1995-1999      3       227277.50    238591.33    465868.83 
1995-1999      4       230729.83    242389.83    473119.67 
1995-1999      5       232574.00    244317.17    476891.17 
1995-1999      6       232476.50    244475.67    476952.17 
1995-1999      7       230994.17    243037.67    474031.83 
1995-1999      8       229256.83    240726.00    469982.83 
1995-1999      9       227718.50    239198.33    466916.83 
1995-1999     10       227304.17    238975.17    466279.33 
1995-1999     11       227890.67    239373.83    467264.50 
1995-1999     12       229958.50    241038.17    470996.67 
1995-1999     13       232967.83    243825.67    476793.50 
1995-1999     14       234966.17    245869.00    480835.17 
1995-1999     15       234199.17    245572.50    479771.67 
1995-1999     16       231813.17    243443.83    475257.00 
1995-1999     17       228434.00    240135.17    468569.17 
1995-1999     18       225053.67    236455.83    461509.50 
1995-1999     19       225285.33    235045.33    460330.67 
1995-1999     20       230306.67    237361.33    467668.00 
1995-1999     21       238467.00    242506.67    480973.67 
1995-1999     22       249189.33    250958.17    500147.50 
1995-1999     23       262516.33    262603.83    525120.17 
1995-1999     24       275607.33    275505.83    551113.17 
1995-1999     25       289247.50    289838.83    579086.33 
1995-1999     26       304308.33    306512.50    610820.83 
1995-1999     27       317309.67    322535.50    639845.17 
1995-1999     28       327445.50    335417.50    662863.00 
1995-1999     29       335806.67    346443.00    682249.67 
1995-1999     30       341990.33    354532.17    696522.50 
1995-1999     31       345297.50    358840.50    704138.00 
1995-1999     32       346696.33    360702.50    707398.83 
1995-1999     33       346192.50    360716.50    706909.00 
1995-1999     34       343163.83    357622.67    700786.50 
1995-1999     35       336975.33    351301.17    688276.50 
1995-1999     36       328502.33    342093.00    670595.33 
1995-1999     37       319208.17    331527.83    650736.00 
1995-1999     38       310753.50    321020.00    631773.50 
1995-1999     39       302210.17    309970.00    612180.17 
1995-1999     40       292635.67    298142.33    590778.00 
1995-1999     41       283273.00    286891.33    570164.33 
1995-1999     42       274611.50    276677.83    551289.33 
1995-1999     43       265289.50    266421.17    531710.67 
1995-1999     44       257813.00    258916.67    516729.67 
1995-1999     45       254680.67    255941.67    510622.33 
1995-1999     46       255001.33    256255.50    511256.83 
1995-1999     47       257729.67    258821.67    516551.33 
1995-1999     48       257513.17    258534.83    516048.00 
1995-1999     49       249357.17    249450.17    498807.33 
1995-1999     50       242073.50    240359.00    482432.50 
1995-1999     51       238680.50    235549.83    474230.33 
1995-1999     52       233443.83    228898.33    462342.17 
1995-1999     53       235941.67    229705.17    465646.83 
1995-1999     54       252415.00    244617.33    497032.33 
1995-1999     55       267953.83    258986.83    526940.67 
1995-1999     56       268028.50    258385.50    526414.00 
1995-1999     57       257463.50    247144.50    504608.00 
1995-1999     58       241371.50    230306.83    471678.33 
1995-1999     59       219224.67    207317.17    426541.83 
1995-1999     60       196364.00    183263.33    379627.33 
1995-1999     61       184107.00    169178.33    353285.33 
1995-1999     62       183790.50    166191.67    349982.17 
1995-1999     63       186249.33    165866.83    352116.17 
1995-1999     64       189674.50    166817.83    356492.33 
1995-1999     65       193345.50    167939.17    361284.67 
1995-1999     66       195983.00    167547.83    363530.83 
1995-1999     67       197258.17    164771.33    362029.50 
1995-1999     68       198693.50    159400.50    358094.00 
1995-1999     69       201412.50    152280.83    353693.33 
1995-1999     70       205037.50    143878.17    348915.67 
1995-1999     71       209263.17    135043.00    344306.17 
1995-1999     72       213165.50    127191.17    340356.67 
1995-1999     73       214902.50    120352.00    335254.50 
1995-1999     74       212155.50    113104.67    325260.17 
1995-1999     75       201937.67    103915.00    305852.67 
1995-1999     76       181343.67     91329.00    272672.67 
1995-1999     77       155254.67     76603.83    231858.50 
1995-1999     78       130519.00     62817.83    193336.83 
1995-1999     79       110833.83     51986.17    162820.00 
1995-1999     80       101577.54     46422.23    147999.77 
1995-1999     81       102952.85     45688.96    148641.82 
1995-1999     82       107169.08     46186.82    153355.89 
1995-1999     83       108447.03     45419.50    153866.53 
1995-1999     84       105202.60     42537.59    147740.18 
1995-1999     85        96878.12     37612.33    134490.45 
1995-1999     86        84884.24     31633.44    116517.69 
1995-1999     87        72393.71     25613.94     98007.65 
1995-1999     88        60585.60     20328.34     80913.94 
1995-1999     89        49386.74     15827.05     65213.79 
1995-1999     90        39022.22     11987.34     51009.56 
1995-1999     91        30269.63      8823.78     39093.42 
1995-1999     92        22786.32      6354.63     29140.95 
1995-1999     93        16699.40      4424.50     21123.89 
1995-1999     94        11929.89      2953.17     14883.05 
1995-1999     95         8272.63      1897.50     10170.13 
1995-1999     96         5536.67      1190.00      6726.67 
1995-1999     97         3598.17       710.50      4308.67 
1995-1999     98         2194.33       414.33      2608.67 
1995-1999     99         1316.67       228.17      1544.83 
1995-1999    100          782.17       113.33       895.50 
1995-1999    101          433.17        64.17       497.33 
1995-1999    102          237.50        29.50       267.00 
1995-1999    103          128.33        13.33       141.67 
1995-1999    104           69.00         8.67        77.67 
1995-1999    105           31.83         3.83        35.67 
1995-1999    106           19.67         1.17        20.83 
1995-1999    107            9.83         0.50        10.33 
1995-1999    108            2.33         0.00         2.33 
1995-1999    109            1.00         0.00         1.00 
1995-1999    110+           5.00         0.00         5.00 
2000-2004      0       187623.83    197994.17    385618.00 
2000-2004      1       192262.17    202838.33    395100.50 
2000-2004      2       195586.00    206206.50    401792.50 
2000-2004      3       200943.67    211292.17    412235.83 
2000-2004      4       207149.17    217308.17    424457.33 
2000-2004      5       213357.33    223548.50    436905.83 
2000-2004      6       219959.00    230305.00    450264.00 
2000-2004      7       225713.67    236613.33    462327.00 
2000-2004      8       230059.83    241733.00    471792.83 
2000-2004      9       233398.17    245416.83    478815.00 
2000-2004     10       235411.83    247541.50    482953.33 
2000-2004     11       235687.83    248012.00    483699.83 
2000-2004     12       234616.00    247114.33    481730.33 
2000-2004     13       233151.00    245119.00    478270.00 
2000-2004     14       231822.67    243908.83    475731.50 
2000-2004     15       231453.17    243882.50    475335.67 
2000-2004     16       232146.17    244526.83    476673.00 
2000-2004     17       234607.33    246815.50    481422.83 
2000-2004     18       238553.83    249438.83    487992.67 
2000-2004     19       242819.50    252361.67    495181.17 
2000-2004     20       244619.00    252905.83    497524.83 
2000-2004     21       244113.00    251080.50    495193.50 
2000-2004     22       242311.83    248738.33    491050.17 
2000-2004     23       240123.00    246103.83    486226.83 
2000-2004     24       240393.83    245589.83    485983.67 
2000-2004     25       245108.67    248398.33    493507.00 
2000-2004     26       252747.33    253559.67    506307.00 
2000-2004     27       262385.33    261425.17    523810.50 
2000-2004     28       273966.00    271770.17    545736.17 
2000-2004     29       285800.83    283188.33    568989.17 
2000-2004     30       298034.50    296320.33    594354.83 
2000-2004     31       311646.17    311923.67    623569.83 
2000-2004     32       323590.67    326858.67    650449.33 
2000-2004     33       332640.33    338650.33    671290.67 
2000-2004     34       340221.17    348695.50    688916.67 
2000-2004     35       345493.50    355899.83    701393.33 
2000-2004     36       348229.00    359758.17    707987.17 
2000-2004     37       349195.00    360725.17    709920.17 
2000-2004     38       348176.00    360066.00    708242.00 
2000-2004     39       344655.83    356356.33    701012.17 
2000-2004     40       338152.00    349455.50    687607.50 
2000-2004     41       329178.33    339806.83    668985.17 
2000-2004     42       319624.33    328981.83    648606.17 
2000-2004     43       311153.67    318065.83    629219.50 
2000-2004     44       302422.33    306575.00    608997.33 
2000-2004     45       292565.17    294558.00    587123.17 
2000-2004     46       282944.00    282906.50    565850.50 
2000-2004     47       273985.67    272706.83    546692.50 
2000-2004     48       264425.83    262442.00    526867.83 
2000-2004     49       256651.00    254542.83    511193.83 
2000-2004     50       253251.00    251142.17    504393.17 
2000-2004     51       253228.83    250779.50    504008.33 
2000-2004     52       255538.17    252512.17    508050.33 
2000-2004     53       254866.33    251470.17    506336.50 
2000-2004     54       246486.17    241976.33    488462.50 
2000-2004     55       238949.83    232575.33    471525.17 
2000-2004     56       235328.00    227146.67    462474.67 
2000-2004     57       229814.00    220257.67    450071.67 
2000-2004     58       231885.33    220228.00    452113.33 
2000-2004     59       247732.50    233630.00    481362.50 
2000-2004     60       262574.83    246625.00    509199.83 
2000-2004     61       262154.00    245125.33    507279.33 
2000-2004     62       251476.17    233684.67    485160.83 
2000-2004     63       235260.67    216620.00    451880.67 
2000-2004     64       213127.00    193859.17    406986.17 
2000-2004     65       190128.17    170111.50    360239.67 
2000-2004     66       177614.83    155655.50    333270.33 
2000-2004     67       176552.17    151476.50    328028.67 
2000-2004     68       177965.00    149691.50    327656.50 
2000-2004     69       180358.67    148905.83    329264.50 
2000-2004     70       182712.67    148120.17    330832.83 
2000-2004     71       183882.67    145853.67    329736.33 
2000-2004     72       183631.17    141509.33    325140.50 
2000-2004     73       183393.33    135096.17    318489.50 
2000-2004     74       184105.50    127118.50    311224.00 
2000-2004     75       185109.50    118168.00    303277.50 
2000-2004     76       186418.83    108829.33    295248.17 
2000-2004     77       187176.83    100160.33    287337.17 
2000-2004     78       185431.00     92294.33    277725.33 
2000-2004     79       179532.83     84426.33    263959.17 
2000-2004     80       166070.36     74895.95    240966.31 
2000-2004     81       145369.26     63793.90    209163.16 
2000-2004     82       120775.85     51615.70    172391.55 
2000-2004     83        98099.23     40497.03    138596.26 
2000-2004     84        79758.76     31831.56    111590.32 
2000-2004     85        69524.71     26892.56     96417.27 
2000-2004     86        66511.69     24829.46     91341.15 
2000-2004     87        65388.74     23446.98     88835.73 
2000-2004     88        62014.36     21493.50     83507.87 
2000-2004     89        55877.43     18576.42     74453.85 
2000-2004     90        47120.78     15062.50     62183.28 
2000-2004     91        37646.41     11503.61     49150.02 
2000-2004     92        28845.54      8366.44     37211.99 
2000-2004     93        21595.43      5833.51     27428.94 
2000-2004     94        15666.07      3964.22     19630.29 
2000-2004     95        10854.06      2593.17     13447.22 
2000-2004     96         7235.97      1663.45      8899.42 
2000-2004     97         4800.49      1017.13      5817.62 
2000-2004     98         3087.40       632.50      3719.90 
2000-2004     99         1910.89       352.00      2262.89 
2000-2004    100         1111.80       185.33      1297.13 
2000-2004    101          629.17        96.83       726.00 
2000-2004    102          346.67        50.50       397.17 
2000-2004    103          184.33        27.67       212.00 
2000-2004    104          101.33        14.83       116.17 
2000-2004    105           61.00         4.67        65.67 
2000-2004    106           28.17         0.50        28.67 
2000-2004    107           11.50         0.50        12.00 
2000-2004    108            6.83         1.00         7.83 
2000-2004    109            2.17         1.00         3.17 
2000-2004    110+           0.50         0.17         0.67 
2005-2009      0       188199.50    197483.33    385682.83 
2005-2009      1       193219.67    202740.50    395960.17 
2005-2009      2       195027.67    204324.83    399352.50 
2005-2009      3       195896.33    205710.00    401606.33 
2005-2009      4       196089.17    206896.00    402985.17 
2005-2009      5       196952.17    207744.67    404696.83 
2005-2009      6       198799.50    209213.83    408013.33 
2005-2009      7       201740.67    212278.67    414019.33 
2005-2009      8       206890.67    217374.50    424265.17 
2005-2009      9       212862.67    223422.67    436285.33 
2005-2009     10       218793.50    229577.83    448371.33 
2005-2009     11       225423.83    236352.33    461776.17 
2005-2009     12       231195.00    242652.17    473847.17 
2005-2009     13       235643.33    247736.50    483379.83 
2005-2009     14       238871.67    251452.33    490324.00 
2005-2009     15       240929.00    253848.00    494777.00 
2005-2009     16       241616.50    255121.50    496738.00 
2005-2009     17       241463.33    255092.33    496555.67 
2005-2009     18       241792.33    253845.50    495637.83 
2005-2009     19       244097.83    254458.33    498556.17 
2005-2009     20       248313.33    256827.33    505140.67 
2005-2009     21       252723.67    259257.50    511981.17 
2005-2009     22       258081.67    263017.67    521099.33 
2005-2009     23       263958.33    268022.33    531980.67 
2005-2009     24       268613.17    271881.00    540494.17 
2005-2009     25       269808.50    273303.67    543112.17 
2005-2009     26       268135.33    272201.00    540336.33 
2005-2009     27       264871.17    269126.33    533997.50 
2005-2009     28       260798.17    265201.17    525999.33 
2005-2009     29       259134.83    263008.50    522143.33 
2005-2009     30       262162.67    264206.50    526369.17 
2005-2009     31       267987.17    267750.67    535737.83 
2005-2009     32       275752.67    274011.17    549763.83 
2005-2009     33       285796.83    283070.00    568866.83 
2005-2009     34       295966.50    293182.00    589148.50 
2005-2009     35       306924.33    304655.00    611579.33 
2005-2009     36       319100.83    319133.33    638234.17 
2005-2009     37       329764.33    332997.33    662761.67 
2005-2009     38       338100.83    343731.67    681832.50 
2005-2009     39       345091.50    352594.00    697685.50 
2005-2009     40       349853.67    358989.67    708843.33 
2005-2009     41       352036.33    361674.67    713711.00 
2005-2009     42       352390.17    362073.33    714463.50 
2005-2009     43       351017.33    360706.67    711724.00 
2005-2009     44       347172.50    356538.50    703711.00 
2005-2009     45       340467.50    348888.83    689356.33 
2005-2009     46       331198.17    338458.67    669656.83 
2005-2009     47       321208.83    326889.17    648098.00 
2005-2009     48       312264.17    315575.83    627840.00 
2005-2009     49       303053.67    303575.83    606629.50 
2005-2009     50       292852.50    291026.00    583878.50 
2005-2009     51       282819.17    278886.83    561706.00 
2005-2009     52       273575.33    267984.83    541560.17 
2005-2009     53       263698.33    257122.50    520820.83 
2005-2009     54       255548.33    248572.50    504120.83 
2005-2009     55       251649.33    244243.00    495892.33 
2005-2009     56       250975.33    242971.00    493946.33 
2005-2009     57       252549.83    243575.67    496125.50 
2005-2009     58       251329.00    241469.83    492798.83 
2005-2009     59       242470.00    231299.33    473769.33 
2005-2009     60       234422.33    221296.17    455718.50 
2005-2009     61       230289.83    215379.33    445669.17 
2005-2009     62       224479.67    208003.33    432483.00 
2005-2009     63       226081.67    207194.17    433275.83 
2005-2009     64       241029.83    219163.67    460193.50 
2005-2009     65       254884.33    230636.17    485520.50 
2005-2009     66       253788.50    228108.33    481896.83 
2005-2009     67       242553.50    216102.67    458656.17 
2005-2009     68       226046.00    198982.33    425028.33 
2005-2009     69       203923.67    176569.83    380493.50 
2005-2009     70       181089.33    153380.50    334469.83 
2005-2009     71       168108.33    138784.83    306893.17 
2005-2009     72       166031.33    133540.67    299572.00 
2005-2009     73       166112.50    130218.83    296331.33 
2005-2009     74       166824.50    127571.50    294396.00 
2005-2009     75       167304.33    124674.00    291978.33 
2005-2009     76       166442.83    120501.50    286944.33 
2005-2009     77       163954.33    114624.00    278578.33 
2005-2009     78       161118.50    107144.17    268262.67 
2005-2009     79       158976.17     98444.83    257421.00 
2005-2009     80       156485.65     88820.14    245305.79 
2005-2009     81       153637.70     79018.73    232656.42 
2005-2009     82       149856.90     69979.06    219835.96 
2005-2009     83       143624.94     61933.62    205558.56 
2005-2009     84       133722.36     54150.13    187872.49 
2005-2009     85       118922.53     46212.12    165134.64 
2005-2009     86        98916.76     37346.90    136263.66 
2005-2009     87        77603.35     28476.20    106079.55 
2005-2009     88        59087.22     20842.36     79929.59 
2005-2009     89        44811.26     15148.89     59960.15 
2005-2009     90        36050.04     11611.40     47661.44 
2005-2009     91        31459.19      9672.47     41131.65 
2005-2009     92        27979.74      8250.15     36229.89 
2005-2009     93        23999.20      6736.17     30735.37 
2005-2009     94        19293.77      5198.25     24492.02 
2005-2009     95        14406.45      3737.67     18144.12 
2005-2009     96        10053.74      2470.45     12524.19 
2005-2009     97         6643.37      1554.95      8198.32 
2005-2009     98         4235.26       933.17      5168.44 
2005-2009     99         2649.24       541.39      3190.63 
2005-2009    100         1592.89       293.50      1886.39 
2005-2009    101          923.30       148.45      1071.75 
2005-2009    102          526.99        76.30       603.29 
2005-2009    103          296.89        40.83       337.73 
2005-2009    104          155.05        18.33       173.39 
2005-2009    105           72.63         8.00        80.63 
2005-2009    106           40.67         1.50        42.17 
2005-2009    107           26.50         0.83        27.33 
2005-2009    108           11.67         0.00        11.67 
2005-2009    109            3.00         0.00         3.00 
2005-2009    110+           0.33         0.00         0.33 
2010-2014      0       189254.17    201143.17    390397.33 
2010-2014      1       193043.67    204772.83    397816.50 
2010-2014      2       193237.17    204574.17    397811.33 
2010-2014      3       193837.33    204156.83    397994.17 
2010-2014      4       194663.67    204252.83    398916.50 
2010-2014      5       195659.83    205184.67    400844.50 
2010-2014      6       196702.33    206249.67    402952.00 
2010-2014      7       197871.00    207261.67    405132.67 
2010-2014      8       198717.83    208489.33    407207.17 
2010-2014      9       199144.00    209599.33    408743.33 
2010-2014     10       200192.00    210865.00    411057.00 
2010-2014     11       202198.83    212812.67    415011.50 
2010-2014     12       205582.50    216163.17    421745.67 
2010-2014     13       210887.83    221466.17    432354.00 
2010-2014     14       216857.50    227667.33    444524.83 
2010-2014     15       222438.50    233838.17    456276.67 
2010-2014     16       228792.17    240963.00    469755.17 
2010-2014     17       234642.83    247976.33    482619.17 
2010-2014     18       240507.67    254619.00    495126.67 
2010-2014     19       248804.17    262283.17    511087.33 
2010-2014     20       255424.00    267475.00    522899.00 
2010-2014     21       260476.33    270411.33    530887.67 
2010-2014     22       263832.83    271769.50    535602.33 
2010-2014     23       266550.33    272343.00    538893.33 
2010-2014     24       268618.17    273478.33    542096.50 
2010-2014     25       270954.50    275424.67    546379.17 
2010-2014     26       273369.83    276933.00    550302.83 
2010-2014     27       276445.33    279360.33    555805.67 
2010-2014     28       280217.17    283050.83    563268.00 
2010-2014     29       282574.67    284947.17    567521.83 
2010-2014     30       282083.83    284471.83    566555.67 
2010-2014     31       278818.83    281579.50    560398.33 
2010-2014     32       274294.33    277239.67    551534.00 
2010-2014     33       269309.00    272095.00    541404.00 
2010-2014     34       266768.50    268908.67    535677.17 
2010-2014     35       268729.67    268985.67    537715.33 
2010-2014     36       273551.67    271726.67    545278.33 
2010-2014     37       280474.50    277128.33    557602.83 
2010-2014     38       289864.50    285519.83    575384.33 
2010-2014     39       299550.33    294592.00    594142.33 
2010-2014     40       309738.83    305454.00    615192.83 
2010-2014     41       321583.00    319282.83    640865.83 
2010-2014     42       332115.33    332586.50    664701.83 
2010-2014     43       339992.83    342673.67    682666.50 
2010-2014     44       346571.17    351242.17    697813.33 
2010-2014     45       351079.83    357043.17    708123.00 
2010-2014     46       353021.33    359246.00    712267.33 
2010-2014     47       353240.83    359135.17    712376.00 
2010-2014     48       351350.67    357189.00    708539.67 
2010-2014     49       347177.67    352391.33    699569.00 
2010-2014     50       340028.50    344028.00    684056.50 
2010-2014     51       330429.17    333190.50    663619.67 
2010-2014     52       320075.67    321079.67    641155.33 
2010-2014     53       310651.50    309151.00    619802.50 
2010-2014     54       301184.67    296755.67    597940.33 
2010-2014     55       290500.17    283534.50    574034.67 
2010-2014     56       280145.33    271043.00    551188.33 
2010-2014     57       270462.50    259524.83    529987.33 
2010-2014     58       260111.00    247977.67    508088.67 
2010-2014     59       251518.33    238635.67    490154.00 
2010-2014     60       247040.00    233274.67    480314.67 
2010-2014     61       245716.67    230613.83    476330.50 
2010-2014     62       246510.33    229762.67    476273.00 
2010-2014     63       244776.33    226633.33    471409.67 
2010-2014     64       235550.50    216223.50    451774.00 
2010-2014     65       227066.50    206058.33    433124.83 
2010-2014     66       222528.33    199581.00    422109.33 
2010-2014     67       216236.00    191949.33    408185.33 
2010-2014     68       217037.83    190421.17    407459.00 
2010-2014     69       230600.83    200296.00    430896.83 
2010-2014     70       242897.33    209434.50    452331.83 
2010-2014     71       240860.50    205820.50    446681.00 
2010-2014     72       229218.33    193488.67    422707.00 
2010-2014     73       212510.00    176734.50    389244.50 
2010-2014     74       190473.50    155161.33    345634.83 
2010-2014     75       167837.33    132860.67    300698.00 
2010-2014     76       154218.50    118219.67    272438.17 
2010-2014     77       150503.67    111625.67    262129.33 
2010-2014     78       148623.50    106467.83    255091.33 
2010-2014     79       146939.33    102049.17    248988.50 
2010-2014     80       144634.50     97285.67    241920.17 
2010-2014     81       140730.50     91352.50    232083.00 
2010-2014     82       135102.17     84101.67    219203.83 
2010-2014     83       128916.33     75712.83    204629.17 
2010-2014     84       122843.33     66653.67    189497.00 
2010-2014     85       116097.65     57252.47    173350.12 
2010-2014     86       108777.36     48250.73    157028.09 
2010-2014     87       100438.73     40342.73    140781.46 
2010-2014     88        90505.94     33327.28    123833.22 
2010-2014     89        78519.20     26981.63    105500.82 
2010-2014     90        64688.69     21207.78     85896.48 
2010-2014     91        49526.43     15592.90     65119.33 
2010-2014     92        35619.52     10776.70     46396.22 
2010-2014     93        24455.22      7069.20     31524.42 
2010-2014     94        16590.10      4519.56     21109.65 
2010-2014     95        11785.38      3027.40     14812.77 
2010-2014     96         9038.69      2224.46     11263.15 
2010-2014     97         7032.24      1633.15      8665.39 
2010-2014     98         5194.86      1126.67      6321.53 
2010-2014     99         3575.43       748.09      4323.52 
2010-2014    100         2281.12       447.50      2728.62 
2010-2014    101         1313.24       241.61      1554.86 
2010-2014    102          708.54       130.61       839.15 
2010-2014    103          358.76        66.01       424.77 
2010-2014    104          176.41        35.22       211.63 
2010-2014    105           99.06        16.67       115.72 
2010-2014    106           55.46         7.62        63.08 
2010-2014    107           26.15         3.13        29.29 
2010-2014    108           16.39         0.17        16.56 
2010-2014    109            8.22         0.00         8.22 
2010-2014    110+           4.30         0.00         4.30 
