Czech Republic, Exposure to risk (period 1x5)     Last modified: 02-Oct-2015, MPv5 (May07)

   Year      Age       Female          Male         Total
1950-1954      0       423706.41    447668.84    871375.25 
1950-1954      1       422946.67    444625.99    867572.66 
1950-1954      2       428988.80    449765.95    878754.75 
1950-1954      3       434151.83    453893.61    888045.44 
1950-1954      4       431054.11    448918.25    879972.36 
1950-1954      5       422564.06    438537.53    861101.58 
1950-1954      6       413263.49    427885.08    841148.57 
1950-1954      7       395868.24    409242.65    805110.89 
1950-1954      8       371675.70    384067.40    755743.10 
1950-1954      9       352833.30    364935.11    717768.41 
1950-1954     10       337084.62    348656.35    685740.96 
1950-1954     11       317386.69    327644.80    645031.48 
1950-1954     12       299687.42    308488.22    608175.65 
1950-1954     13       287013.86    294426.01    581439.87 
1950-1954     14       277562.66    283473.17    561035.83 
1950-1954     15       273401.13    278479.82    551880.95 
1950-1954     16       275663.62    281240.83    556904.46 
1950-1954     17       283136.82    289438.00    572574.82 
1950-1954     18       294183.18    300834.10    595017.29 
1950-1954     19       307291.80    314454.66    621746.46 
1950-1954     20       319301.29    326706.20    646007.49 
1950-1954     21       328662.35    335192.03    663854.39 
1950-1954     22       335644.28    341962.54    677606.82 
1950-1954     23       340881.14    348585.46    689466.60 
1950-1954     24       345482.19    351786.40    697268.58 
1950-1954     25       351281.35    352270.46    703551.81 
1950-1954     26       359549.37    355220.34    714769.71 
1950-1954     27       368111.74    359028.32    727140.06 
1950-1954     28       374877.03    360948.73    735825.77 
1950-1954     29       375860.16    359337.38    735197.54 
1950-1954     30       365283.83    349111.33    714395.16 
1950-1954     31       335158.53    320431.99    655590.52 
1950-1954     32       292519.38    279634.45    572153.83 
1950-1954     33       252488.67    241562.70    494051.36 
1950-1954     34       224973.64    215119.42    440093.05 
1950-1954     35       223443.18    213465.84    436909.02 
1950-1954     36       250358.92    239337.62    489696.54 
1950-1954     37       289791.01    277192.28    566983.29 
1950-1954     38       327200.99    313381.61    640582.60 
1950-1954     39       356954.96    342850.41    699805.36 
1950-1954     40       371287.02    357822.45    729109.47 
1950-1954     41       373663.42    361215.79    734879.21 
1950-1954     42       373242.44    361617.15    734859.59 
1950-1954     43       372110.79    360577.83    732688.62 
1950-1954     44       367808.58    355650.87    723459.46 
1950-1954     45       360898.56    348042.61    708941.17 
1950-1954     46       354921.99    341462.31    696384.30 
1950-1954     47       350340.70    336052.12    686392.81 
1950-1954     48       345759.03    330350.49    676109.53 
1950-1954     49       341823.09    324447.74    666270.83 
1950-1954     50       337569.30    317114.31    654683.61 
1950-1954     51       330700.89    305637.52    636338.41 
1950-1954     52       321860.79    291292.20    613153.00 
1950-1954     53       311966.63    275453.38    587420.01 
1950-1954     54       301871.80    259716.58    561588.38 
1950-1954     55       291272.57    244700.45    535973.02 
1950-1954     56       280022.36    230886.32    510908.68 
1950-1954     57       268178.69    217546.75    485725.44 
1950-1954     58       255882.82    205346.63    461229.45 
1950-1954     59       243417.46    194455.46    437872.91 
1950-1954     60       231974.41    184002.46    415976.87 
1950-1954     61       222857.41    175220.06    398077.46 
1950-1954     62       215216.34    168069.84    383286.18 
1950-1954     63       207609.11    160839.08    368448.20 
1950-1954     64       200101.20    153640.59    353741.80 
1950-1954     65       192937.19    147073.39    340010.58 
1950-1954     66       184623.23    140121.01    324744.25 
1950-1954     67       175947.65    133117.16    309064.82 
1950-1954     68       167109.29    125740.05    292849.34 
1950-1954     69       157375.81    117704.43    275080.25 
1950-1954     70       147802.10    110002.13    257804.23 
1950-1954     71       138964.94    102772.22    241737.16 
1950-1954     72       129095.95     94952.54    224048.49 
1950-1954     73       118843.49     87068.65    205912.14 
1950-1954     74       109802.00     79790.72    189592.73 
1950-1954     75       100423.71     72457.20    172880.91 
1950-1954     76        90677.95     65197.81    155875.75 
1950-1954     77        81192.15     58156.68    139348.83 
1950-1954     78        71763.35     51338.28    123101.62 
1950-1954     79        62606.92     44968.42    107575.33 
1950-1954     80        54340.36     38689.55     93029.91 
1950-1954     81        45926.33     32524.37     78450.70 
1950-1954     82        38403.10     27071.41     65474.51 
1950-1954     83        31886.34     22017.09     53903.43 
1950-1954     84        25922.24     17356.84     43279.07 
1950-1954     85        20637.98     13382.14     34020.12 
1950-1954     86        16290.74     10144.86     26435.60 
1950-1954     87        12546.83      7567.65     20114.49 
1950-1954     88         9342.64      5538.63     14881.27 
1950-1954     89         6815.57      3925.41     10740.98 
1950-1954     90         4956.52      2731.59      7688.11 
1950-1954     91         3525.26      1872.26      5397.52 
1950-1954     92         2410.53      1229.46      3640.00 
1950-1954     93         1604.99       800.30      2405.30 
1950-1954     94         1001.65       488.42      1490.07 
1950-1954     95          596.12       282.06       878.18 
1950-1954     96          344.85       153.74       498.59 
1950-1954     97          200.88        88.48       289.36 
1950-1954     98          113.89        42.92       156.81 
1950-1954     99           65.16        20.20        85.36 
1950-1954    100           39.77         9.06        48.83 
1950-1954    101           20.15         4.38        24.54 
1950-1954    102            7.80         0.90         8.69 
1950-1954    103            2.28         0.00         2.28 
1950-1954    104            0.14         0.00         0.14 
1950-1954    105            0.00         0.00         0.00 
1950-1954    106            0.00         0.00         0.00 
1950-1954    107            0.00         0.00         0.00 
1950-1954    108            0.00         0.00         0.00 
1950-1954    109            0.00         0.00         0.00 
1950-1954    110+           0.00         0.00         0.00 
1955-1959      0       370291.78    390392.34    760684.12 
1955-1959      1       383959.49    403993.48    787952.97 
1955-1959      2       395539.46    416159.11    811698.57 
1955-1959      3       404258.33    425281.94    829540.26 
1955-1959      4       411506.86    432567.96    844074.83 
1955-1959      5       416616.46    437367.58    853984.03 
1955-1959      6       421385.38    441615.10    863000.47 
1955-1959      7       428199.60    447975.98    876175.58 
1955-1959      8       433997.05    452980.67    886977.72 
1955-1959      9       431171.36    448516.29    879687.65 
1955-1959     10       422971.64    438470.29    861441.93 
1955-1959     11       414098.36    428256.14    842354.50 
1955-1959     12       396984.97    409946.56    806931.53 
1955-1959     13       372980.36    385048.01    758028.38 
1955-1959     14       354469.88    366321.34    720791.22 
1955-1959     15       339066.15    350487.52    689553.68 
1955-1959     16       319676.17    329776.17    649452.34 
1955-1959     17       302246.27    310918.66    613164.94 
1955-1959     18       289707.62    297035.94    586743.56 
1955-1959     19       280317.50    286053.07    566370.58 
1955-1959     20       276120.41    280805.83    556926.24 
1955-1959     21       278078.93    283034.10    561113.03 
1955-1959     22       285072.31    290304.17    575376.48 
1955-1959     23       295515.47    300446.67    595962.14 
1955-1959     24       307833.61    312600.86    620434.47 
1955-1959     25       318987.89    323282.44    642270.33 
1955-1959     26       327621.74    330344.28    657966.01 
1955-1959     27       334052.73    335214.03    669266.76 
1955-1959     28       338829.08    339087.83    677916.91 
1955-1959     29       342991.20    340447.70    683438.90 
1955-1959     30       348382.41    340716.90    689099.31 
1955-1959     31       356260.34    343797.20    700057.55 
1955-1959     32       364402.78    348430.84    712833.62 
1955-1959     33       370828.80    352256.62    723085.42 
1955-1959     34       371628.09    351932.21    723560.30 
1955-1959     35       361122.43    341815.99    702938.42 
1955-1959     36       331322.48    313388.89    644711.37 
1955-1959     37       289145.01    273333.15    562478.16 
1955-1959     38       249496.46    236030.31    485526.77 
1955-1959     39       222225.71    210156.93    432382.65 
1955-1959     40       220580.42    208524.11    429104.53 
1955-1959     41       246998.29    233809.08    480807.37 
1955-1959     42       285765.35    270647.46    556412.82 
1955-1959     43       322468.49    305670.10    628138.60 
1955-1959     44       351697.11    334115.40    685812.51 
1955-1959     45       365533.35    348317.76    713851.11 
1955-1959     46       367579.46    351072.65    718652.10 
1955-1959     47       366831.35    350782.92    717614.27 
1955-1959     48       365282.04    348999.85    714281.89 
1955-1959     49       360442.35    343301.67    703744.02 
1955-1959     50       353049.73    334856.97    687906.71 
1955-1959     51       346482.65    327103.12    673585.77 
1955-1959     52       341324.46    320330.94    661655.40 
1955-1959     53       336196.50    313192.54    649389.03 
1955-1959     54       331554.60    305738.39    637292.98 
1955-1959     55       326648.14    296926.07    623574.21 
1955-1959     56       318925.70    284203.44    603129.13 
1955-1959     57       309217.35    268906.52    578123.87 
1955-1959     58       298659.13    252201.11    550860.24 
1955-1959     59       288075.59    235661.65    523737.24 
1955-1959     60       276767.38    220171.83    496939.21 
1955-1959     61       264750.30    205650.21    470400.51 
1955-1959     62       252018.58    191767.40    443785.98 
1955-1959     63       238766.00    179194.76    417960.76 
1955-1959     64       225568.11    167771.99    393340.09 
1955-1959     65       213130.35    156700.18    369830.54 
1955-1959     66       202490.89    147227.86    349718.75 
1955-1959     67       193116.36    139078.66    332195.02 
1955-1959     68       183679.02    130744.34    314423.36 
1955-1959     69       174159.95    122544.06    296704.01 
1955-1959     70       164879.73    115063.19    279942.91 
1955-1959     71       155104.96    107333.89    262438.86 
1955-1959     72       144910.11     99557.19    244467.30 
1955-1959     73       134468.25     91637.28    226105.53 
1955-1959     74       123469.52     83494.19    206963.71 
1955-1959     75       112712.76     75808.84    188521.61 
1955-1959     76       102479.61     68405.84    170885.44 
1955-1959     77        92014.86     60925.51    152940.37 
1955-1959     78        81454.21     53601.92    135056.13 
1955-1959     79        71649.68     46832.51    118482.19 
1955-1959     80        62140.89     40232.98    102373.87 
1955-1959     81        53390.68     34444.32     87835.01 
1955-1959     82        45060.68     29020.11     74080.79 
1955-1959     83        37436.08     24007.56     61443.64 
1955-1959     84        30540.96     19490.20     50031.16 
1955-1959     85        24258.34     15400.15     39658.49 
1955-1959     86        18914.39     11813.23     30727.61 
1955-1959     87        14522.24      8867.87     23390.10 
1955-1959     88        11057.40      6472.49     17529.89 
1955-1959     89         8071.73      4599.00     12670.72 
1955-1959     90         5721.71      3184.88      8906.59 
1955-1959     91         4012.53      2162.54      6175.07 
1955-1959     92         2731.20      1407.39      4138.59 
1955-1959     93         1781.76       916.78      2698.53 
1955-1959     94         1172.42       563.78      1736.20 
1955-1959     95          775.89       354.00      1129.89 
1955-1959     96          471.16       214.35       685.51 
1955-1959     97          268.13       120.24       388.37 
1955-1959     98          152.45        71.76       224.21 
1955-1959     99           78.62        35.22       113.85 
1955-1959    100           36.62        12.39        49.02 
1955-1959    101           19.09         6.78        25.87 
1955-1959    102            8.37         1.64        10.01 
1955-1959    103            2.73         0.00         2.73 
1955-1959    104            0.32         0.00         0.32 
1955-1959    105            0.00         0.00         0.00 
1955-1959    106            0.00         0.00         0.00 
1955-1959    107            0.00         0.00         0.00 
1955-1959    108            0.00         0.00         0.00 
1955-1959    109            0.00         0.00         0.00 
1955-1959    110+           0.00         0.00         0.00 
1960-1964      0       328494.77    345921.54    674416.31 
1960-1964      1       319854.43    335901.98    655756.40 
1960-1964      2       322914.16    338985.38    661899.54 
1960-1964      3       335646.04    352208.48    687854.53 
1960-1964      4       351269.91    368641.82    719911.74 
1960-1964      5       368492.15    386618.90    755111.06 
1960-1964      6       384048.04    403078.45    787126.49 
1960-1964      7       395244.05    414912.10    810156.16 
1960-1964      8       404075.92    423878.61    827954.53 
1960-1964      9       411408.88    431287.07    842695.95 
1960-1964     10       416498.01    436169.86    852667.87 
1960-1964     11       421012.49    440476.71    861489.20 
1960-1964     12       427758.01    446940.57    874698.58 
1960-1964     13       433757.04    452262.39    886019.44 
1960-1964     14       431046.09    448149.93    879196.02 
1960-1964     15       422870.07    438262.54    861132.61 
1960-1964     16       413804.99    427876.43    841681.42 
1960-1964     17       396609.70    409272.06    805881.76 
1960-1964     18       372926.48    384333.05    757259.53 
1960-1964     19       354784.41    365821.60    720606.01 
1960-1964     20       339493.00    349958.93    689451.93 
1960-1964     21       320196.92    329038.84    649235.76 
1960-1964     22       303156.35    310483.90    613640.25 
1960-1964     23       290965.76    297094.48    588060.24 
1960-1964     24       281604.83    286325.43    567930.26 
1960-1964     25       277235.12    280895.36    558130.48 
1960-1964     26       278965.93    282645.46    561611.39 
1960-1964     27       285417.63    289001.87    574419.50 
1960-1964     28       295518.12    298180.72    593698.84 
1960-1964     29       307201.93    309289.71    616491.64 
1960-1964     30       317492.70    318751.22    636243.92 
1960-1964     31       325593.50    324805.10    650398.60 
1960-1964     32       331702.30    328095.95    659798.26 
1960-1964     33       336130.92    329399.63    665530.55 
1960-1964     34       340017.45    329552.86    669570.31 
1960-1964     35       345070.52    330523.27    675593.79 
1960-1964     36       352468.10    334408.34    686876.44 
1960-1964     37       360183.91    339918.95    700102.85 
1960-1964     38       366398.24    344538.19    710936.43 
1960-1964     39       367271.53    344497.71    711769.24 
1960-1964     40       356884.36    334343.35    691227.71 
1960-1964     41       327550.76    306323.02    633873.77 
1960-1964     42       285640.62    266892.61    552533.23 
1960-1964     43       246160.14    230191.59    476351.73 
1960-1964     44       218857.86    204528.95    423386.80 
1960-1964     45       216779.89    202521.27    419301.17 
1960-1964     46       243125.80    227345.89    470471.70 
1960-1964     47       281099.35    262765.31    543864.67 
1960-1964     48       316983.27    296325.28    613308.55 
1960-1964     49       345167.77    323342.04    668509.80 
1960-1964     50       357958.30    336111.35    694069.64 
1960-1964     51       359601.47    337904.20    697505.67 
1960-1964     52       358249.34    336332.21    694581.56 
1960-1964     53       355969.74    333133.80    689103.54 
1960-1964     54       350518.40    326150.31    676668.71 
1960-1964     55       342411.28    316307.42    658718.70 
1960-1964     56       335181.14    306917.09    642098.24 
1960-1964     57       329227.75    298368.78    627596.53 
1960-1964     58       323222.39    289295.48    612517.87 
1960-1964     59       317581.41    279665.96    597247.37 
1960-1964     60       311303.22    268701.93    580005.16 
1960-1964     61       302412.59    254414.55    556827.15 
1960-1964     62       291706.01    238000.21    529706.22 
1960-1964     63       280331.58    220810.56    501142.14 
1960-1964     64       268708.62    203887.08    472595.70 
1960-1964     65       256035.07    187776.70    443811.78 
1960-1964     66       242905.53    173020.73    415926.27 
1960-1964     67       228791.22    158868.76    387659.98 
1960-1964     68       214127.16    145758.82    359885.98 
1960-1964     69       199739.27    133966.23    333705.49 
1960-1964     70       185843.85    122754.40    308598.25 
1960-1964     71       173353.90    113054.79    286408.69 
1960-1964     72       161857.52    104331.52    266189.04 
1960-1964     73       150410.51     95610.05    246020.56 
1960-1964     74       139104.05     87065.20    226169.25 
1960-1964     75       128314.98     79470.36    207785.34 
1960-1964     76       117186.83     71820.42    189007.25 
1960-1964     77       106015.39     64340.91    170356.30 
1960-1964     78        94796.57     57023.79    151820.37 
1960-1964     79        83343.80     49659.74    133003.54 
1960-1964     80        71963.95     42418.09    114382.04 
1960-1964     81        62117.74     36234.06     98351.80 
1960-1964     82        52768.21     30355.35     83123.55 
1960-1964     83        43844.25     24997.13     68841.38 
1960-1964     84        36245.78     20446.02     56691.80 
1960-1964     85        29450.86     16401.18     45852.04 
1960-1964     86        23338.82     12975.21     36314.03 
1960-1964     87        18020.65      9992.34     28012.99 
1960-1964     88        13630.06      7449.96     21080.01 
1960-1964     89        10157.77      5415.60     15573.38 
1960-1964     90         7263.99      3795.91     11059.90 
1960-1964     91         5067.37      2567.00      7634.37 
1960-1964     92         3449.22      1682.65      5131.88 
1960-1964     93         2300.22      1084.61      3384.84 
1960-1964     94         1469.05       663.97      2133.02 
1960-1964     95          919.70       377.37      1297.07 
1960-1964     96          567.20       215.03       782.22 
1960-1964     97          341.53       112.05       453.58 
1960-1964     98          206.59        70.61       277.19 
1960-1964     99          118.75        44.78       163.52 
1960-1964    100           65.56        19.33        84.89 
1960-1964    101           34.40         7.74        42.13 
1960-1964    102           16.37         1.63        18.00 
1960-1964    103            5.93         0.00         5.93 
1960-1964    104            1.46         0.00         1.46 
1960-1964    105            0.05         0.00         0.05 
1960-1964    106            0.00         0.00         0.00 
1960-1964    107            0.00         0.00         0.00 
1960-1964    108            0.00         0.00         0.00 
1960-1964    109            0.00         0.00         0.00 
1960-1964    110+           0.00         0.00         0.00 
1965-1969      0       341283.30    359984.12    701267.42 
1965-1969      1       344584.40    363053.05    707637.45 
1965-1969      2       345457.19    363928.58    709385.77 
1965-1969      3       341798.68    359882.86    701681.53 
1965-1969      4       335143.41    352867.36    688010.77 
1965-1969      5       325325.09    342382.32    667707.41 
1965-1969      6       318170.38    334469.08    652639.47 
1965-1969      7       321598.50    337977.39    659575.88 
1965-1969      8       333568.51    350619.37    684187.89 
1965-1969      9       349095.63    366850.37    715946.00 
1965-1969     10       366452.48    384833.71    751286.19 
1965-1969     11       381804.62    401076.46    782881.08 
1965-1969     12       393111.20    412936.88    806048.08 
1965-1969     13       402349.05    422241.05    824590.09 
1965-1969     14       409654.99    429493.86    839148.85 
1965-1969     15       414602.71    434180.19    848782.90 
1965-1969     16       419051.46    438442.99    857494.45 
1965-1969     17       425591.78    444630.46    870222.24 
1965-1969     18       430984.62    449230.77    880215.39 
1965-1969     19       427882.66    444504.55    872387.21 
1965-1969     20       419612.48    434358.05    853970.52 
1965-1969     21       410432.83    423625.23    834058.07 
1965-1969     22       392986.18    404302.78    797288.96 
1965-1969     23       369443.86    379430.45    748874.31 
1965-1969     24       351746.90    361331.39    713078.28 
1965-1969     25       336622.91    345498.67    682121.58 
1965-1969     26       317248.35    324506.93    641755.28 
1965-1969     27       300746.28    306554.76    607301.05 
1965-1969     28       288675.47    293291.74    581967.21 
1965-1969     29       279128.39    282277.14    561405.53 
1965-1969     30       274860.50    276648.18    551508.69 
1965-1969     31       276429.52    278019.26    554448.78 
1965-1969     32       282490.19    283717.82    566208.01 
1965-1969     33       292543.51    292691.71    585235.23 
1965-1969     34       303761.61    303105.01    606866.61 
1965-1969     35       313543.76    311992.89    625536.65 
1965-1969     36       321567.98    318039.33    639607.30 
1965-1969     37       327654.31    321071.51    648725.82 
1965-1969     38       331873.41    321929.24    653802.65 
1965-1969     39       335613.93    322301.21    657915.14 
1965-1969     40       340495.65    323239.44    663735.09 
1965-1969     41       347622.13    326822.91    674445.04 
1965-1969     42       355179.44    332117.25    687296.69 
1965-1969     43       361368.26    336497.52    697865.77 
1965-1969     44       362287.22    336300.93    698588.15 
1965-1969     45       351937.53    325985.09    677922.62 
1965-1969     46       322164.02    297529.28    619693.30 
1965-1969     47       280481.33    258600.44    539081.77 
1965-1969     48       241283.52    222395.58    463679.10 
1965-1969     49       214012.98    196892.31    410905.29 
1965-1969     50       211979.20    194908.12    406887.32 
1965-1969     51       237643.07    218729.71    456372.78 
1965-1969     52       274233.79    252040.43    526274.22 
1965-1969     53       308888.02    283486.68    592374.71 
1965-1969     54       335380.95    307698.44    643079.39 
1965-1969     55       346978.02    318053.93    665031.94 
1965-1969     56       348122.06    318276.58    666398.65 
1965-1969     57       345791.82    314652.46    660444.28 
1965-1969     58       342385.43    309179.62    651565.06 
1965-1969     59       335890.40    300357.52    636247.93 
1965-1969     60       326700.19    288480.77    615180.96 
1965-1969     61       318341.02    276587.64    594928.66 
1965-1969     62       310968.07    265489.74    576457.81 
1965-1969     63       303266.35    253878.91    557145.26 
1965-1969     64       295854.46    241975.77    537830.22 
1965-1969     65       288096.53    229302.07    517398.61 
1965-1969     66       277525.37    213774.00    491299.37 
1965-1969     67       265179.39    196574.11    461753.50 
1965-1969     68       252169.34    179180.17    431349.51 
1965-1969     69       238418.09    162146.33    400564.41 
1965-1969     70       223726.19    145885.84    369612.03 
1965-1969     71       209120.31    131456.27    340576.59 
1965-1969     72       193386.62    117902.91    311289.53 
1965-1969     73       177636.28    105759.89    283396.16 
1965-1969     74       161926.60     94664.31    256590.91 
1965-1969     75       146311.71     84167.76    230479.47 
1965-1969     76       132395.41     75157.06    207552.48 
1965-1969     77       119796.89     67011.53    186808.42 
1965-1969     78       107406.95     59103.32    166510.27 
1965-1969     79        95339.42     51748.03    147087.45 
1965-1969     80        83279.34     44613.61    127892.95 
1965-1969     81        72470.86     38251.85    110722.71 
1965-1969     82        62111.45     32315.81     94427.26 
1965-1969     83        52440.67     26861.01     79301.68 
1965-1969     84        43276.31     21942.58     65218.88 
1965-1969     85        35086.95     17555.59     52642.54 
1965-1969     86        28033.74     13907.90     41941.64 
1965-1969     87        21977.87     10711.18     32689.05 
1965-1969     88        16834.42      8109.96     24944.38 
1965-1969     89        12660.78      6015.02     18675.80 
1965-1969     90         9297.19      4310.51     13607.71 
1965-1969     91         6709.82      3022.54      9732.36 
1965-1969     92         4632.48      2052.34      6684.82 
1965-1969     93         3089.56      1365.46      4455.01 
1965-1969     94         2054.27       875.11      2929.38 
1965-1969     95         1308.16       543.91      1852.07 
1965-1969     96          776.87       310.50      1087.37 
1965-1969     97          468.72       162.49       631.21 
1965-1969     98          273.56        87.11       360.67 
1965-1969     99          156.72        47.97       204.69 
1965-1969    100           89.70        24.03       113.73 
1965-1969    101           41.75        12.40        54.15 
1965-1969    102           19.39         4.75        24.13 
1965-1969    103            8.10         0.84         8.94 
1965-1969    104            2.54         0.00         2.54 
1965-1969    105            0.71         0.00         0.71 
1965-1969    106            0.04         0.00         0.04 
1965-1969    107            0.00         0.00         0.00 
1965-1969    108            0.00         0.00         0.00 
1965-1969    109            0.00         0.00         0.00 
1965-1969    110+           0.00         0.00         0.00 
1970-1974      0       390660.76    411747.88    802408.63 
1970-1974      1       366285.45    385033.66    751319.11 
1970-1974      2       349831.76    366987.09    716818.84 
1970-1974      3       339834.81    356765.56    696600.37 
1970-1974      4       335639.65    352859.20    688498.85 
1970-1974      5       337684.02    355362.90    693046.92 
1970-1974      6       342215.13    360450.19    702665.32 
1970-1974      7       343353.54    361695.70    705049.23 
1970-1974      8       340261.91    358219.83    698481.75 
1970-1974      9       333831.83    351562.90    685394.73 
1970-1974     10       323867.23    341097.71    664964.94 
1970-1974     11       317069.65    333452.73    650522.38 
1970-1974     12       320527.91    337059.51    657587.42 
1970-1974     13       332028.55    349317.27    681345.82 
1970-1974     14       347743.68    365440.60    713184.27 
1970-1974     15       365138.57    383230.70    748369.27 
1970-1974     16       380431.66    399103.67    779535.33 
1970-1974     17       391913.81    410872.90    802786.71 
1970-1974     18       401287.65    419871.88    821159.53 
1970-1974     19       408513.81    426470.10    834983.92 
1970-1974     20       413189.20    430615.59    843804.79 
1970-1974     21       417508.45    434467.39    851975.84 
1970-1974     22       423642.99    440226.89    863869.88 
1970-1974     23       428413.47    444342.36    872755.83 
1970-1974     24       424835.13    439290.38    864125.51 
1970-1974     25       416369.97    429215.07    845585.05 
1970-1974     26       407125.46    418573.24    825698.70 
1970-1974     27       389437.04    399092.11    788529.16 
1970-1974     28       366119.99    374476.86    740596.84 
1970-1974     29       348927.49    356805.37    705732.86 
1970-1974     30       333756.28    340854.20    674610.48 
1970-1974     31       314585.21    320077.47    634662.68 
1970-1974     32       298480.70    302429.11    600909.81 
1970-1974     33       286192.55    288901.17    575093.72 
1970-1974     34       276688.81    277761.80    554450.60 
1970-1974     35       272570.11    272131.44    544701.55 
1970-1974     36       273805.04    272907.59    546712.63 
1970-1974     37       279548.13    278181.74    557729.88 
1970-1974     38       289271.52    286835.78    576107.29 
1970-1974     39       299986.45    296517.67    596504.11 
1970-1974     40       309460.52    304819.83    614280.35 
1970-1974     41       317396.45    310562.21    627958.65 
1970-1974     42       323459.32    313230.51    636689.83 
1970-1974     43       327398.62    313658.29    641056.91 
1970-1974     44       330689.06    313615.08    644304.13 
1970-1974     45       335319.70    314180.15    649499.86 
1970-1974     46       341931.05    317176.50    659107.55 
1970-1974     47       349130.67    321724.54    670855.22 
1970-1974     48       354759.31    325028.83    679788.14 
1970-1974     49       355466.02    324130.17    679596.19 
1970-1974     50       344850.51    313127.18    657977.69 
1970-1974     51       314558.23    284172.98    598731.22 
1970-1974     52       273260.58    245923.04    519183.62 
1970-1974     53       234545.20    210482.21    445027.41 
1970-1974     54       207588.11    185517.25    393105.36 
1970-1974     55       205618.73    183397.86    389016.59 
1970-1974     56       229821.79    204893.76    434715.55 
1970-1974     57       264482.52    234756.78    499239.30 
1970-1974     58       297140.67    262434.30    559574.97 
1970-1974     59       321129.77    281988.76    603118.53 
1970-1974     60       330921.78    288709.43    619631.21 
1970-1974     61       330522.73    286077.27    616600.00 
1970-1974     62       326459.10    279327.45    605786.55 
1970-1974     63       321165.44    270688.04    591853.47 
1970-1974     64       312715.15    259123.59    571838.74 
1970-1974     65       301900.46    244776.82    546677.28 
1970-1974     66       291624.22    230365.80    521990.02 
1970-1974     67       281927.95    216946.82    498874.77 
1970-1974     68       271740.45    203067.11    474807.57 
1970-1974     69       261966.51    189432.35    451398.85 
1970-1974     70       251521.61    175671.29    427192.90 
1970-1974     71       237913.57    159314.65    397228.22 
1970-1974     72       223084.69    142421.81    365506.51 
1970-1974     73       207775.35    126130.35    333905.70 
1970-1974     74       191730.86    110686.51    302417.38 
1970-1974     75       175360.77     96558.73    271919.50 
1970-1974     76       158980.86     84106.13    243086.99 
1970-1974     77       142320.31     72577.86    214898.17 
1970-1974     78       125444.04     62524.51    187968.55 
1970-1974     79       108975.67     53271.47    162247.14 
1970-1974     80        94588.99     45353.72    139942.71 
1970-1974     81        81532.02     38533.10    120065.12 
1970-1974     82        69730.93     32628.44    102359.38 
1970-1974     83        58919.26     27066.92     85986.18 
1970-1974     84        49114.57     22076.57     71191.13 
1970-1974     85        40580.67     17826.11     58406.78 
1970-1974     86        32800.36     14135.18     46935.54 
1970-1974     87        25838.95     10880.81     36719.76 
1970-1974     88        19906.50      8229.68     28136.17 
1970-1974     89        14994.31      6159.41     21153.72 
1970-1974     90        11039.62      4500.42     15540.04 
1970-1974     91         7987.24      3251.90     11239.13 
1970-1974     92         5591.20      2214.18      7805.38 
1970-1974     93         3777.92      1466.13      5244.05 
1970-1974     94         2437.77       953.52      3391.30 
1970-1974     95         1608.36       588.35      2196.71 
1970-1974     96         1042.49       378.04      1420.53 
1970-1974     97          642.48       234.50       876.99 
1970-1974     98          364.72       140.46       505.18 
1970-1974     99          205.77        89.10       294.88 
1970-1974    100          119.66        46.91       166.57 
1970-1974    101           67.63        21.31        88.94 
1970-1974    102           33.92         7.36        41.28 
1970-1974    103           15.36         1.61        16.97 
1970-1974    104            5.26         0.00         5.26 
1970-1974    105            0.79         0.00         0.79 
1970-1974    106            0.00         0.00         0.00 
1970-1974    107            0.00         0.00         0.00 
1970-1974    108            0.00         0.00         0.00 
1970-1974    109            0.00         0.00         0.00 
1970-1974    110+           0.00         0.00         0.00 
1975-1979      0       444153.21    465428.43    909581.64 
1975-1979      1       448039.89    469402.91    917442.80 
1975-1979      2       443667.95    465539.92    909207.87 
1975-1979      3       430810.75    452200.18    883010.93 
1975-1979      4       412037.01    432599.68    844636.70 
1975-1979      5       389144.52    408832.81    797977.33 
1975-1979      6       366683.06    384780.31    751463.37 
1975-1979      7       350296.92    366956.71    717253.64 
1975-1979      8       340178.96    356586.72    696765.68 
1975-1979      9       335626.42    352213.10    687839.53 
1975-1979     10       337277.68    354209.64    691487.32 
1975-1979     11       341522.70    358889.41    700412.11 
1975-1979     12       342497.92    359931.05    702428.96 
1975-1979     13       339393.53    356549.17    695942.70 
1975-1979     14       332916.77    350055.51    682972.28 
1975-1979     15       323067.07    339786.65    662853.72 
1975-1979     16       316742.16    332561.20    649303.36 
1975-1979     17       320358.62    336070.53    656429.16 
1975-1979     18       332006.66    347994.59    680001.26 
1975-1979     19       347863.57    363679.89    711543.46 
1975-1979     20       365464.94    380955.73    746420.67 
1975-1979     21       380952.02    396526.56    777478.58 
1975-1979     22       392610.13    408135.98    800746.11 
1975-1979     23       402066.07    416957.74    819023.81 
1975-1979     24       409225.79    423433.09    832658.88 
1975-1979     25       413510.20    427160.64    840670.83 
1975-1979     26       417235.90    430749.21    847985.12 
1975-1979     27       422635.59    436125.15    858760.75 
1975-1979     28       426490.78    439773.75    866264.53 
1975-1979     29       422313.71    434520.50    856834.21 
1975-1979     30       413947.20    424843.77    838790.97 
1975-1979     31       404325.42    413818.10    818143.52 
1975-1979     32       386581.24    394299.80    780881.05 
1975-1979     33       363813.21    370208.05    734021.26 
1975-1979     34       346724.21    352616.99    699341.20 
1975-1979     35       331367.85    336346.46    667714.31 
1975-1979     36       312571.85    315898.47    628470.33 
1975-1979     37       296543.61    298352.67    594896.27 
1975-1979     38       284346.18    284808.89    569155.07 
1975-1979     39       274846.14    273590.89    548437.02 
1975-1979     40       270479.60    267803.32    538282.92 
1975-1979     41       271396.85    268192.77    539589.62 
1975-1979     42       276761.58    272890.16    549651.74 
1975-1979     43       286034.65    280807.83    566842.48 
1975-1979     44       296481.74    289707.85    586189.59 
1975-1979     45       305662.46    297175.93    602838.38 
1975-1979     46       313335.00    302251.44    615586.44 
1975-1979     47       318959.33    304319.99    623279.32 
1975-1979     48       322505.02    304210.17    626715.19 
1975-1979     49       325349.75    303308.60    628658.35 
1975-1979     50       329344.46    302790.38    632134.83 
1975-1979     51       335162.52    304245.93    639408.45 
1975-1979     52       341628.30    307278.56    648906.86 
1975-1979     53       346220.24    308859.23    655079.47 
1975-1979     54       346352.57    306484.05    652836.63 
1975-1979     55       335102.37    294250.21    629352.58 
1975-1979     56       304787.15    265345.44    570132.59 
1975-1979     57       264142.58    228160.42    492302.99 
1975-1979     58       225980.03    193966.80    419946.83 
1975-1979     59       199412.61    170005.83    369418.44 
1975-1979     60       196823.62    167025.35    363848.97 
1975-1979     61       219080.81    184827.08    403907.90 
1975-1979     62       250677.81    209437.18    460114.99 
1975-1979     63       279907.30    231332.71    511240.01 
1975-1979     64       300297.94    245106.07    545404.00 
1975-1979     65       307190.69    247001.49    554192.19 
1975-1979     66       304119.19    240916.07    545035.26 
1975-1979     67       297378.56    231044.32    528422.88 
1975-1979     68       289511.50    219319.49    508830.99 
1975-1979     69       278721.04    205220.24    483941.28 
1975-1979     70       265158.34    189228.71    454387.06 
1975-1979     71       252062.81    173732.29    425795.10 
1975-1979     72       239326.92    158967.98    398294.90 
1975-1979     73       225848.17    144168.99    370017.17 
1975-1979     74       212665.13    130188.84    342853.97 
1975-1979     75       198876.85    116372.08    315248.93 
1975-1979     76       182804.26    101742.05    284546.32 
1975-1979     77       165965.67     87554.72    253520.40 
1975-1979     78       149007.91     74328.47    223336.38 
1975-1979     79       132035.91     62169.95    194205.86 
1975-1979     80       114877.30     51259.46    166136.76 
1975-1979     81        99181.55     42418.97    141600.52 
1975-1979     82        84054.66     34631.56    118686.22 
1975-1979     83        70131.94     28226.82     98358.76 
1975-1979     84        57458.21     22665.75     80123.95 
1975-1979     85        46141.33     17815.05     63956.38 
1975-1979     86        36885.69     13906.77     50792.46 
1975-1979     87        29011.77     10762.28     39774.04 
1975-1979     88        22402.09      8087.92     30490.01 
1975-1979     89        17093.24      5980.40     23073.63 
1975-1979     90        12738.67      4362.77     17101.45 
1975-1979     91         9172.69      3100.02     12272.71 
1975-1979     92         6427.95      2108.97      8536.92 
1975-1979     93         4398.00      1400.84      5798.84 
1975-1979     94         2940.81       910.41      3851.21 
1975-1979     95         1891.29       598.59      2489.88 
1975-1979     96         1176.74       385.06      1561.80 
1975-1979     97          719.87       239.68       959.55 
1975-1979     98          444.25       153.46       597.72 
1975-1979     99          282.28        91.52       373.80 
1975-1979    100          179.36        61.35       240.71 
1975-1979    101          122.52        48.65       171.16 
1975-1979    102           67.80        27.75        95.55 
1975-1979    103           36.16        13.80        49.96 
1975-1979    104           18.84         5.89        24.73 
1975-1979    105            8.04         1.46         9.50 
1975-1979    106            2.76         0.06         2.82 
1975-1979    107            1.21         0.00         1.21 
1975-1979    108            0.33         0.00         0.33 
1975-1979    109            0.00         0.00         0.00 
1975-1979    110+           0.00         0.00         0.00 
1980-1984      0       353320.88    371811.27    725132.15 
1980-1984      1       369647.22    388389.98    758037.21 
1980-1984      2       388642.49    408057.12    796699.61 
1980-1984      3       408414.21    428705.37    837119.58 
1980-1984      4       427296.27    447639.75    874936.02 
1980-1984      5       441073.19    461330.83    902404.02 
1980-1984      6       446691.64    467546.43    914238.07 
1980-1984      7       442431.04    463654.16    906085.20 
1980-1984      8       430168.73    450796.86    880965.60 
1980-1984      9       412137.55    431960.30    844097.85 
1980-1984     10       389390.70    408598.14    797988.85 
1980-1984     11       367009.52    384909.04    751918.56 
1980-1984     12       350285.24    366887.25    717172.49 
1980-1984     13       339838.25    356101.61    695939.85 
1980-1984     14       335107.74    351306.70    686414.45 
1980-1984     15       336660.52    353111.06    689771.59 
1980-1984     16       340800.45    357675.26    698475.71 
1980-1984     17       341689.27    358484.73    700174.00 
1980-1984     18       338664.80    354946.58    693611.38 
1980-1984     19       332113.92    348220.31    680334.22 
1980-1984     20       322580.36    338236.39    660816.75 
1980-1984     21       316558.34    331053.82    647612.16 
1980-1984     22       320329.03    334260.41    654589.44 
1980-1984     23       331987.78    345859.59    677847.37 
1980-1984     24       347706.25    361039.61    708745.86 
1980-1984     25       365225.60    377946.02    743171.62 
1980-1984     26       381037.78    393514.78    774552.57 
1980-1984     27       392866.48    405174.61    798041.09 
1980-1984     28       401870.93    413478.69    815349.63 
1980-1984     29       408670.62    419589.26    828259.88 
1980-1984     30       412411.96    422933.76    835345.72 
1980-1984     31       415780.08    426277.40    842057.48 
1980-1984     32       420796.20    431476.56    852272.77 
1980-1984     33       423819.78    434467.30    858287.08 
1980-1984     34       419430.57    429106.79    848537.36 
1980-1984     35       411211.61    419569.57    830781.18 
1980-1984     36       401504.93    408353.26    809858.18 
1980-1984     37       383849.05    388823.45    772672.51 
1980-1984     38       361041.23    364566.04    725607.28 
1980-1984     39       343907.89    346778.02    690685.91 
1980-1984     40       329036.26    330908.46    659944.72 
1980-1984     41       310410.76    310737.01    621147.76 
1980-1984     42       294097.49    292860.64    586958.14 
1980-1984     43       281695.92    279093.68    560789.60 
1980-1984     44       272121.40    267771.06    539892.47 
1980-1984     45       267541.99    261674.90    529216.90 
1980-1984     46       268022.26    261308.65    529330.91 
1980-1984     47       273035.39    265054.40    538089.79 
1980-1984     48       281874.38    271947.59    553821.97 
1980-1984     49       291798.65    279613.12    571411.77 
1980-1984     50       300540.86    285912.80    586453.66 
1980-1984     51       307614.74    289809.64    597424.38 
1980-1984     52       312549.76    290474.70    603024.45 
1980-1984     53       315546.57    289182.15    604728.72 
1980-1984     54       317444.56    286778.28    604222.84 
1980-1984     55       320299.08    284473.66    604772.75 
1980-1984     56       325185.15    283957.87    609143.02 
1980-1984     57       330521.54    284712.18    615233.72 
1980-1984     58       333863.17    283780.21    617643.39 
1980-1984     59       332712.98    278999.77    611712.74 
1980-1984     60       320230.85    265272.04    585502.88 
1980-1984     61       289301.86    236657.19    525959.04 
1980-1984     62       249704.13    201726.95    451431.08 
1980-1984     63       212432.79    169753.96    382186.75 
1980-1984     64       186789.61    147477.36    334266.98 
1980-1984     65       183390.89    143252.03    326642.92 
1980-1984     66       201659.91    155566.67    357226.59 
1980-1984     67       228992.37    173706.05    402698.42 
1980-1984     68       252846.80    188441.17    441287.97 
1980-1984     69       267983.00    195921.78    463904.78 
1980-1984     70       270585.07    193345.72    463930.79 
1980-1984     71       263438.27    183658.78    447097.05 
1980-1984     72       253227.85    171366.55    424594.40 
1980-1984     73       241592.91    157958.21    399551.12 
1980-1984     74       227173.40    142883.18    370056.59 
1980-1984     75       210863.31    127200.41    338063.72 
1980-1984     76       194563.07    112230.63    306793.70 
1980-1984     77       178504.33     98271.58    276775.92 
1980-1984     78       161769.51     84827.75    246597.26 
1980-1984     79       145919.10     72839.44    218758.54 
1980-1984     80       130971.39     61577.82    192549.21 
1980-1984     81       114596.53     50706.56    165303.10 
1980-1984     82        98368.19     40801.58    139169.77 
1980-1984     83        83075.53     32303.64    115379.17 
1980-1984     84        69095.91     25408.65     94504.57 
1980-1984     85        56393.80     19785.96     76179.76 
1980-1984     86        44979.71     15201.31     60181.02 
1980-1984     87        35098.99     11345.73     46444.72 
1980-1984     88        26819.94      8370.32     35190.26 
1980-1984     89        19911.71      6167.91     26079.62 
1980-1984     90        14489.66      4411.55     18901.21 
1980-1984     91        10350.69      3090.27     13440.96 
1980-1984     92         7282.77      2149.61      9432.38 
1980-1984     93         5021.93      1392.92      6414.84 
1980-1984     94         3318.40       882.40      4200.80 
1980-1984     95         2122.84       562.44      2685.28 
1980-1984     96         1314.03       350.69      1664.71 
1980-1984     97          830.62       219.81      1050.42 
1980-1984     98          500.16       125.18       625.34 
1980-1984     99          290.81        71.91       362.71 
1980-1984    100          162.62        51.42       214.04 
1980-1984    101           94.08        39.15       133.22 
1980-1984    102           52.43        21.92        74.34 
1980-1984    103           26.95        11.30        38.25 
1980-1984    104           12.72         4.40        17.12 
1980-1984    105            5.15         0.97         6.12 
1980-1984    106            0.92         0.04         0.95 
1980-1984    107            0.00         0.00         0.00 
1980-1984    108            0.00         0.00         0.00 
1980-1984    109            0.00         0.00         0.00 
1980-1984    110+           0.00         0.00         0.00 
1985-1989      0       321259.27    337422.99    658682.26 
1985-1989      1       322763.28    339202.47    661965.75 
1985-1989      2       326159.30    342616.43    668775.73 
1985-1989      3       331169.70    347241.43    678411.12 
1985-1989      4       338083.07    354746.94    692830.01 
1985-1989      5       350481.01    368245.66    718726.67 
1985-1989      6       368118.53    386539.13    754657.66 
1985-1989      7       387143.23    406377.54    793520.77 
1985-1989      8       406536.71    426614.58    833151.29 
1985-1989      9       425425.37    445436.95    870862.32 
1985-1989     10       439712.57    459525.30    899237.86 
1985-1989     11       445183.48    465573.38    910756.86 
1985-1989     12       441392.86    462083.51    903476.37 
1985-1989     13       429777.43    449923.87    879701.30 
1985-1989     14       411523.29    431311.27    842834.56 
1985-1989     15       388444.22    407848.13    796292.35 
1985-1989     16       366005.75    384068.28    750074.03 
1985-1989     17       348989.58    365769.27    714758.86 
1985-1989     18       338608.94    354933.02    693541.97 
1985-1989     19       334203.31    350090.45    684293.77 
1985-1989     20       335872.69    351666.86    687539.55 
1985-1989     21       340288.31    356359.28    696647.59 
1985-1989     22       341500.45    357236.50    698736.95 
1985-1989     23       338362.59    353300.24    691662.84 
1985-1989     24       332018.26    346539.53    678557.79 
1985-1989     25       322789.27    336769.68    659558.95 
1985-1989     26       316332.33    329169.10    645501.43 
1985-1989     27       319646.41    331816.40    651462.80 
1985-1989     28       331461.03    343282.60    674743.63 
1985-1989     29       346691.83    357842.73    704534.56 
1985-1989     30       363747.18    374067.20    737814.38 
1985-1989     31       379465.97    389210.45    768676.42 
1985-1989     32       390909.31    400337.01    791246.32 
1985-1989     33       399350.90    407989.30    807340.20 
1985-1989     34       405964.03    413822.00    819786.03 
1985-1989     35       409588.17    417085.65    826673.82 
1985-1989     36       412825.42    420087.79    832913.21 
1985-1989     37       417658.71    424860.07    842518.78 
1985-1989     38       420941.87    427870.35    848812.22 
1985-1989     39       416562.21    422279.97    838842.18 
1985-1989     40       407762.72    411794.41    819557.13 
1985-1989     41       398127.52    400319.46    798446.98 
1985-1989     42       380857.46    381244.89    762102.35 
1985-1989     43       357778.53    356810.36    714588.89 
1985-1989     44       340479.62    338790.19    679269.81 
1985-1989     45       325784.55    323146.40    648930.94 
1985-1989     46       307209.08    303036.14    610245.22 
1985-1989     47       290487.90    284578.26    575066.16 
1985-1989     48       277958.67    270365.24    548323.91 
1985-1989     49       268322.28    258831.99    527154.26 
1985-1989     50       263360.86    251964.69    515325.56 
1985-1989     51       263448.82    250504.47    513953.29 
1985-1989     52       268037.37    253087.56    521124.93 
1985-1989     53       276073.89    258260.71    534334.60 
1985-1989     54       285372.30    264292.62    549664.92 
1985-1989     55       293476.54    269208.58    562685.12 
1985-1989     56       299375.57    271004.27    570379.84 
1985-1989     57       303016.13    269679.70    572695.83 
1985-1989     58       304820.16    266385.52    571205.68 
1985-1989     59       305486.53    261835.78    567322.31 
1985-1989     60       306946.60    257068.94    564015.54 
1985-1989     61       310194.98    253902.96    564097.94 
1985-1989     62       313584.37    251476.50    565060.87 
1985-1989     63       314646.98    247425.26    562072.23 
1985-1989     64       311103.81    239971.35    551075.15 
1985-1989     65       296900.54    224780.85    521681.40 
1985-1989     66       266554.22    198055.18    464609.40 
1985-1989     67       227693.98    166352.85    394046.83 
1985-1989     68       191915.18    137842.30    329757.48 
1985-1989     69       167046.40    117793.31    284839.71 
1985-1989     70       161546.83    111985.48    273532.32 
1985-1989     71       175044.67    118965.74    294010.41 
1985-1989     72       195707.91    129942.15    325650.05 
1985-1989     73       212160.97    137228.87    349389.84 
1985-1989     74       220737.73    138595.12    359332.85 
1985-1989     75       217725.42    132535.09    350260.52 
1985-1989     76       205920.46    121078.40    326998.86 
1985-1989     77       191835.27    108415.01    300250.29 
1985-1989     78       176663.53     95595.82    272259.34 
1985-1989     79       159192.08     82191.13    241383.20 
1985-1989     80       141057.26     69410.21    210467.46 
1985-1989     81       123977.26     57880.23    181857.49 
1985-1989     82       108117.91     47863.23    155981.15 
1985-1989     83        92786.42     38865.86    131652.28 
1985-1989     84        78518.79     30853.96    109372.76 
1985-1989     85        65284.72     23945.82     89230.54 
1985-1989     86        52790.20     18095.73     70885.93 
1985-1989     87        41729.35     13413.92     55143.27 
1985-1989     88        32081.86      9807.98     41889.84 
1985-1989     89        24249.08      7064.99     31314.06 
1985-1989     90        17988.46      5033.96     23022.42 
1985-1989     91        12881.22      3468.47     16349.69 
1985-1989     92         8968.49      2340.73     11309.22 
1985-1989     93         6027.44      1510.66      7538.10 
1985-1989     94         3934.21       967.91      4902.12 
1985-1989     95         2511.66       598.55      3110.21 
1985-1989     96         1579.86       369.27      1949.12 
1985-1989     97          961.27       216.11      1177.38 
1985-1989     98          571.09       130.08       701.18 
1985-1989     99          327.90        71.56       399.47 
1985-1989    100          182.34        41.61       223.95 
1985-1989    101           62.54        16.49        79.03 
1985-1989    102           26.69         5.74        32.43 
1985-1989    103           11.44         1.25        12.69 
1985-1989    104            3.48         0.71         4.18 
1985-1989    105            0.67         0.40         1.07 
1985-1989    106            0.35         0.05         0.40 
1985-1989    107            0.05         0.00         0.05 
1985-1989    108            0.00         0.00         0.00 
1985-1989    109            0.00         0.00         0.00 
1985-1989    110+           0.00         0.00         0.00 
1990-1994      0       299101.90    315431.85    614533.75 
1990-1994      1       305894.28    321908.74    627803.02 
1990-1994      2       310202.47    326075.10    636277.57 
1990-1994      3       313269.79    329045.67    642315.46 
1990-1994      4       315517.75    330956.68    646474.42 
1990-1994      5       318293.24    333850.78    652144.02 
1990-1994      6       321342.77    337523.73    658866.50 
1990-1994      7       325180.02    341357.38    666537.40 
1990-1994      8       330361.42    346232.11    676593.54 
1990-1994      9       337396.08    353908.53    691304.61 
1990-1994     10       349797.59    367307.27    717104.86 
1990-1994     11       367689.87    385763.04    753452.92 
1990-1994     12       386689.83    405613.57    792303.40 
1990-1994     13       405553.46    425370.42    830923.88 
1990-1994     14       424544.45    444176.23    868720.68 
1990-1994     15       439142.81    458434.52    897577.32 
1990-1994     16       444456.74    464275.72    908732.46 
1990-1994     17       440916.86    460990.58    901907.44 
1990-1994     18       429212.99    448863.83    878076.81 
1990-1994     19       410448.55    430016.30    840464.85 
1990-1994     20       387293.35    406418.89    793712.24 
1990-1994     21       364706.00    382216.05    746922.04 
1990-1994     22       347805.54    363889.50    711695.04 
1990-1994     23       337934.77    353569.81    691504.58 
1990-1994     24       333902.35    349176.30    683078.64 
1990-1994     25       335626.57    350647.96    686274.52 
1990-1994     26       340272.46    355351.74    695624.19 
1990-1994     27       341581.48    356231.28    697812.75 
1990-1994     28       338331.60    352118.53    690450.13 
1990-1994     29       332201.30    345507.22    677708.51 
1990-1994     30       323145.57    335735.25    658880.82 
1990-1994     31       316166.25    327655.65    643821.90 
1990-1994     32       319122.43    329779.62    648902.06 
1990-1994     33       330978.49    340971.86    671950.35 
1990-1994     34       345849.37    355005.16    700854.52 
1990-1994     35       362567.65    370608.04    733175.69 
1990-1994     36       377882.72    385180.17    763062.89 
1990-1994     37       388753.00    395479.10    784232.10 
1990-1994     38       396867.81    402438.46    799306.27 
1990-1994     39       403288.97    407788.81    811077.77 
1990-1994     40       406801.70    410641.36    817443.05 
1990-1994     41       409708.77    412957.32    822666.09 
1990-1994     42       414228.65    416879.83    831108.49 
1990-1994     43       417677.41    419523.09    837200.50 
1990-1994     44       413011.23    413173.12    826184.36 
1990-1994     45       403539.03    401654.54    805193.56 
1990-1994     46       393700.37    389570.35    783270.73 
1990-1994     47       376595.70    370406.26    747001.96 
1990-1994     48       353416.94    345783.98    699200.92 
1990-1994     49       335779.84    327186.94    662966.79 
1990-1994     50       320828.08    311117.21    631945.29 
1990-1994     51       302182.23    290826.69    593008.91 
1990-1994     52       285293.17    272009.83    557303.00 
1990-1994     53       272649.37    257383.43    530032.81 
1990-1994     54       262754.49    245188.51    507943.00 
1990-1994     55       257124.72    237051.95    494176.66 
1990-1994     56       256701.77    234348.42    491050.19 
1990-1994     57       260585.77    235409.83    495995.60 
1990-1994     58       267392.99    238403.53    505796.52 
1990-1994     59       275583.53    242249.77    517833.29 
1990-1994     60       282346.48    244593.70    526940.18 
1990-1994     61       286562.55    243668.14    530230.68 
1990-1994     62       288589.40    239779.09    528368.49 
1990-1994     63       288694.68    234055.91    522750.59 
1990-1994     64       287629.21    227223.06    514852.27 
1990-1994     65       287109.21    220234.75    507343.95 
1990-1994     66       287867.53    214242.62    502110.15 
1990-1994     67       288295.48    208610.70    496906.18 
1990-1994     68       286299.58    201617.97    487917.55 
1990-1994     69       279525.31    191747.04    471272.35 
1990-1994     70       263503.69    176491.04    439994.73 
1990-1994     71       234301.29    153134.14    387435.42 
1990-1994     72       197137.60    125805.38    322942.98 
1990-1994     73       163267.14    101784.93    265052.07 
1990-1994     74       139107.37     84717.20    223824.58 
1990-1994     75       131102.95     77929.60    209032.55 
1990-1994     76       139087.58     80460.85    219548.43 
1990-1994     77       151306.46     84785.74    236092.20 
1990-1994     78       158944.59     85904.02    244848.61 
1990-1994     79       159853.05     83334.95    243188.00 
1990-1994     80       152531.38     76179.85    228711.23 
1990-1994     81       137920.24     66017.12    203937.36 
1990-1994     82       122049.70     55839.58    177889.28 
1990-1994     83       106117.81     46185.37    152303.18 
1990-1994     84        90334.91     37378.54    127713.44 
1990-1994     85        75083.76     29421.21    104504.96 
1990-1994     86        61347.76     22483.90     83831.66 
1990-1994     87        49374.91     16930.73     66305.64 
1990-1994     88        38791.76     12462.52     51254.28 
1990-1994     89        29890.13      8992.96     38883.09 
1990-1994     90        22477.06      6353.98     28831.04 
1990-1994     91        16242.37      4331.40     20573.76 
1990-1994     92        11476.02      2873.92     14349.94 
1990-1994     93         7808.53      1891.31      9699.84 
1990-1994     94         5197.41      1204.99      6402.40 
1990-1994     95         3404.63       716.12      4120.76 
1990-1994     96         2093.88       433.81      2527.69 
1990-1994     97         1250.82       253.56      1504.39 
1990-1994     98          754.27       135.82       890.10 
1990-1994     99          442.04        79.25       521.28 
1990-1994    100          248.99        48.05       297.05 
1990-1994    101          127.46        22.84       150.29 
1990-1994    102           63.86         8.72        72.58 
1990-1994    103           30.62         2.04        32.66 
1990-1994    104           13.30         0.11        13.41 
1990-1994    105            4.29         0.00         4.29 
1990-1994    106            0.53         0.00         0.53 
1990-1994    107            0.00         0.00         0.00 
1990-1994    108            0.00         0.00         0.00 
1990-1994    109            0.00         0.00         0.00 
1990-1994    110+           0.00         0.00         0.00 
1995-1999      0       225452.53    237909.79    463362.33 
1995-1999      1       236435.09    249192.09    485627.19 
1995-1999      2       251178.78    264772.24    515951.02 
1995-1999      3       267829.85    282583.06    550412.91 
1995-1999      4       284950.40    300587.01    585537.41 
1995-1999      5       298155.84    314166.22    612322.07 
1995-1999      6       305959.76    321857.99    627817.74 
1995-1999      7       310829.33    326606.28    637435.61 
1995-1999      8       314235.98    329862.54    644098.52 
1995-1999      9       316578.10    331911.09    648489.20 
1995-1999     10       319203.78    334711.25    653915.03 
1995-1999     11       322187.15    338321.00    660508.15 
1995-1999     12       326002.73    342094.86    668097.59 
1995-1999     13       331435.49    347141.19    678576.68 
1995-1999     14       338510.27    354716.84    693227.11 
1995-1999     15       351020.32    368047.26    719067.58 
1995-1999     16       368971.40    386389.62    755361.02 
1995-1999     17       387742.15    405897.97    793640.11 
1995-1999     18       406272.01    425175.76    831447.77 
1995-1999     19       425033.83    443670.29    868704.11 
1995-1999     20       439027.94    457269.97    896297.91 
1995-1999     21       444129.11    462927.07    907056.17 
1995-1999     22       440431.78    459632.42    900064.20 
1995-1999     23       428330.26    447319.66    875649.92 
1995-1999     24       409702.97    428588.20    838291.17 
1995-1999     25       386968.46    405373.37    792341.83 
1995-1999     26       364654.24    381613.83    746268.07 
1995-1999     27       348084.54    363714.07    711798.61 
1995-1999     28       338544.89    353837.25    692382.14 
1995-1999     29       334600.32    349704.60    684304.92 
1995-1999     30       336273.65    351133.75    687407.39 
1995-1999     31       340879.32    355717.20    696596.52 
1995-1999     32       342092.34    356362.92    698455.26 
1995-1999     33       338856.60    352253.81    691110.41 
1995-1999     34       332690.03    345433.29    678123.32 
1995-1999     35       323643.51    335566.79    659210.30 
1995-1999     36       316524.35    327266.04    643790.38 
1995-1999     37       319434.73    329156.45    648591.18 
1995-1999     38       331029.31    339934.94    670964.25 
1995-1999     39       345627.16    353460.50    699087.66 
1995-1999     40       362028.59    368372.40    730400.99 
1995-1999     41       376941.15    382074.09    759015.24 
1995-1999     42       387418.94    391551.60    778970.54 
1995-1999     43       395152.62    397763.57    792916.19 
1995-1999     44       401209.19    402283.53    803492.71 
1995-1999     45       404373.25    404181.02    808554.27 
1995-1999     46       406813.76    405506.87    812320.64 
1995-1999     47       411085.12    408485.71    819570.83 
1995-1999     48       414121.03    409942.51    824063.54 
1995-1999     49       408988.61    402502.46    811491.06 
1995-1999     50       399114.61    389825.38    788939.99 
1995-1999     51       388884.05    376792.14    765676.19 
1995-1999     52       371305.77    356750.60    728056.37 
1995-1999     53       347781.01    331541.90    679322.91 
1995-1999     54       329664.67    312193.48    641858.14 
1995-1999     55       314489.25    295447.20    609936.45 
1995-1999     56       295550.95    274608.81    570159.76 
1995-1999     57       278344.91    255400.44    533745.35 
1995-1999     58       265357.69    240244.64    505602.33 
1995-1999     59       254902.33    227260.07    482162.40 
1995-1999     60       248557.43    218102.10    466659.53 
1995-1999     61       247101.58    213797.65    460899.24 
1995-1999     62       249657.09    212767.02    462424.11 
1995-1999     63       254938.14    213352.05    468290.19 
1995-1999     64       261366.30    214408.46    475774.76 
1995-1999     65       266195.47    213895.23    480090.69 
1995-1999     66       268183.46    210416.81    478600.27 
1995-1999     67       268064.44    204347.93    472412.37 
1995-1999     68       265914.15    196702.05    462616.20 
1995-1999     69       262555.55    187922.70    450478.25 
1995-1999     70       259276.63    178928.73    438205.36 
1995-1999     71       256924.77    170687.48    427612.25 
1995-1999     72       253701.62    162439.87    416141.49 
1995-1999     73       248104.06    153418.12    401522.18 
1995-1999     74       237912.35    142282.31    380194.66 
1995-1999     75       220165.74    127760.13    347925.88 
1995-1999     76       191486.39    107785.82    299272.21 
1995-1999     77       157116.95     86014.39    243131.34 
1995-1999     78       126517.13     67587.26    194104.39 
1995-1999     79       104248.21     54093.01    158341.23 
1995-1999     80        94018.22     47118.88    141137.10 
1995-1999     81        96327.23     46673.32    143000.56 
1995-1999     82       100897.14     47173.01    148070.16 
1995-1999     83       101666.07     45572.53    147238.59 
1995-1999     84        97136.01     41601.23    138737.23 
1995-1999     85        86605.05     35680.01    122285.06 
1995-1999     86        73109.40     28876.62    101986.03 
1995-1999     87        59916.37     22430.42     82346.78 
1995-1999     88        48078.48     16969.54     65048.01 
1995-1999     89        37459.08     12500.03     49959.11 
1995-1999     90        28141.92      8836.54     36978.46 
1995-1999     91        20620.59      6077.57     26698.16 
1995-1999     92        14777.25      4064.06     18841.31 
1995-1999     93        10283.26      2630.19     12913.45 
1995-1999     94         6935.80      1657.13      8592.92 
1995-1999     95         4517.72      1033.65      5551.37 
1995-1999     96         2903.20       623.90      3527.10 
1995-1999     97         1791.35       362.25      2153.60 
1995-1999     98         1039.36       204.15      1243.51 
1995-1999     99          597.41       106.65       704.07 
1995-1999    100          338.46        55.79       394.25 
1995-1999    101          182.43        31.73       214.16 
1995-1999    102           93.00        15.18       108.18 
1995-1999    103           44.90         5.99        50.88 
1995-1999    104           20.20         1.66        21.86 
1995-1999    105            7.95         0.10         8.05 
1995-1999    106            2.07         0.00         2.07 
1995-1999    107            0.04         0.00         0.04 
1995-1999    108            0.00         0.00         0.00 
1995-1999    109            0.00         0.00         0.00 
1995-1999    110+           0.00         0.00         0.00 
2000-2004      0       222677.33    236012.99    458690.32 
2000-2004      1       219423.29    232461.96    451885.26 
2000-2004      2       217839.68    230615.19    448454.88 
2000-2004      3       217037.55    229557.28    446594.83 
2000-2004      4       218817.36    231085.49    449902.85 
2000-2004      5       225023.20    237130.78    462153.98 
2000-2004      6       236651.73    249248.19    485899.92 
2000-2004      7       251535.15    265082.50    516617.65 
2000-2004      8       268209.53    282921.88    551131.41 
2000-2004      9       285479.52    301098.91    586578.42 
2000-2004     10       299373.10    315317.74    614690.85 
2000-2004     11       307663.54    323444.46    631107.99 
2000-2004     12       312837.49    328457.77    641295.27 
2000-2004     13       316636.34    332064.38    648700.72 
2000-2004     14       319296.95    334594.73    653891.69 
2000-2004     15       322326.89    338122.90    660449.79 
2000-2004     16       325350.70    342076.32    667427.01 
2000-2004     17       329302.97    346152.87    675455.84 
2000-2004     18       335166.79    351522.81    686689.60 
2000-2004     19       342358.42    358964.79    701323.21 
2000-2004     20       354623.75    371808.25    726432.01 
2000-2004     21       372149.55    389575.22    761724.76 
2000-2004     22       390427.32    408500.50    798927.82 
2000-2004     23       408760.72    427598.63    836359.35 
2000-2004     24       427269.90    445958.09    873227.99 
2000-2004     25       440780.55    459279.46    900060.01 
2000-2004     26       445669.48    464903.81    910573.29 
2000-2004     27       441832.01    461687.95    903519.96 
2000-2004     28       429543.72    449233.44    878777.16 
2000-2004     29       411062.68    430474.05    841536.72 
2000-2004     30       388495.43    407482.90    795978.33 
2000-2004     31       366238.94    383912.74    750151.68 
2000-2004     32       350003.79    366360.46    716364.26 
2000-2004     33       340526.81    356455.64    696982.44 
2000-2004     34       336328.82    352096.50    688425.31 
2000-2004     35       337523.52    353031.96    690555.47 
2000-2004     36       341829.86    357110.58    698940.44 
2000-2004     37       343154.79    357698.91    700853.70 
2000-2004     38       340049.25    353485.41    693534.66 
2000-2004     39       333902.36    346495.63    680397.99 
2000-2004     40       324702.71    336179.31    660882.01 
2000-2004     41       317313.86    327364.39    644678.25 
2000-2004     42       319825.99    328660.78    648486.78 
2000-2004     43       331024.57    338557.52    669582.09 
2000-2004     44       345190.40    351125.38    696315.78 
2000-2004     45       361232.07    365035.50    726267.56 
2000-2004     46       375560.84    377557.52    753118.36 
2000-2004     47       385317.58    385612.76    770930.34 
2000-2004     48       392575.46    390783.27    783358.73 
2000-2004     49       397906.78    393987.03    791893.81 
2000-2004     50       400534.12    394581.31    795115.44 
2000-2004     51       402462.91    394506.17    796969.08 
2000-2004     52       406103.14    395910.79    802013.93 
2000-2004     53       408551.85    395915.06    804466.91 
2000-2004     54       402949.33    387148.54    790097.86 
2000-2004     55       392547.65    373350.31    765897.97 
2000-2004     56       381643.78    358965.83    740609.61 
2000-2004     57       363379.12    338061.02    701440.14 
2000-2004     58       339261.69    312328.24    651589.93 
2000-2004     59       320756.43    292251.55    613007.98 
2000-2004     60       305260.38    274807.08    580067.46 
2000-2004     61       285935.87    253576.19    539512.06 
2000-2004     62       268509.04    234142.85    502651.89 
2000-2004     63       255229.20    218422.76    473651.96 
2000-2004     64       243963.01    204651.28    448614.29 
2000-2004     65       236610.24    194421.20    431031.44 
2000-2004     66       233931.16    188766.51    422697.67 
2000-2004     67       234739.83    185647.43    420387.26 
2000-2004     68       237946.61    183946.37    421892.98 
2000-2004     69       241908.04    182309.05    424217.09 
2000-2004     70       243972.98    178932.52    422905.51 
2000-2004     71       243389.24    173153.70    416542.94 
2000-2004     72       240447.50    165494.58    405942.08 
2000-2004     73       235310.61    156184.29    391494.90 
2000-2004     74       228614.75    146049.99    374664.74 
2000-2004     75       221662.46    135586.51    357248.97 
2000-2004     76       215362.56    125826.03    341188.59 
2000-2004     77       208052.64    116156.04    324208.68 
2000-2004     78       198370.02    106154.69    304524.70 
2000-2004     79       184855.99     95349.63    280205.62 
2000-2004     80       166375.09     82624.92    249000.01 
2000-2004     81       139074.48     66650.65    205725.12 
2000-2004     82       109116.44     50615.74    159732.18 
2000-2004     83        83564.13     37644.01    121208.14 
2000-2004     84        65246.45     28448.61     93695.07 
2000-2004     85        56176.22     23555.05     79731.27 
2000-2004     86        53909.73     21776.49     75686.22 
2000-2004     87        52707.64     20459.68     73167.32 
2000-2004     88        49123.24     18248.86     67372.09 
2000-2004     89        43070.01     15236.90     58306.90 
2000-2004     90        34987.55     11820.68     46808.23 
2000-2004     91        26688.57      8627.95     35316.53 
2000-2004     92        19622.20      5935.25     25557.45 
2000-2004     93        13866.81      3941.37     17808.18 
2000-2004     94         9473.41      2545.70     12019.11 
2000-2004     95         6185.59      1566.37      7751.96 
2000-2004     96         3926.09       932.73      4858.83 
2000-2004     97         2406.08       545.40      2951.48 
2000-2004     98         1431.59       311.36      1742.95 
2000-2004     99          843.63       173.80      1017.42 
2000-2004    100          491.72        87.32       579.04 
2000-2004    101          275.30        42.20       317.49 
2000-2004    102          143.18        18.55       161.73 
2000-2004    103           69.59         6.06        75.65 
2000-2004    104           31.96         0.86        32.83 
2000-2004    105           13.08         0.00        13.08 
2000-2004    106            3.89         0.00         3.89 
2000-2004    107            0.31         0.00         0.31 
2000-2004    108            0.00         0.00         0.00 
2000-2004    109            0.00         0.00         0.00 
2000-2004    110+           0.00         0.00         0.00 
2005-2009      0       268686.52    282571.93    551258.45 
2005-2009      1       257878.58    271732.96    529611.54 
2005-2009      2       245953.40    259733.93    505687.33 
2005-2009      3       236223.68    249759.79    485983.47 
2005-2009      4       228949.44    242369.88    471319.32 
2005-2009      5       223755.37    237140.44    460895.81 
2005-2009      6       220910.47    233933.55    454844.01 
2005-2009      7       219336.27    232127.07    451463.35 
2005-2009      8       218603.80    231256.23    449860.03 
2005-2009      9       220216.56    232564.34    452780.90 
2005-2009     10       226232.10    238520.78    464752.89 
2005-2009     11       238036.07    250889.28    488925.34 
2005-2009     12       253342.34    267028.03    520370.37 
2005-2009     13       270360.09    285151.38    555511.47 
2005-2009     14       288408.90    303961.80    592370.71 
2005-2009     15       303014.20    318642.49    621656.69 
2005-2009     16       312202.99    327657.33    639860.32 
2005-2009     17       318442.88    333958.18    652401.05 
2005-2009     18       323104.31    338847.93    661952.24 
2005-2009     19       326729.96    342972.85    669702.80 
2005-2009     20       330820.25    348295.59    679115.84 
2005-2009     21       334359.48    353309.98    687669.45 
2005-2009     22       338553.00    358055.54    696608.54 
2005-2009     23       344371.71    363690.67    708062.38 
2005-2009     24       351050.42    370766.71    721817.13 
2005-2009     25       362674.27    383144.04    745818.30 
2005-2009     26       379549.23    400384.46    779933.69 
2005-2009     27       397295.23    418843.19    816138.42 
2005-2009     28       415433.95    437837.52    853271.48 
2005-2009     29       433701.26    456058.76    889760.02 
2005-2009     30       446928.54    469013.20    915941.74 
2005-2009     31       451631.79    474430.31    926062.11 
2005-2009     32       447274.00    470659.49    917933.49 
2005-2009     33       434610.25    457660.64    892270.89 
2005-2009     34       416051.62    438562.91    854614.53 
2005-2009     35       393286.88    415247.28    808534.16 
2005-2009     36       370670.53    391190.85    761861.39 
2005-2009     37       353999.76    373060.34    727060.10 
2005-2009     38       343983.51    362282.30    706265.81 
2005-2009     39       339232.52    357002.85    696235.37 
2005-2009     40       340040.92    357288.34    697329.27 
2005-2009     41       344308.71    360925.10    705233.80 
2005-2009     42       345740.31    361247.90    706988.21 
2005-2009     43       342555.88    356726.45    699282.33 
2005-2009     44       336197.11    349155.19    685352.31 
2005-2009     45       326400.01    337869.13    664269.14 
2005-2009     46       318436.09    328006.79    646442.88 
2005-2009     47       320530.33    328229.98    648760.30 
2005-2009     48       330946.85    336632.57    667579.42 
2005-2009     49       344420.15    347591.17    692011.33 
2005-2009     50       359758.25    359916.79    719675.04 
2005-2009     51       373138.58    370728.99    743867.56 
2005-2009     52       382123.65    377159.43    759283.07 
2005-2009     53       388706.88    380495.05    769201.93 
2005-2009     54       393038.77    381700.49    774739.26 
2005-2009     55       394832.43    380489.15    775321.58 
2005-2009     56       396056.52    378609.20    774665.72 
2005-2009     57       398817.86    378068.88    776886.73 
2005-2009     58       400375.31    376143.16    776518.47 
2005-2009     59       393815.78    365897.93    759713.71 
2005-2009     60       382391.30    350578.25    732969.56 
2005-2009     61       370684.35    335066.25    705750.60 
2005-2009     62       351572.85    312915.23    664488.08 
2005-2009     63       326800.02    286374.78    613174.79 
2005-2009     64       308071.00    266090.86    574161.86 
2005-2009     65       292226.68    248705.89    540932.58 
2005-2009     66       272355.04    227261.58    499616.62 
2005-2009     67       254765.09    208107.62    462872.71 
2005-2009     68       240739.49    192285.15    433024.64 
2005-2009     69       228452.01    177703.29    406155.30 
2005-2009     70       219840.61    166633.83    386474.44 
2005-2009     71       215449.81    159510.88    374960.69 
2005-2009     72       214030.37    154333.57    368363.94 
2005-2009     73       214666.05    150578.73    365244.78 
2005-2009     74       215261.01    146456.69    361717.70 
2005-2009     75       213924.56    140993.09    354917.66 
2005-2009     76       209715.01    133651.19    343366.19 
2005-2009     77       202982.81    124300.61    327283.42 
2005-2009     78       194087.87    113757.35    307845.22 
2005-2009     79       183651.31    103001.17    286652.48 
2005-2009     80       172978.21     92294.36    265272.56 
2005-2009     81       162583.80     82430.80    245014.61 
2005-2009     82       151149.41     72790.70    223940.12 
2005-2009     83       137942.02     63140.96    201082.98 
2005-2009     84       122492.11     53508.88    176000.99 
2005-2009     85       103878.26     43447.25    147325.51 
2005-2009     86        81739.31     32832.98    114572.29 
2005-2009     87        60056.94     23291.40     83348.35 
2005-2009     88        42660.63     15941.35     58601.98 
2005-2009     89        30738.29     11071.11     41809.40 
2005-2009     90        24094.39      8254.72     32349.10 
2005-2009     91        20855.90      6762.99     27618.89 
2005-2009     92        18346.48      5675.68     24022.16 
2005-2009     93        15255.40      4433.36     19688.76 
2005-2009     94        11784.00      3317.40     15101.40 
2005-2009     95         8352.55      2252.51     10605.06 
2005-2009     96         5507.90      1396.45      6904.36 
2005-2009     97         3475.70       824.09      4299.78 
2005-2009     98         2103.48       483.21      2586.68 
2005-2009     99         1241.74       277.54      1519.28 
2005-2009    100          718.42       149.54       867.96 
2005-2009    101          396.63        82.25       478.87 
2005-2009    102          224.63        46.39       271.02 
2005-2009    103          123.79        23.82       147.61 
2005-2009    104           65.27        10.50        75.77 
2005-2009    105           32.85         3.55        36.40 
2005-2009    106           15.26         0.70        15.96 
2005-2009    107            5.53         0.00         5.53 
2005-2009    108            1.03         0.00         1.03 
2005-2009    109            0.00         0.00         0.00 
2005-2009    110+           0.00         0.00         0.00 
2010-2014      0       272121.50    285946.50    558068.00 
2010-2014      1       279933.53    293686.00    573619.53 
2010-2014      2       286157.79    300045.10    586202.88 
2010-2014      3       288401.17    302498.61    590899.78 
2010-2014      4       284282.88    298318.91    582601.79 
2010-2014      5       274332.71    288364.06    562696.77 
2010-2014      6       261420.50    275408.67    536829.16 
2010-2014      7       248124.26    261951.77    510076.02 
2010-2014      8       237710.73    251277.20    488987.93 
2010-2014      9       230398.50    243898.83    474297.33 
2010-2014     10       225220.43    238682.91    463903.33 
2010-2014     11       222214.57    235300.77    457515.34 
2010-2014     12       220620.02    233538.32    454158.34 
2010-2014     13       219895.23    232693.87    452589.10 
2010-2014     14       221341.16    233869.19    455210.35 
2010-2014     15       227332.69    239837.19    467169.89 
2010-2014     16       239581.72    252492.67    492074.39 
2010-2014     17       255839.06    269321.92    525160.97 
2010-2014     18       274588.68    288561.49    563150.16 
2010-2014     19       293172.74    307765.72    600938.46 
2010-2014     20       307658.05    322262.32    629920.36 
2010-2014     21       317843.54    332189.45    650032.99 
2010-2014     22       325211.07    339872.14    665083.21 
2010-2014     23       330609.90    345915.92    676525.82 
2010-2014     24       334657.84    351188.53    685846.38 
2010-2014     25       339205.78    357529.02    696734.79 
2010-2014     26       342982.66    363254.97    706237.63 
2010-2014     27       347184.89    368376.91    715561.81 
2010-2014     28       352595.27    373825.62    726420.90 
2010-2014     29       358397.17    380379.31    738776.48 
2010-2014     30       369281.19    392299.34    761580.53 
2010-2014     31       385587.28    409045.59    794632.86 
2010-2014     32       402730.70    427010.41    829741.11 
2010-2014     33       420457.74    445658.71    866116.45 
2010-2014     34       438168.44    463423.52    901591.96 
2010-2014     35       451019.53    475790.77    926810.30 
2010-2014     36       455491.56    480784.23    936275.80 
2010-2014     37       450544.73    476170.37    926715.10 
2010-2014     38       437540.75    462722.26    900263.01 
2010-2014     39       418881.48    443181.93    862063.41 
2010-2014     40       396039.32    419520.12    815559.45 
2010-2014     41       373162.75    395046.37    768209.12 
2010-2014     42       355868.01    375965.67    731833.68 
2010-2014     43       345240.99    364212.41    709453.40 
2010-2014     44       340143.48    358196.21    698339.70 
2010-2014     45       340854.77    358146.11    699000.88 
2010-2014     46       345201.74    361534.99    706736.73 
2010-2014     47       346442.41    361287.72    707730.13 
2010-2014     48       342845.32    356027.98    698873.30 
2010-2014     49       336144.92    347646.51    683791.43 
2010-2014     50       325748.54    335233.49    660982.04 
2010-2014     51       317276.89    324300.33    641577.23 
2010-2014     52       318881.78    323322.61    642204.39 
2010-2014     53       328384.66    330024.00    658408.66 
2010-2014     54       341204.00    339139.33    680343.33 
2010-2014     55       355703.80    349401.69    705105.49 
2010-2014     56       368058.68    358014.52    726073.20 
2010-2014     57       376209.05    362573.59    738782.65 
2010-2014     58       381819.85    363920.82    745740.67 
2010-2014     59       384983.87    362889.04    747872.92 
2010-2014     60       385595.81    359668.03    745263.84 
2010-2014     61       385730.85    355698.88    741429.72 
2010-2014     62       387369.25    352808.02    740177.27 
2010-2014     63       387844.91    348730.58    736575.49 
2010-2014     64       380126.22    336438.34    716564.56 
2010-2014     65       367469.99    319392.95    686862.95 
2010-2014     66       354868.92    302907.45    657776.37 
2010-2014     67       334832.03    280177.06    615009.09 
2010-2014     68       309468.41    253793.35    563261.76 
2010-2014     69       290381.72    234160.68    524542.40 
2010-2014     70       273849.42    216905.53    490754.96 
2010-2014     71       253291.67    195957.12    449248.79 
2010-2014     72       235216.05    177515.19    412731.24 
2010-2014     73       220366.15    161690.95    382057.10 
2010-2014     74       206930.80    147103.51    354034.31 
2010-2014     75       196710.22    135636.60    332346.82 
2010-2014     76       189914.21    127034.48    316948.69 
2010-2014     77       185609.14    120363.79    305972.94 
2010-2014     78       182829.07    114679.14    297508.21 
2010-2014     79       179258.90    108512.32    287771.22 
2010-2014     80       173443.38    101209.88    274653.25 
2010-2014     81       165134.00     92554.58    257688.59 
2010-2014     82       154498.77     82699.58    237198.35 
2010-2014     83       141642.56     72296.28    213938.84 
2010-2014     84       127900.18     62278.37    190178.55 
2010-2014     85       114506.55     52524.56    167031.11 
2010-2014     86       101456.72     43768.76    145225.47 
2010-2014     87        88370.81     35929.94    124300.75 
2010-2014     88        75193.89     28885.37    104079.27 
2010-2014     89        61525.92     22403.68     83929.60 
2010-2014     90        47712.26     16562.42     64274.68 
2010-2014     91        34335.31     11349.98     45685.29 
2010-2014     92        22836.94      7226.24     30063.18 
2010-2014     93        14528.80      4437.68     18966.48 
2010-2014     94         9253.79      2686.61     11940.40 
2010-2014     95         6353.72      1732.88      8086.60 
2010-2014     96         4749.07      1270.82      6019.89 
2010-2014     97         3650.81       930.18      4580.99 
2010-2014     98         2636.40       635.19      3271.59 
2010-2014     99         1770.50       406.90      2177.40 
2010-2014    100         1073.55       229.51      1303.06 
2010-2014    101          579.34       108.80       688.14 
2010-2014    102          308.84        56.32       365.16 
2010-2014    103          156.97        28.43       185.40 
2010-2014    104           76.56        12.95        89.51 
2010-2014    105           35.34         4.60        39.94 
2010-2014    106           15.05         0.69        15.75 
2010-2014    107            5.73         0.00         5.73 
2010-2014    108            1.66         0.00         1.66 
2010-2014    109            0.13         0.00         0.13 
2010-2014    110+           0.00         0.00         0.00 
