East Germany, Exposure to risk (period 1x5), 	Last modified: 29 Mar 2017, MPv5 (May07)

  Year          Age             Female            Male           Total
1956-1959        0            527335.50       558192.50      1085528.00
1956-1959        1            521294.33       550093.83      1071388.17
1956-1959        2            526003.83       554633.50      1080637.33
1956-1959        3            530422.17       559220.50      1089642.67
1956-1959        4            532860.50       561509.00      1094369.50
1956-1959        5            531104.33       558910.83      1090015.17
1956-1959        6            518124.67       544007.17      1062131.83
1956-1959        7            489332.00       512014.17      1001346.17
1956-1959        8            452001.83       470671.83       922673.67
1956-1959        9            404656.67       419587.83       824244.50
1956-1959       10            362280.33       374068.33       736348.67
1956-1959       11            358939.67       369232.67       728172.33
1956-1959       12            385047.67       396128.33       781176.00
1956-1959       13            425504.83       437880.83       863385.67
1956-1959       14            484848.83       499823.67       984672.50
1956-1959       15            539640.33       558651.00      1098291.33
1956-1959       16            578710.83       600175.17      1178886.00
1956-1959       17            608851.33       629077.83      1237929.17
1956-1959       18            609616.00       622742.67      1232358.67
1956-1959       19            586612.33       595199.67      1181812.00
1956-1959       20            563771.00       572576.67      1136347.67
1956-1959       21            545781.00       556925.50      1102706.50
1956-1959       22            522677.50       535202.83      1057880.33
1956-1959       23            491552.17       502120.50       993672.67
1956-1959       24            461949.33       464306.67       926256.00
1956-1959       25            443195.00       430602.67       873797.67
1956-1959       26            443552.67       414168.33       857721.00
1956-1959       27            454980.00       409574.33       864554.33
1956-1959       28            462541.67       401176.67       863718.33
1956-1959       29            462533.33       381169.50       843702.83
1956-1959       30            462419.33       356730.50       819149.83
1956-1959       31            461526.00       330514.83       792040.83
1956-1959       32            459725.50       306535.67       766261.17
1956-1959       33            464409.67       295349.50       759759.17
1956-1959       34            476233.67       294784.17       771017.83
1956-1959       35            500146.33       305395.00       805541.33
1956-1959       36            512003.33       311989.50       823992.83
1956-1959       37            479488.83       292773.50       772262.33
1956-1959       38            415882.00       253842.83       669724.83
1956-1959       39            345632.83       211323.17       556956.00
1956-1959       40            310636.50       189219.83       499856.33
1956-1959       41            345273.67       208676.33       553950.00
1956-1959       42            420085.17       254842.67       674927.83
1956-1959       43            498579.33       306354.00       804933.33
1956-1959       44            556381.83       347264.50       903646.33
1956-1959       45            584838.50       370994.33       955832.83
1956-1959       46            601535.83       388654.67       990190.50
1956-1959       47            613177.67       403906.33      1017084.00
1956-1959       48            623408.00       420023.83      1043431.83
1956-1959       49            631269.33       436742.17      1068011.50
1956-1959       50            628904.67       449887.50      1078792.17
1956-1959       51            622016.17       461964.00      1083980.17
1956-1959       52            614248.00       470843.00      1085091.00
1956-1959       53            607983.17       475903.17      1083886.33
1956-1959       54            604992.67       478804.67      1083797.33
1956-1959       55            599348.17       473888.00      1073236.17
1956-1959       56            591845.50       465023.83      1056869.33
1956-1959       57            582455.83       449464.50      1031920.33
1956-1959       58            569640.83       427733.67       997374.50
1956-1959       59            558087.33       404791.50       962878.83
1956-1959       60            546270.67       382434.17       928704.83
1956-1959       61            530300.33       361101.50       891401.83
1956-1959       62            513912.83       342707.67       856620.50
1956-1959       63            494653.50       325873.67       820527.17
1956-1959       64            475774.67       311970.50       787745.17
1956-1959       65            459724.00       302292.67       762016.67
1956-1959       66            443029.67       293141.83       736171.50
1956-1959       67            428152.67       285509.83       713662.50
1956-1959       68            411722.00       277385.67       689107.67
1956-1959       69            392359.67       266600.17       658959.83
1956-1959       70            369480.50       252936.00       622416.50
1956-1959       71            344556.33       237633.00       582189.33
1956-1959       72            317798.17       220291.83       538090.00
1956-1959       73            290884.50       202533.83       493418.33
1956-1959       74            265689.50       185529.67       451219.17
1956-1959       75            241591.67       169057.67       410649.33
1956-1959       76            220620.33       154808.00       375428.33
1956-1959       77            200852.00       141267.17       342119.17
1956-1959       78            181629.50       128097.67       309727.17
1956-1959       79            162789.83       114667.00       277456.83
1956-1959       80            139646.14        98569.27       238215.41
1956-1959       81            120039.76        84645.48       204685.24
1956-1959       82            100353.50        70617.22       170970.72
1956-1959       83             81913.06        57213.56       139126.62
1956-1959       84             64579.89        44498.23       109078.12
1956-1959       85             49567.44        33465.83        83033.27
1956-1959       86             38030.27        25015.76        63046.02
1956-1959       87             28657.75        18173.85        46831.60
1956-1959       88             21348.84        13014.72        34363.55
1956-1959       89             15839.97         9182.17        25022.14
1956-1959       90             11245.06         6159.27        17404.33
1956-1959       91              7630.30         4034.26        11664.56
1956-1959       92              5080.10         2531.86         7611.96
1956-1959       93              3284.61         1487.03         4771.64
1956-1959       94              2027.20          852.02         2879.22
1956-1959       95              1218.08          487.07         1705.15
1956-1959       96               655.00          255.75          910.75
1956-1959       97               333.97          134.40          468.37
1956-1959       98               183.08           66.32          249.40
1956-1959       99                87.20           34.17          121.37
1956-1959      100                41.05           14.53           55.58
1956-1959      101                19.10            6.14           25.23
1956-1959      102                 7.57            1.82            9.39
1956-1959      103                 1.83            0.08            1.90
1956-1959      104                 0.16            0.00            0.16
1956-1959      105                 0.00            0.00            0.00
1956-1959      106                 0.00            0.00            0.00
1956-1959      107                 0.00            0.00            0.00
1956-1959      108                 0.00            0.00            0.00
1956-1959      109                 0.00            0.00            0.00
1956-1959      110+                0.00            0.00            0.00
1960-1964        0            706736.50       744930.33      1451666.83
1960-1964        1            690150.83       726118.33      1416269.17
1960-1964        2            671762.33       706653.17      1378415.50
1960-1964        3            655724.83       689680.00      1345404.83
1960-1964        4            644050.33       677827.50      1321877.83
1960-1964        5            637083.67       670758.83      1307842.50
1960-1964        6            636413.50       669870.00      1306283.50
1960-1964        7            640777.33       674808.33      1315585.67
1960-1964        8            645371.50       679991.50      1325363.00
1960-1964        9            644386.17       678177.17      1322563.33
1960-1964       10            632290.00       663895.50      1296185.50
1960-1964       11            604444.50       632344.00      1236788.50
1960-1964       12            567114.33       591373.33      1158487.67
1960-1964       13            516952.00       537235.33      1054187.33
1960-1964       14            465520.83       481685.83       947206.67
1960-1964       15            446252.00       459803.17       906055.17
1960-1964       16            460422.83       473918.00       934340.83
1960-1964       17            485069.67       498803.67       983873.33
1960-1964       18            533398.67       545629.83      1079028.50
1960-1964       19            602347.67       614034.50      1216382.17
1960-1964       20            651704.17       664039.83      1315744.00
1960-1964       21            674917.17       687680.83      1362598.00
1960-1964       22            689080.17       701830.33      1390910.50
1960-1964       23            690427.00       704400.33      1394827.33
1960-1964       24            675373.17       690328.00      1365701.17
1960-1964       25            656071.50       672965.50      1329037.00
1960-1964       26            627348.17       646457.33      1273805.50
1960-1964       27            597769.67       613455.17      1211224.83
1960-1964       28            571427.83       579237.33      1150665.17
1960-1964       29            551113.33       544837.33      1095950.67
1960-1964       30            537415.50       513950.50      1051366.00
1960-1964       31            537495.17       495885.00      1033380.17
1960-1964       32            546299.33       486722.50      1033021.83
1960-1964       33            553691.17       471786.83      1025478.00
1960-1964       34            556483.50       448318.17      1004801.67
1960-1964       35            554764.00       418901.33       973665.33
1960-1964       36            550440.17       386685.50       937125.67
1960-1964       37            553418.67       365227.50       918646.17
1960-1964       38            567847.33       360488.83       928336.17
1960-1964       39            587533.67       364262.67       951796.33
1960-1964       40            596962.50       365220.83       962183.33
1960-1964       41            570694.17       349540.33       920234.50
1960-1964       42            519743.00       318287.00       838030.00
1960-1964       43            462119.00       282392.67       744511.67
1960-1964       44            412457.67       251474.50       663932.17
1960-1964       45            407981.17       247687.67       655668.83
1960-1964       46            458994.67       278577.17       737571.83
1960-1964       47            536956.17       329072.67       866028.83
1960-1964       48            611268.67       378990.00       990258.67
1960-1964       49            667964.83       419146.50      1087111.33
1960-1964       50            702689.50       448910.50      1151600.00
1960-1964       51            720285.33       469498.83      1189784.17
1960-1964       52            729305.83       485131.50      1214437.33
1960-1964       53            738385.33       502177.83      1240563.17
1960-1964       54            742149.67       519630.67      1261780.33
1960-1964       55            736689.50       533798.67      1270488.17
1960-1964       56            727528.17       541818.17      1269346.33
1960-1964       57            719901.17       547402.33      1267303.50
1960-1964       58            713243.00       550311.17      1263554.17
1960-1964       59            702835.83       545612.00      1248447.83
1960-1964       60            692597.33       532790.17      1225387.50
1960-1964       61            681626.17       515059.17      1196685.33
1960-1964       62            666367.17       490929.17      1157296.33
1960-1964       63            647393.83       462629.67      1110023.50
1960-1964       64            628145.00       432793.50      1060938.50
1960-1964       65            608049.00       405251.00      1013300.00
1960-1964       66            584061.00       378587.33       962648.33
1960-1964       67            558835.83       354765.17       913601.00
1960-1964       68            532484.17       333597.33       866081.50
1960-1964       69            507705.00       316385.00       824090.00
1960-1964       70            484043.83       301958.00       786001.83
1960-1964       71            458836.17       287504.17       746340.33
1960-1964       72            433963.00       274017.00       707980.00
1960-1964       73            408164.17       259353.33       667517.50
1960-1964       74            377732.67       240941.83       618674.50
1960-1964       75            344642.50       221566.17       566208.67
1960-1964       76            312500.50       201693.17       514193.67
1960-1964       77            278425.67       179989.17       458414.83
1960-1964       78            245833.67       159316.50       405150.17
1960-1964       79            215483.33       140051.50       355534.83
1960-1964       80            183814.51       119611.83       303426.34
1960-1964       81            160173.03       104376.95       264549.98
1960-1964       82            138067.45        90124.30       228191.75
1960-1964       83            117355.35        76475.27       193830.61
1960-1964       84             97898.98        63545.92       161444.90
1960-1964       85             79302.86        51316.94       130619.80
1960-1964       86             62533.41        40114.68       102648.09
1960-1964       87             47861.72        30400.36        78262.09
1960-1964       88             35075.19        21906.77        56981.97
1960-1964       89             24991.33        15239.50        40230.83
1960-1964       90             17603.59        10351.95        27955.53
1960-1964       91             12063.14         6753.83        18816.97
1960-1964       92              7986.97         4295.26        12282.23
1960-1964       93              5287.25         2709.78         7997.02
1960-1964       94              3448.53         1622.89         5071.42
1960-1964       95              2133.51          912.49         3046.00
1960-1964       96              1259.98          488.44         1748.42
1960-1964       97               701.52          264.42          965.94
1960-1964       98               342.59          143.25          485.83
1960-1964       99               153.70           67.63          221.32
1960-1964      100                76.82           28.63          105.45
1960-1964      101                35.14           12.73           47.87
1960-1964      102                14.50            4.34           18.83
1960-1964      103                 5.16            0.64            5.80
1960-1964      104                 0.82            0.03            0.85
1960-1964      105                 0.00            0.00            0.00
1960-1964      106                 0.00            0.00            0.00
1960-1964      107                 0.00            0.00            0.00
1960-1964      108                 0.00            0.00            0.00
1960-1964      109                 0.00            0.00            0.00
1960-1964      110+                0.00            0.00            0.00
1965-1969        0            627894.83       663266.67      1291161.50
1965-1969        1            649149.17       684064.50      1333213.67
1965-1969        2            671724.33       707130.67      1378855.00
1965-1969        3            688745.50       724692.33      1413437.83
1965-1969        4            697735.67       733019.00      1430754.67
1965-1969        5            697980.50       732329.33      1430309.83
1965-1969        6            687306.33       721455.83      1408762.17
1965-1969        7            670151.33       703642.50      1373793.83
1965-1969        8            654096.17       686812.00      1340908.17
1965-1969        9            642223.00       675050.33      1317273.33
1965-1969       10            634940.33       668234.83      1303175.17
1965-1969       11            633695.33       666875.00      1300570.33
1965-1969       12            637240.33       670489.17      1307729.50
1965-1969       13            639021.50       672976.33      1311997.83
1965-1969       14            635727.00       669636.83      1305363.83
1965-1969       15            621769.83       654265.50      1276035.33
1965-1969       16            591989.50       622792.00      1214781.50
1965-1969       17            553562.00       581871.67      1135433.67
1965-1969       18            504782.00       530490.50      1035272.50
1965-1969       19            452164.17       472695.83       924860.00
1965-1969       20            430780.17       444918.83       875699.00
1965-1969       21            444065.33       453867.50       897932.83
1965-1969       22            466343.67       473015.67       939359.33
1965-1969       23            512482.83       517525.33      1030008.17
1965-1969       24            581807.67       587805.00      1169612.67
1965-1969       25            631525.00       639040.00      1270565.00
1965-1969       26            656023.67       664428.17      1320451.83
1965-1969       27            671199.17       680928.50      1352127.67
1965-1969       28            671080.00       681209.00      1352289.00
1965-1969       29            654914.67       664465.17      1319379.83
1965-1969       30            633863.17       643313.17      1277176.33
1965-1969       31            604731.33       613870.83      1218602.17
1965-1969       32            573837.00       582415.00      1156252.00
1965-1969       33            548709.50       557241.83      1105951.33
1965-1969       34            529785.00       536519.50      1066304.50
1965-1969       35            517737.50       519243.33      1036980.83
1965-1969       36            519718.67       511661.83      1031380.50
1965-1969       37            529961.00       505329.83      1035290.83
1965-1969       38            536670.33       485730.50      1022400.83
1965-1969       39            539449.00       456605.17       996054.17
1965-1969       40            536323.50       420616.50       956940.00
1965-1969       41            531354.67       384243.33       915598.00
1965-1969       42            533947.00       360125.83       894072.83
1965-1969       43            548148.67       353340.50       901489.17
1965-1969       44            568796.00       355954.33       924750.33
1965-1969       45            576111.17       355291.83       931403.00
1965-1969       46            549051.00       337891.50       886942.50
1965-1969       47            497846.17       305842.00       803688.17
1965-1969       48            439475.33       268897.00       708372.33
1965-1969       49            391103.17       238377.83       629481.00
1965-1969       50            387761.33       234992.33       622753.67
1965-1969       51            439053.50       266031.33       705084.83
1965-1969       52            515142.67       314635.67       829778.33
1965-1969       53            587277.17       362090.83       949368.00
1965-1969       54            641448.50       399840.50      1041289.00
1965-1969       55            672210.33       425879.33      1098089.67
1965-1969       56            686263.33       442374.83      1128638.17
1965-1969       57            692657.83       454424.67      1147082.50
1965-1969       58            698812.33       467349.33      1166161.67
1965-1969       59            700139.83       481014.17      1181154.00
1965-1969       60            690915.50       490611.17      1181526.67
1965-1969       61            676426.67       494170.50      1170597.17
1965-1969       62            663885.00       494549.17      1158434.17
1965-1969       63            651835.00       492022.83      1143857.83
1965-1969       64            637283.33       482028.33      1119311.67
1965-1969       65            621382.83       462272.17      1083655.00
1965-1969       66            604822.33       437477.50      1042299.83
1965-1969       67            584881.33       408784.33       993665.67
1965-1969       68            561232.50       376565.00       937797.50
1965-1969       69            537509.33       345238.83       882748.17
1965-1969       70            512852.50       315719.50       828572.00
1965-1969       71            486411.83       289419.33       775831.17
1965-1969       72            456927.83       265171.67       722099.50
1965-1969       73            427343.17       243633.33       670976.50
1965-1969       74            398479.00       224754.50       623233.50
1965-1969       75            368359.00       207363.17       575722.17
1965-1969       76            337956.17       191076.17       529032.33
1965-1969       77            309516.00       175696.50       485212.50
1965-1969       78            279681.83       159567.83       439249.67
1965-1969       79            248542.67       142457.50       391000.17
1965-1969       80            215592.31       123849.41       339441.72
1965-1969       81            186102.05       107192.99       293295.04
1965-1969       82            157337.67        90815.82       248153.49
1965-1969       83            131042.63        75854.87       206897.50
1965-1969       84            107663.78        62623.42       170287.20
1965-1969       85             87385.35        50675.83       138061.17
1965-1969       86             70300.37        40597.28       110897.65
1965-1969       87             55588.78        32245.13        87833.91
1965-1969       88             43071.35        24921.60        67992.95
1965-1969       89             32578.98        18627.09        51206.07
1965-1969       90             23829.86        13371.61        37201.47
1965-1969       91             16716.91         9170.84        25887.75
1965-1969       92             11267.22         6070.70        17337.92
1965-1969       93              7271.69         3858.11        11129.80
1965-1969       94              4471.33         2297.67         6769.00
1965-1969       95              2783.59         1337.62         4121.20
1965-1969       96              1711.97          751.49         2463.47
1965-1969       97               946.97          406.09         1353.06
1965-1969       98               526.41          216.44          742.86
1965-1969       99               255.20           98.73          353.92
1965-1969      100               113.15           31.71          144.86
1965-1969      101                54.77           12.30           67.06
1965-1969      102                25.50            3.40           28.89
1965-1969      103                10.00            0.38           10.37
1965-1969      104                 3.26            0.00            3.26
1965-1969      105                 0.44            0.00            0.44
1965-1969      106                 0.00            0.00            0.00
1965-1969      107                 0.00            0.00            0.00
1965-1969      108                 0.00            0.00            0.00
1965-1969      109                 0.00            0.00            0.00
1965-1969      110+                0.00            0.00            0.00
1970-1974        0            509169.33       536368.50      1045537.83
1970-1974        1            535886.83       563704.00      1099590.83
1970-1974        2            563002.17       591879.50      1154881.67
1970-1974        3            583422.17       612229.83      1195652.00
1970-1974        4            601183.00       631601.50      1232784.50
1970-1974        5            623716.50       656350.50      1280067.00
1970-1974        6            649077.50       682878.00      1331955.50
1970-1974        7            672171.67       706641.17      1378812.83
1970-1974        8            688906.83       724099.33      1413006.17
1970-1974        9            697764.50       732490.50      1430255.00
1970-1974       10            697935.00       731857.83      1429792.83
1970-1974       11            687059.00       720895.33      1407954.33
1970-1974       12            670259.17       703976.50      1374235.67
1970-1974       13            654898.50       688013.33      1342911.83
1970-1974       14            643447.17       676603.00      1320050.17
1970-1974       15            636595.00       670062.33      1306657.33
1970-1974       16            635736.00       668729.67      1304465.67
1970-1974       17            639418.67       671851.00      1311269.67
1970-1974       18            641912.00       678232.33      1320144.33
1970-1974       19            639303.17       677913.67      1317216.83
1970-1974       20            625069.33       660612.50      1285681.83
1970-1974       21            593886.83       623237.00      1217123.83
1970-1974       22            554460.17       578678.00      1133138.17
1970-1974       23            504417.00       524904.17      1029321.17
1970-1974       24            451126.50       466935.33       918061.83
1970-1974       25            429949.33       441289.17       871238.50
1970-1974       26            443569.67       452489.33       896059.00
1970-1974       27            466182.83       473477.33       939660.17
1970-1974       28            512229.67       518567.67      1030797.33
1970-1974       29            581440.50       588668.00      1170108.50
1970-1974       30            630852.83       639901.50      1270754.33
1970-1974       31            655261.00       664866.50      1320127.50
1970-1974       32            670362.33       680626.83      1350989.17
1970-1974       33            670120.83       680397.33      1350518.17
1970-1974       34            653598.83       663006.33      1316605.17
1970-1974       35            632379.33       641102.50      1273481.83
1970-1974       36            602761.33       610859.33      1213620.67
1970-1974       37            571549.50       579132.83      1150682.33
1970-1974       38            545970.00       553668.33      1099638.33
1970-1974       39            526896.00       532687.17      1059583.17
1970-1974       40            514826.00       515072.83      1029898.83
1970-1974       41            516479.83       507113.00      1023592.83
1970-1974       42            526188.00       500210.00      1026398.00
1970-1974       43            532337.33       480304.67      1012642.00
1970-1974       44            534193.17       450616.17       984809.33
1970-1974       45            530512.33       414377.17       944889.50
1970-1974       46            524900.83       377709.83       902610.67
1970-1974       47            526514.83       353219.67       879734.50
1970-1974       48            539535.00       345849.83       885384.83
1970-1974       49            558769.17       347787.83       906557.00
1970-1974       50            565082.67       346570.17       911652.83
1970-1974       51            537691.83       328641.67       866333.50
1970-1974       52            486614.33       296484.67       783099.00
1970-1974       53            428801.17       259757.67       688558.83
1970-1974       54            380608.33       229179.00       609787.33
1970-1974       55            376097.67       224830.33       600928.00
1970-1974       56            424946.50       253397.33       678343.83
1970-1974       57            496993.50       297994.67       794988.17
1970-1974       58            564564.50       340805.00       905369.50
1970-1974       59            614279.50       373559.83       987839.33
1970-1974       60            639753.17       394863.50      1034616.67
1970-1974       61            646137.67       406355.67      1052493.33
1970-1974       62            646033.00       413161.00      1059194.00
1970-1974       63            645991.33       419691.50      1065682.83
1970-1974       64            641053.67       426073.67      1067127.33
1970-1974       65            627140.50       427725.50      1054866.00
1970-1974       66            609489.17       421939.67      1031428.83
1970-1974       67            593031.00       413945.00      1006976.00
1970-1974       68            576075.33       403175.00       979250.33
1970-1974       69            556792.33       385867.00       942659.33
1970-1974       70            536236.83       361868.33       898105.17
1970-1974       71            513993.67       335056.00       849049.67
1970-1974       72            488264.33       305479.17       793743.50
1970-1974       73            458916.50       274270.67       733187.17
1970-1974       74            429495.83       244551.00       674046.83
1970-1974       75            399254.00       216808.17       616062.17
1970-1974       76            367442.00       192231.17       559673.17
1970-1974       77            333890.33       170157.83       504048.17
1970-1974       78            300769.50       150297.17       451066.67
1970-1974       79            269131.50       132944.50       402076.00
1970-1974       80            235383.20       116489.44       351872.65
1970-1974       81            205337.71       102366.87       307704.58
1970-1974       82            177834.08        89174.66       267008.74
1970-1974       83            151080.05        75949.94       227029.99
1970-1974       84            125254.58        63163.44       188418.02
1970-1974       85            102319.14        51651.08       153970.22
1970-1974       86             81563.72        41242.49       122806.21
1970-1974       87             63162.51        31998.15        95160.66
1970-1974       88             47887.96        24340.37        72228.33
1970-1974       89             35590.78        18093.09        53683.86
1970-1974       90             25929.18        13135.16        39064.34
1970-1974       91             18604.03         9355.28        27959.31
1970-1974       92             13025.11         6542.97        19568.08
1970-1974       93              8971.52         4450.27        13421.78
1970-1974       94              5926.48         2924.75         8851.24
1970-1974       95              3768.69         1831.28         5599.97
1970-1974       96              2270.41         1062.01         3332.42
1970-1974       97              1320.39          599.53         1919.92
1970-1974       98               724.36          324.27         1048.63
1970-1974       99               370.99          175.00          546.00
1970-1974      100               205.15           95.54          300.69
1970-1974      101               106.18           48.64          154.82
1970-1974      102                51.84           22.54           74.38
1970-1974      103                24.18            9.42           33.60
1970-1974      104                 9.93            3.09           13.02
1970-1974      105                 2.88            0.42            3.30
1970-1974      106                 0.22            0.00            0.22
1970-1974      107                 0.00            0.00            0.00
1970-1974      108                 0.00            0.00            0.00
1970-1974      109                 0.00            0.00            0.00
1970-1974      110+                0.00            0.00            0.00
1975-1979        0            500020.50       528680.83      1028701.33
1975-1979        1            472136.83       497855.33       969992.17
1975-1979        2            453504.17       477888.17       931392.33
1975-1979        3            456577.50       481190.50       937768.00
1975-1979        4            478111.50       503403.67       981515.17
1975-1979        5            504652.00       530431.00      1035083.00
1975-1979        6            533767.17       560733.33      1094500.50
1975-1979        7            561293.17       589216.00      1150509.17
1975-1979        8            581405.50       609703.00      1191108.50
1975-1979        9            599556.67       629384.83      1228941.50
1975-1979       10            622266.50       654184.17      1276450.67
1975-1979       11            647584.83       680468.50      1328053.33
1975-1979       12            670422.33       704153.33      1374575.67
1975-1979       13            687292.83       721967.17      1409260.00
1975-1979       14            696392.33       730554.33      1426946.67
1975-1979       15            696448.17       729578.67      1426026.83
1975-1979       16            685619.67       718638.50      1404258.17
1975-1979       17            668846.33       701910.00      1370756.33
1975-1979       18            654319.00       688988.00      1343307.00
1975-1979       19            644498.50       681400.83      1325899.33
1975-1979       20            638388.00       676298.00      1314686.00
1975-1979       21            637419.17       673159.17      1310578.33
1975-1979       22            640233.00       674727.50      1314960.50
1975-1979       23            640614.67       676593.50      1317208.17
1975-1979       24            635998.67       672390.00      1308388.67
1975-1979       25            620566.67       654938.67      1275505.33
1975-1979       26            589645.17       620329.50      1209974.67
1975-1979       27            550539.17       576699.00      1127238.17
1975-1979       28            501165.00       522299.17      1023464.17
1975-1979       29            448417.83       463919.00       912336.83
1975-1979       30            427288.00       438105.50       865393.50
1975-1979       31            440702.17       449073.00       889775.17
1975-1979       32            462879.50       469328.83       932208.33
1975-1979       33            508761.83       513772.33      1022534.17
1975-1979       34            577494.67       583186.33      1160681.00
1975-1979       35            626706.50       633740.50      1260447.00
1975-1979       36            650882.17       658306.33      1309188.50
1975-1979       37            665839.67       673767.00      1339606.67
1975-1979       38            665358.83       673286.00      1338644.83
1975-1979       39            648826.83       655713.67      1304540.50
1975-1979       40            627281.67       633443.33      1260725.00
1975-1979       41            597700.67       603001.67      1200702.33
1975-1979       42            566409.00       570987.50      1137396.50
1975-1979       43            540802.83       545298.83      1086101.67
1975-1979       44            521478.00       523936.00      1045414.00
1975-1979       45            508940.33       505714.17      1014654.50
1975-1979       46            510097.00       496976.00      1007073.00
1975-1979       47            519170.17       489219.17      1008389.33
1975-1979       48            524499.83       468534.00       993033.83
1975-1979       49            525575.00       438654.83       964229.83
1975-1979       50            520883.17       402485.67       923368.83
1975-1979       51            514473.17       366019.33       880492.50
1975-1979       52            515155.33       341311.83       856467.17
1975-1979       53            526844.00       333055.50       859899.50
1975-1979       54            544585.50       333690.00       878275.50
1975-1979       55            549542.17       331000.67       880542.83
1975-1979       56            521407.33       312430.17       833837.50
1975-1979       57            470395.50       280260.00       750655.50
1975-1979       58            412917.33       243941.00       656858.33
1975-1979       59            364962.17       213865.33       578827.50
1975-1979       60            358489.17       208363.67       566852.83
1975-1979       61            401243.33       232848.33       634091.67
1975-1979       62            465456.67       271514.83       736971.50
1975-1979       63            524517.67       307433.00       831950.67
1975-1979       64            566273.67       333396.83       899670.50
1975-1979       65            585640.00       347311.33       932951.33
1975-1979       66            588581.67       351018.67       939600.33
1975-1979       67            584011.33       350426.50       934437.83
1975-1979       68            578460.17       349007.67       927467.83
1975-1979       69            567866.17       346703.83       914570.00
1975-1979       70            548994.17       340348.33       889342.50
1975-1979       71            526263.67       329084.50       855348.17
1975-1979       72            503061.67       314997.00       818058.67
1975-1979       73            479275.50       298461.83       777737.33
1975-1979       74            453330.33       277103.00       730433.33
1975-1979       75            425639.50       251255.50       676895.00
1975-1979       76            396763.17       224616.33       621379.50
1975-1979       77            365159.50       197028.50       562188.00
1975-1979       78            330821.17       169894.33       500715.50
1975-1979       79            297230.67       145060.00       442290.67
1975-1979       80            262342.04       122380.52       384722.56
1975-1979       81            230034.25       103202.01       333236.26
1975-1979       82            198178.50        86424.17       284602.67
1975-1979       83            168075.79        72104.83       240180.63
1975-1979       84            140657.48        59778.83       200436.31
1975-1979       85            115201.37        48942.11       164143.48
1975-1979       86             92471.38        39654.21       132125.58
1975-1979       87             73250.08        31704.32       104954.41
1975-1979       88             56566.72        24720.60        81287.32
1975-1979       89             42530.08        18713.94        61244.02
1975-1979       90             31360.14        13756.08        45116.22
1975-1979       91             22393.22         9751.32        32144.54
1975-1979       92             15296.51         6664.98        21961.49
1975-1979       93             10356.13         4419.37        14775.50
1975-1979       94              6750.45         2928.09         9678.53
1975-1979       95              4292.51         1897.49         6190.01
1975-1979       96              2752.70         1211.45         3964.15
1975-1979       97              1781.78          752.97         2534.75
1975-1979       98              1079.68          434.10         1513.78
1975-1979       99               546.98          230.25          777.24
1975-1979      100               322.08          133.23          455.30
1975-1979      101               172.70           70.42          243.12
1975-1979      102                89.02           35.68          124.70
1975-1979      103                43.07           16.10           59.17
1975-1979      104                19.69            6.47           26.17
1975-1979      105                 8.38            1.85           10.24
1975-1979      106                 2.51            0.10            2.60
1975-1979      107                 0.29            0.00            0.29
1975-1979      108                 0.00            0.00            0.00
1975-1979      109                 0.00            0.00            0.00
1975-1979      110+                0.00            0.00            0.00
1980-1984        0            572513.83       602255.17      1174769.00
1980-1984        1            571294.17       600256.33      1171550.50
1980-1984        2            565964.33       593794.83      1159759.17
1980-1984        3            551322.17       578507.33      1129829.50
1980-1984        4            525285.00       552219.00      1077504.00
1980-1984        5            495347.00       521151.50      1016498.50
1980-1984        6            469365.33       493339.67       962705.00
1980-1984        7            451028.33       473945.17       924973.50
1980-1984        8            454914.33       477935.50       932849.83
1980-1984        9            477078.83       500884.00       977962.83
1980-1984       10            503955.17       528391.50      1032346.67
1980-1984       11            534357.17       560565.33      1094922.50
1980-1984       12            561526.00       589733.33      1151259.33
1980-1984       13            581304.83       610397.50      1191702.33
1980-1984       14            598827.83       630170.83      1228998.67
1980-1984       15            621447.00       654651.33      1276098.33
1980-1984       16            646720.50       679960.50      1326681.00
1980-1984       17            669806.67       702793.50      1372600.17
1980-1984       18            686480.33       721337.33      1407817.67
1980-1984       19            696171.83       732277.33      1428449.17
1980-1984       20            696770.00       732888.33      1429658.33
1980-1984       21            685391.83       721511.17      1406903.00
1980-1984       22            667614.33       703132.00      1370746.33
1980-1984       23            651189.00       686090.17      1337279.17
1980-1984       24            638339.83       673903.00      1312242.83
1980-1984       25            630473.17       666435.33      1296908.50
1980-1984       26            629070.67       663715.00      1292785.67
1980-1984       27            631564.17       664524.50      1296088.67
1980-1984       28            632563.83       664221.67      1296785.50
1980-1984       29            628412.67       657929.50      1286342.17
1980-1984       30            614016.50       640420.67      1254437.17
1980-1984       31            583778.67       607113.83      1190892.50
1980-1984       32            545516.50       565703.50      1111220.00
1980-1984       33            496395.83       512620.17      1009016.00
1980-1984       34            443911.33       455110.67       899022.00
1980-1984       35            422842.00       429668.17       852510.17
1980-1984       36            435876.83       440334.50       876211.33
1980-1984       37            457749.33       460297.67       918047.00
1980-1984       38            503293.50       504281.17      1007574.67
1980-1984       39            571514.67       572558.83      1144073.50
1980-1984       40            620463.17       622317.83      1242781.00
1980-1984       41            644409.33       646063.67      1290473.00
1980-1984       42            658903.67       660670.83      1319574.50
1980-1984       43            658265.50       659515.00      1317780.50
1980-1984       44            641432.83       641480.83      1282913.67
1980-1984       45            619631.50       618860.17      1238491.67
1980-1984       46            589560.50       587923.83      1177484.33
1980-1984       47            558264.67       555453.67      1113718.33
1980-1984       48            532668.00       529304.67      1061972.67
1980-1984       49            513168.83       507069.83      1020238.67
1980-1984       50            500306.83       488157.50       988464.33
1980-1984       51            500506.67       478435.17       978941.83
1980-1984       52            508400.67       469586.00       977986.67
1980-1984       53            512686.50       448258.83       960945.33
1980-1984       54            512517.17       418090.67       930607.83
1980-1984       55            507004.00       382090.00       889094.00
1980-1984       56            499363.33       346132.33       845495.67
1980-1984       57            498560.33       321363.00       819923.33
1980-1984       58            508377.00       311890.83       820267.83
1980-1984       59            523712.67       310428.67       834141.33
1980-1984       60            526092.17       305600.00       831692.17
1980-1984       61            495645.50       286100.17       781745.67
1980-1984       62            443436.00       254244.00       697680.00
1980-1984       63            385658.00       219059.33       604717.33
1980-1984       64            337323.67       189799.17       527122.83
1980-1984       65            328637.50       182524.17       511161.67
1980-1984       66            366522.67       201137.00       567659.67
1980-1984       67            422819.50       230875.00       653694.50
1980-1984       68            472857.83       256956.50       729814.33
1980-1984       69            505283.17       273356.00       778639.17
1980-1984       70            516694.33       279390.17       796084.50
1980-1984       71            512575.33       276811.50       789386.83
1980-1984       72            500971.50       269453.50       770425.00
1980-1984       73            487019.67       261225.83       748245.50
1980-1984       74            467936.00       251847.50       719783.50
1980-1984       75            441347.17       239334.50       680681.67
1980-1984       76            411344.00       223469.17       634813.17
1980-1984       77            381074.67       205759.33       586834.00
1980-1984       78            350980.50       186640.17       537620.67
1980-1984       79            319455.17       165356.17       484811.33
1980-1984       80            286278.09       142416.13       428694.21
1980-1984       81            254086.53       120556.70       374643.24
1980-1984       82            221709.88        99639.65       321349.53
1980-1984       83            189444.99        80662.24       270107.22
1980-1984       84            159162.91        64483.03       223645.93
1980-1984       85            131761.54        50826.85       182588.39
1980-1984       86            106784.75        39546.34       146331.09
1980-1984       87             84336.67        30294.00       114630.67
1980-1984       88             65209.79        23066.17        88275.96
1980-1984       89             49351.31        17377.50        66728.81
1980-1984       90             36502.70        12832.78        49335.48
1980-1984       91             26292.71         9342.54        35635.25
1980-1984       92             18595.92         6643.16        25239.07
1980-1984       93             12553.89         4496.27        17050.15
1980-1984       94              8250.58         2907.61        11158.19
1980-1984       95              5241.14         1842.75         7083.89
1980-1984       96              3251.39         1131.66         4383.04
1980-1984       97              1972.84          702.98         2675.82
1980-1984       98              1178.46          427.87         1606.34
1980-1984       99               694.28          273.92          968.20
1980-1984      100               369.50          148.62          518.12
1980-1984      101               199.20           81.87          281.07
1980-1984      102               105.11           43.31          148.42
1980-1984      103                52.54           21.71           74.25
1980-1984      104                24.30            9.98           34.28
1980-1984      105                 9.90            3.57           13.48
1980-1984      106                 2.93            0.45            3.38
1980-1984      107                 0.16            0.00            0.16
1980-1984      108                 0.00            0.00            0.00
1980-1984      109                 0.00            0.00            0.00
1980-1984      110+                0.00            0.00            0.00
1985-1989        0            533814.50       562629.83      1096444.33
1985-1989        1            542744.50       571231.67      1113976.17
1985-1989        2            549148.50       577956.17      1127104.67
1985-1989        3            554292.67       582859.33      1137152.00
1985-1989        4            560714.50       588239.67      1148954.17
1985-1989        5            565175.83       591880.67      1157056.50
1985-1989        6            564921.50       591693.50      1156615.00
1985-1989        7            559482.17       586652.83      1146135.00
1985-1989        8            544566.17       571622.83      1116189.00
1985-1989        9            518252.83       545167.00      1063419.83
1985-1989       10            489244.50       514715.17      1003959.67
1985-1989       11            463571.17       486914.67       950485.83
1985-1989       12            446210.17       468258.67       914468.83
1985-1989       13            450389.67       472968.33       923358.00
1985-1989       14            473402.67       496927.50       970330.17
1985-1989       15            500426.50       525074.83      1025501.33
1985-1989       16            529172.50       556098.83      1085271.33
1985-1989       17            556351.17       585049.50      1141400.67
1985-1989       18            579813.67       609523.17      1189336.83
1985-1989       19            601162.17       632477.83      1233640.00
1985-1989       20            623590.50       656133.00      1279723.50
1985-1989       21            647472.33       680979.50      1328451.83
1985-1989       22            667671.50       704067.33      1371738.83
1985-1989       23            681705.83       721733.33      1403439.17
1985-1989       24            688361.83       729522.17      1417884.00
1985-1989       25            686266.00       727020.67      1413286.67
1985-1989       26            674256.67       713086.33      1387343.00
1985-1989       27            656460.00       692116.67      1348576.67
1985-1989       28            640079.17       672987.33      1313066.50
1985-1989       29            628794.50       659728.83      1288523.33
1985-1989       30            621381.67       651594.50      1272976.17
1985-1989       31            619520.00       649067.50      1268587.50
1985-1989       32            622022.50       650676.50      1272699.00
1985-1989       33            622803.17       651221.50      1274024.67
1985-1989       34            619178.33       646600.67      1265779.00
1985-1989       35            604513.33       629828.83      1234342.17
1985-1989       36            574151.17       596683.83      1170835.00
1985-1989       37            535573.50       554720.50      1090294.00
1985-1989       38            486980.83       502210.67       989191.50
1985-1989       39            435493.83       445788.67       881282.50
1985-1989       40            414904.83       420923.33       835828.17
1985-1989       41            427997.33       430818.67       858816.00
1985-1989       42            449603.00       450107.00       899710.00
1985-1989       43            494535.83       492547.33       987083.17
1985-1989       44            561655.33       559048.50      1120703.83
1985-1989       45            609478.67       607031.00      1216509.67
1985-1989       46            633002.50       629585.67      1262588.17
1985-1989       47            647419.17       643477.83      1290897.00
1985-1989       48            646151.00       641314.00      1287465.00
1985-1989       49            629203.50       622462.00      1251665.50
1985-1989       50            607387.83       599240.33      1206628.17
1985-1989       51            577763.00       567731.83      1145494.83
1985-1989       52            546094.67       534571.00      1080665.67
1985-1989       53            520112.67       507181.50      1027294.17
1985-1989       54            500208.67       484087.67       984296.33
1985-1989       55            486373.50       463552.83       949926.33
1985-1989       56            485567.50       451584.00       937151.50
1985-1989       57            492247.33       441133.50       933380.83
1985-1989       58            494948.67       418867.33       913816.00
1985-1989       59            493496.17       388695.00       882191.17
1985-1989       60            485929.00       353128.50       839057.50
1985-1989       61            475713.17       317506.17       793219.33
1985-1989       62            472150.50       292277.33       764427.83
1985-1989       63            478103.83       281120.67       759224.50
1985-1989       64            488927.50       277108.00       766035.50
1985-1989       65            487192.50       269566.33       756758.83
1985-1989       66            455727.00       248605.50       704332.50
1985-1989       67            404773.83       217463.00       622236.83
1985-1989       68            349114.50       184066.17       533180.67
1985-1989       69            302405.67       156623.17       459028.83
1985-1989       70            291506.17       147879.50       439385.67
1985-1989       71            321225.67       159811.83       481037.50
1985-1989       72            365512.50       179745.50       545258.00
1985-1989       73            402271.17       195563.67       597834.83
1985-1989       74            422184.00       202768.50       624952.50
1985-1989       75            422270.17       200972.50       623242.67
1985-1989       76            407925.67       192017.33       599943.00
1985-1989       77            386554.67       179927.33       566482.00
1985-1989       78            363718.50       167246.17       530964.67
1985-1989       79            336669.67       153838.17       490507.83
1985-1989       80            305477.08       139418.02       444895.10
1985-1989       81            271414.80       123237.88       394652.69
1985-1989       82            238578.81       106844.17       345422.98
1985-1989       83            207259.49        90691.77       297951.26
1985-1989       84            176907.15        74728.08       251635.23
1985-1989       85            148247.09        59789.13       208036.21
1985-1989       86            121733.87        46741.20       168475.07
1985-1989       87             97409.55        35599.82       133009.37
1985-1989       88             75894.82        26168.40       102063.23
1985-1989       89             58021.91        18852.86        76874.77
1985-1989       90             43508.88        13317.35        56826.23
1985-1989       91             31700.25         9218.01        40918.26
1985-1989       92             22465.33         6297.67        28763.00
1985-1989       93             15279.46         4265.83        19545.29
1985-1989       94             10031.14         2832.33        12863.48
1985-1989       95              6459.37         1875.44         8334.81
1985-1989       96              4088.88         1224.71         5313.58
1985-1989       97              2539.92          752.82         3292.74
1985-1989       98              1532.05          433.10         1965.15
1985-1989       99               850.91          242.61         1093.52
1985-1989      100               444.26          127.60          571.86
1985-1989      101               237.38           68.09          305.47
1985-1989      102               122.41           35.68          158.09
1985-1989      103                62.11           17.37           79.48
1985-1989      104                29.72            6.72           36.44
1985-1989      105                11.99            1.63           13.62
1985-1989      106                 4.61            0.05            4.66
1985-1989      107                 1.42            0.00            1.42
1985-1989      108                 0.50            0.00            0.50
1985-1989      109                 0.00            0.00            0.00
1985-1989      110+                0.00            0.00            0.00
1990-1994        0            289259.50       305057.50       594317.00
1990-1994        1            345004.83       363378.00       708382.83
1990-1994        2            404892.17       426247.67       831139.83
1990-1994        3            458192.17       482319.33       940511.50
1990-1994        4            490633.83       516767.17      1007401.00
1990-1994        5            504689.67       531856.83      1036546.50
1990-1994        6            513410.33       540399.33      1053809.67
1990-1994        7            518923.50       545503.50      1064427.00
1990-1994        8            523503.67       549977.33      1073481.00
1990-1994        9            529701.50       555787.17      1085488.67
1990-1994       10            534116.33       559866.00      1093982.33
1990-1994       11            534419.00       560668.33      1095087.33
1990-1994       12            529937.17       556130.67      1086067.83
1990-1994       13            516046.33       541964.50      1058010.83
1990-1994       14            492215.33       517857.67      1010073.00
1990-1994       15            466021.67       489943.00       955964.67
1990-1994       16            438626.67       461908.67       900535.33
1990-1994       17            415506.33       440396.17       855902.50
1990-1994       18            414779.33       444332.00       859111.33
1990-1994       19            426262.83       462680.00       888942.83
1990-1994       20            443126.67       483444.67       926571.33
1990-1994       21            466512.17       505676.00       972188.17
1990-1994       22            492519.50       529185.83      1021705.33
1990-1994       23            514861.17       548537.50      1063398.67
1990-1994       24            535253.00       568400.67      1103653.67
1990-1994       25            558472.33       592779.50      1151251.83
1990-1994       26            584901.17       619296.83      1204198.00
1990-1994       27            608615.83       643129.50      1251745.33
1990-1994       28            627097.17       661595.17      1288692.33
1990-1994       29            637393.67       671481.33      1308875.00
1990-1994       30            639306.50       673010.00      1312316.50
1990-1994       31            631329.67       664061.33      1295391.00
1990-1994       32            617040.17       648898.83      1265939.00
1990-1994       33            603386.33       634698.33      1238084.67
1990-1994       34            593448.83       624300.83      1217749.67
1990-1994       35            587532.83       617940.00      1205472.83
1990-1994       36            586444.50       615686.33      1202130.83
1990-1994       37            589381.67       616759.67      1206141.33
1990-1994       38            590247.50       617409.67      1207657.17
1990-1994       39            586596.00       612607.17      1199203.17
1990-1994       40            572781.00       596349.00      1169130.00
1990-1994       41            544395.83       566072.17      1110468.00
1990-1994       42            508542.00       527037.17      1035579.17
1990-1994       43            463318.50       478043.83       941362.33
1990-1994       44            414029.00       424153.33       838182.33
1990-1994       45            396069.50       401318.17       797387.67
1990-1994       46            408862.50       410736.67       819599.17
1990-1994       47            429275.00       427656.00       856931.00
1990-1994       48            473406.83       468919.83       942326.67
1990-1994       49            537846.33       531171.00      1069017.33
1990-1994       50            585591.33       577113.83      1162705.17
1990-1994       51            609055.33       598561.33      1207616.67
1990-1994       52            623857.17       611429.17      1235286.33
1990-1994       53            623077.00       608413.17      1231490.17
1990-1994       54            607344.17       589304.67      1196648.83
1990-1994       55            586407.33       565842.50      1152249.83
1990-1994       56            556163.50       532997.17      1089160.67
1990-1994       57            525226.67       499406.67      1024633.33
1990-1994       58            499208.00       471176.00       970384.00
1990-1994       59            478953.83       446603.83       925557.67
1990-1994       60            464158.33       424043.67       888202.00
1990-1994       61            461472.00       410149.33       871621.33
1990-1994       62            465337.00       397453.50       862790.50
1990-1994       63            465722.83       374712.67       840435.50
1990-1994       64            461609.50       344742.33       806351.83
1990-1994       65            451623.33       310206.17       761829.50
1990-1994       66            439461.17       275926.50       715387.67
1990-1994       67            433670.00       250997.33       684667.33
1990-1994       68            436039.67       238028.17       674067.83
1990-1994       69            441657.00       230552.33       672209.33
1990-1994       70            435960.17       220514.33       656474.50
1990-1994       71            401743.33       199334.83       601078.17
1990-1994       72            353048.67       171347.50       524396.17
1990-1994       73            300396.67       141893.50       442290.17
1990-1994       74            255852.83       117702.17       373555.00
1990-1994       75            241934.17       108288.33       350222.50
1990-1994       76            260403.00       113750.17       374153.17
1990-1994       77            289738.83       123899.83       413638.67
1990-1994       78            310708.83       130077.00       440785.83
1990-1994       79            316379.00       129416.00       445795.00
1990-1994       80            308596.69       123324.80       431921.48
1990-1994       81            285674.22       111895.36       397569.58
1990-1994       82            258479.07        99150.14       357629.21
1990-1994       83            231005.98        87017.24       318023.22
1990-1994       84            202316.97        75084.35       277401.32
1990-1994       85            171595.75        63154.04       234749.79
1990-1994       86            142495.97        51675.43       194171.40
1990-1994       87            116106.14        41272.39       157378.53
1990-1994       88             92479.83        32087.33       124567.16
1990-1994       89             72296.15        24138.99        96435.14
1990-1994       90             55182.92        17588.22        72771.14
1990-1994       91             40963.03        12477.97        53441.00
1990-1994       92             29600.72         8513.09        38113.81
1990-1994       93             20753.66         5559.03        26312.69
1990-1994       94             14185.24         3506.00        17691.24
1990-1994       95              9387.88         2188.50        11576.38
1990-1994       96              5997.25         1358.17         7355.42
1990-1994       97              3659.17          837.00         4496.17
1990-1994       98              2248.96          531.50         2780.46
1990-1994       99              1346.64          352.67         1699.31
1990-1994      100               694.83          169.83          864.67
1990-1994      101               366.50           82.83          449.33
1990-1994      102               186.67           40.00          226.67
1990-1994      103                75.50           19.33           94.83
1990-1994      104                33.17            8.33           41.50
1990-1994      105                17.83            2.17           20.00
1990-1994      106                 9.17            1.83           11.00
1990-1994      107                 3.33            1.00            4.33
1990-1994      108                 3.50            0.17            3.67
1990-1994      109                 2.17            0.00            2.17
1990-1994      110+                0.50            0.00            0.50
1995-1999        0            230462.17       242816.50       473278.67
1995-1999        1            219966.00       232156.67       452122.67
1995-1999        2            213845.50       225909.50       439755.00
1995-1999        3            215988.00       227869.83       443857.83
1995-1999        4            242228.33       255134.83       497363.17
1995-1999        5            290234.83       305650.00       595884.83
1995-1999        6            344618.17       363049.83       707668.00
1995-1999        7            401641.83       423113.67       824755.50
1995-1999        8            453283.83       477478.83       930762.67
1995-1999        9            484600.33       510781.00       995381.33
1995-1999       10            498012.00       524884.67      1022896.67
1995-1999       11            506370.83       532990.17      1039361.00
1995-1999       12            511525.00       537790.33      1049315.33
1995-1999       13            516276.33       542041.50      1058317.83
1995-1999       14            522554.33       547600.33      1070154.67
1995-1999       15            527324.17       552308.67      1079632.83
1995-1999       16            525238.17       552724.00      1077962.17
1995-1999       17            514627.67       547078.33      1061706.00
1995-1999       18            492485.67       531703.50      1024189.17
1995-1999       19            458073.83       506205.50       964279.33
1995-1999       20            423458.83       477790.00       901248.83
1995-1999       21            394876.00       452555.17       847431.17
1995-1999       22            375127.50       436282.17       811409.67
1995-1999       23            376339.17       441051.00       817390.17
1995-1999       24            395540.50       462314.00       857854.50
1995-1999       25            420734.50       487653.00       908387.50
1995-1999       26            449302.50       515064.17       964366.67
1995-1999       27            478244.33       541033.83      1019278.17
1995-1999       28            503244.50       560649.17      1063893.67
1995-1999       29            526614.17       579458.50      1106072.67
1995-1999       30            553145.00       603792.00      1156937.00
1995-1999       31            580945.33       630114.67      1211060.00
1995-1999       32            605611.50       654468.33      1260079.83
1995-1999       33            624064.50       672483.83      1296548.33
1995-1999       34            634211.83       681447.00      1315658.83
1995-1999       35            635729.83       681501.17      1317231.00
1995-1999       36            627092.33       671129.33      1298221.67
1995-1999       37            612289.67       654004.33      1266294.00
1995-1999       38            598083.83       637305.50      1235389.33
1995-1999       39            587467.17       624904.83      1212372.00
1995-1999       40            580567.83       616286.67      1196854.50
1995-1999       41            578310.33       612225.17      1190535.50
1995-1999       42            580210.67       612155.00      1192365.67
1995-1999       43            580404.67       611149.33      1191554.00
1995-1999       44            576450.83       604813.50      1181264.33
1995-1999       45            562644.00       588102.83      1150746.83
1995-1999       46            535168.67       557753.83      1092922.50
1995-1999       47            500062.83       519004.00      1019066.83
1995-1999       48            455285.17       469710.00       924995.17
1995-1999       49            407334.67       416875.17       824209.83
1995-1999       50            387764.83       392062.50       779827.33
1995-1999       51            399693.17       399405.00       799098.17
1995-1999       52            419740.33       415140.50       834880.83
1995-1999       53            461857.83       452479.67       914337.50
1995-1999       54            525184.50       511588.50      1036773.00
1995-1999       55            571258.17       553746.17      1125004.33
1995-1999       56            594354.17       572364.83      1166719.00
1995-1999       57            608370.67       582016.83      1190387.50
1995-1999       58            607125.67       576390.67      1183516.33
1995-1999       59            590486.50       554716.83      1145203.33
1995-1999       60            568348.67       528719.67      1097068.33
1995-1999       61            537900.33       494901.17      1032801.50
1995-1999       62            505326.00       459143.33       964469.33
1995-1999       63            478058.33       429198.50       907256.83
1995-1999       64            456418.67       402660.17       859078.83
1995-1999       65            440226.67       378430.33       818657.00
1995-1999       66            435462.33       362264.00       797726.33
1995-1999       67            437089.83       347719.67       784809.50
1995-1999       68            434669.83       324178.83       758848.67
1995-1999       69            427673.83       294877.00       722550.83
1995-1999       70            415061.17       262424.67       677485.83
1995-1999       71            400557.67       230397.00       630954.67
1995-1999       72            390899.33       206140.00       597039.33
1995-1999       73            387974.17       191753.33       579727.50
1995-1999       74            386967.00       181677.33       568644.33
1995-1999       75            375623.83       169395.00       545018.83
1995-1999       76            341754.33       149804.67       491559.00
1995-1999       77            294129.33       125165.83       419295.17
1995-1999       78            244419.67       100724.17       345143.83
1995-1999       79            202786.17        80668.17       283454.33
1995-1999       80            188914.35        72002.57       260916.92
1995-1999       81            196611.44        72198.56       268810.00
1995-1999       82            210733.09        74873.23       285606.33
1995-1999       83            217293.66        74664.11       291957.76
1995-1999       84            211494.31        70234.03       281728.34
1995-1999       85            194081.69        62469.61       256551.29
1995-1999       86            169882.39        53135.84       223018.23
1995-1999       87            144433.73        43683.63       188117.36
1995-1999       88            120305.65        35313.56       155619.21
1995-1999       89             97335.64        28067.50       125403.14
1995-1999       90             75889.58        21455.87        97345.45
1995-1999       91             57701.47        15890.08        73591.55
1995-1999       92             42607.14        11423.05        54030.19
1995-1999       93             30555.66         7946.49        38502.14
1995-1999       94             21353.48         5235.65        26589.13
1995-1999       95             14606.09         3343.04        17949.13
1995-1999       96              9649.70         2114.13        11763.83
1995-1999       97              6167.05         1263.93         7430.98
1995-1999       98              3854.99          732.53         4587.52
1995-1999       99              2326.07          418.00         2744.07
1995-1999      100              1333.04          222.67         1555.71
1995-1999      101               727.75          124.50          852.25
1995-1999      102               384.67           66.83          451.50
1995-1999      103               194.63           35.83          230.46
1995-1999      104                88.31           21.33          109.64
1995-1999      105                40.00            9.67           49.67
1995-1999      106                21.00            4.67           25.67
1995-1999      107                12.00            3.50           15.50
1995-1999      108                 4.00            2.00            6.00
1995-1999      109                 0.83            0.17            1.00
1995-1999      110+                1.17            0.00            1.17
2000-2004        0            263187.50       276993.83       540181.33
2000-2004        1            261215.67       275138.83       536354.50
2000-2004        2            258259.50       272120.17       530379.67
2000-2004        3            253079.00       266409.33       519488.33
2000-2004        4            243595.50       256221.83       499817.33
2000-2004        5            231664.33       243699.17       475363.50
2000-2004        6            221229.00       232817.67       454046.67
2000-2004        7            214329.67       226161.83       440491.50
2000-2004        8            215963.50       227753.17       443716.67
2000-2004        9            241145.50       253738.00       494883.50
2000-2004       10            287100.67       302216.00       589316.67
2000-2004       11            339661.00       357613.50       697274.50
2000-2004       12            395022.67       416095.17       811117.83
2000-2004       13            445262.33       469088.33       914350.67
2000-2004       14            476130.50       501936.67       978067.17
2000-2004       15            489848.50       516496.33      1006344.83
2000-2004       16            497229.83       525024.00      1022253.83
2000-2004       17            498901.00       529729.83      1028630.83
2000-2004       18            494481.67       531290.67      1025772.33
2000-2004       19            487949.50       533656.00      1021605.50
2000-2004       20            477405.33       533385.83      1010791.17
2000-2004       21            465461.00       527613.83       993074.83
2000-2004       22            452341.17       517553.17       969894.33
2000-2004       23            434365.67       500210.33       934576.00
2000-2004       24            411606.33       475730.83       887337.17
2000-2004       25            388514.00       450603.50       839117.50
2000-2004       26            369658.17       428639.50       798297.67
2000-2004       27            358922.00       416052.00       774974.00
2000-2004       28            365211.00       422783.17       787994.17
2000-2004       29            386591.33       444561.33       831152.67
2000-2004       30            413574.33       470103.83       883678.17
2000-2004       31            443118.33       498049.83       941168.17
2000-2004       32            472547.83       524592.00       997139.83
2000-2004       33            497729.17       544521.00      1042250.17
2000-2004       34            521133.33       563833.17      1084966.50
2000-2004       35            547007.33       587726.17      1134733.50
2000-2004       36            574254.17       613798.00      1188052.17
2000-2004       37            598362.00       637493.00      1235855.00
2000-2004       38            615871.00       654305.33      1270176.33
2000-2004       39            625211.17       662625.00      1287836.17
2000-2004       40            625982.17       661863.50      1287845.67
2000-2004       41            616882.00       650929.00      1267811.00
2000-2004       42            601585.33       633918.33      1235503.67
2000-2004       43            587002.17       616940.33      1203942.50
2000-2004       44            576294.67       604134.50      1180429.17
2000-2004       45            569083.50       595099.00      1164182.50
2000-2004       46            566690.67       590079.33      1156770.00
2000-2004       47            568369.67       589178.33      1157548.00
2000-2004       48            568676.83       587845.67      1156522.50
2000-2004       49            564941.00       581792.50      1146733.50
2000-2004       50            552160.33       565723.83      1117884.17
2000-2004       51            525440.67       536613.83      1062054.50
2000-2004       52            491294.00       499151.83       990445.83
2000-2004       53            447627.50       451714.83       899342.33
2000-2004       54            400646.50       400481.83       801128.33
2000-2004       55            381398.67       375938.83       757337.50
2000-2004       56            392825.33       382566.83       775392.17
2000-2004       57            412022.83       396911.17       808934.00
2000-2004       58            452916.17       431919.83       884836.00
2000-2004       59            514672.50       487218.50      1001891.00
2000-2004       60            559301.83       525608.50      1084910.33
2000-2004       61            581283.50       541048.50      1122332.00
2000-2004       62            593793.33       547418.83      1141212.17
2000-2004       63            590965.00       538826.00      1129791.00
2000-2004       64            572559.67       514981.33      1087541.00
2000-2004       65            548760.67       486822.34      1035583.00
2000-2004       66            516941.17       451615.17       968556.33
2000-2004       67            483092.33       414859.67       897952.00
2000-2004       68            454279.83       383229.17       837509.00
2000-2004       69            430609.17       354606.50       785215.67
2000-2004       70            412368.50       328589.50       740958.00
2000-2004       71            404726.67       310178.83       714905.50
2000-2004       72            402814.83       293706.33       696521.17
2000-2004       73            396884.00       270414.33       667298.33
2000-2004       74            386322.00       242501.83       628823.83
2000-2004       75            370407.67       212126.50       582534.17
2000-2004       76            352506.33       182767.17       535273.50
2000-2004       77            338480.00       159825.67       498305.67
2000-2004       78            329599.50       144412.17       474011.67
2000-2004       79            321597.33       132466.33       454063.67
2000-2004       80            307888.99       120388.99       428277.98
2000-2004       81            273191.58       102784.56       375976.14
2000-2004       82            228187.43        82787.21       310974.64
2000-2004       83            183073.11        63544.72       246617.83
2000-2004       84            145488.84        48156.16       193645.00
2000-2004       85            126717.14        39797.69       166514.83
2000-2004       86            125165.90        37319.02       162484.92
2000-2004       87            127091.55        36387.36       163478.91
2000-2004       88            123172.61        33755.39       156928.01
2000-2004       89            112112.42        29299.14       141411.56
2000-2004       90             95345.28        24030.73       119376.01
2000-2004       91             76431.14        18576.46        95007.61
2000-2004       92             59176.18        13825.76        73001.94
2000-2004       93             44672.94         9988.70        54661.63
2000-2004       94             32576.77         7027.15        39603.92
2000-2004       95             22749.22         4677.85        27427.07
2000-2004       96             15278.44         3024.07        18302.51
2000-2004       97              9838.12         1893.04        11731.16
2000-2004       98              6202.81         1108.49         7311.30
2000-2004       99              3806.63          629.98         4436.62
2000-2004      100              2290.07          345.38         2635.45
2000-2004      101              1302.70          177.80         1480.49
2000-2004      102               708.55           91.93          800.47
2000-2004      103               390.66           44.70          435.35
2000-2004      104               199.07           18.00          217.07
2000-2004      105                97.38            9.83          107.21
2000-2004      106                39.08            3.67           42.75
2000-2004      107                15.00            1.67           16.67
2000-2004      108                 8.46            3.00           11.46
2000-2004      109                 1.64            3.83            5.48
2000-2004      110+                0.00            5.83            5.83
2005-2009        0            270132.00       284548.67       554680.67
2005-2009        1            267946.17       282312.67       550258.83
2005-2009        2            264668.50       278775.33       543443.83
2005-2009        3            262805.00       276429.17       539234.17
2005-2009        4            262678.67       276307.83       538986.50
2005-2009        5            261372.17       275312.67       536684.83
2005-2009        6            258388.50       272407.00       530795.50
2005-2009        7            255089.00       268739.83       523828.83
2005-2009        8            250147.00       263229.00       513376.00
2005-2009        9            240864.17       253478.67       494342.83
2005-2009       10            229168.17       240950.67       470118.83
2005-2009       11            218726.83       230298.33       449025.17
2005-2009       12            212009.17       223530.17       435539.33
2005-2009       13            213404.83       224863.83       438268.67
2005-2009       14            237882.00       250139.00       488021.00
2005-2009       15            283057.67       297858.50       580916.17
2005-2009       16            334365.00       352503.83       686868.83
2005-2009       17            387111.67       409247.00       796358.67
2005-2009       18            430077.33       458814.17       888891.50
2005-2009       19            448377.00       486843.50       935220.50
2005-2009       20            448937.33       494603.67       943541.00
2005-2009       21            446644.00       495903.17       942547.17
2005-2009       22            442393.50       495497.17       937890.67
2005-2009       23            437832.33       493865.33       931697.67
2005-2009       24            435019.17       492824.50       927843.67
2005-2009       25            430554.50       490493.83       921048.33
2005-2009       26            423889.33       484794.00       908683.33
2005-2009       27            416597.33       475882.33       892479.67
2005-2009       28            405719.33       461999.33       867718.67
2005-2009       29            388990.00       442645.67       831635.67
2005-2009       30            371647.33       422218.00       793865.33
2005-2009       31            358043.67       405479.17       763522.83
2005-2009       32            350546.67       396529.50       747076.17
2005-2009       33            358775.33       405399.00       764174.33
2005-2009       34            380665.67       427943.67       808609.33
2005-2009       35            407143.17       453185.67       860328.83
2005-2009       36            435959.33       480822.33       916781.67
2005-2009       37            464550.00       506729.67       971279.67
2005-2009       38            488795.00       526551.00      1015346.00
2005-2009       39            511533.83       545799.83      1057333.67
2005-2009       40            536943.83       569621.50      1106565.33
2005-2009       41            563423.67       594978.17      1158401.83
2005-2009       42            586644.83       617603.00      1204247.83
2005-2009       43            603579.00       633911.00      1237490.00
2005-2009       44            612295.50       641718.33      1254013.83
2005-2009       45            612539.33       640536.67      1253076.00
2005-2009       46            603261.33       629618.17      1232879.50
2005-2009       47            588373.50       612432.33      1200805.83
2005-2009       48            574228.00       595394.17      1169622.17
2005-2009       49            563728.00       582308.67      1146036.67
2005-2009       50            556927.50       572968.33      1129895.83
2005-2009       51            554695.17       567567.00      1122262.17
2005-2009       52            556687.50       566290.33      1122977.83
2005-2009       53            557635.83       564370.34      1122006.17
2005-2009       54            554263.33       557990.17      1112253.50
2005-2009       55            541718.33       542181.17      1083899.50
2005-2009       56            515778.67       513620.84      1029399.50
2005-2009       57            482550.00       477161.17       959711.17
2005-2009       58            439742.67       431156.67       870899.33
2005-2009       59            393453.67       381414.00       774867.67
2005-2009       60            374273.67       357391.17       731664.83
2005-2009       61            384983.17       362630.17       747613.33
2005-2009       62            403236.33       375323.83       778560.17
2005-2009       63            442476.83       407141.16       849618.00
2005-2009       64            501808.00       457523.17       959331.16
2005-2009       65            543686.33       490929.67      1034616.00
2005-2009       66            562868.67       502057.83      1064926.50
2005-2009       67            572579.17       504090.67      1076669.83
2005-2009       68            567268.33       491837.00      1059105.33
2005-2009       69            546673.17       465148.83      1011822.00
2005-2009       70            520543.17       434607.84       955151.00
2005-2009       71            486695.67       397925.67       884621.34
2005-2009       72            451037.33       360531.34       811568.67
2005-2009       73            420223.83       328133.17       748357.00
2005-2009       74            394274.17       298607.00       692881.17
2005-2009       75            373273.83       271521.17       644795.00
2005-2009       76            361843.83       251275.33       613119.17
2005-2009       77            354940.50       233132.34       588072.83
2005-2009       78            344335.17       210112.67       554447.84
2005-2009       79            329302.33       184033.84       513336.17
2005-2009       80            308698.50       156770.01       465468.51
2005-2009       81            286637.46       131123.32       417760.78
2005-2009       82            267733.50       110629.43       378362.93
2005-2009       83            252457.59        96038.83       348496.42
2005-2009       84            237678.60        84086.57       321765.18
2005-2009       85            216047.79        72040.97       288088.76
2005-2009       86            182674.04        58056.04       240730.08
2005-2009       87            144610.09        43872.92       188483.00
2005-2009       88            108933.51        31316.68       140250.18
2005-2009       89             80559.33        21841.22       102400.55
2005-2009       90             64743.54        16318.52        81062.06
2005-2009       91             58781.47        13812.22        72593.69
2005-2009       92             54547.58        12105.40        66652.98
2005-2009       93             47782.93        10119.76        57902.69
2005-2009       94             39164.41         7882.19        47046.59
2005-2009       95             29681.17         5697.31        35378.48
2005-2009       96             21129.26         3826.11        24955.38
2005-2009       97             14484.87         2474.95        16959.82
2005-2009       98              9561.04         1548.75        11109.79
2005-2009       99              6027.09          902.08         6929.17
2005-2009      100              3628.91          488.96         4117.87
2005-2009      101              2059.01          261.87         2320.88
2005-2009      102              1126.71          140.18         1266.89
2005-2009      103               622.26           76.81          699.07
2005-2009      104               322.11           40.31          362.41
2005-2009      105               157.06           22.54          179.59
2005-2009      106                81.52            8.80           90.31
2005-2009      107                34.88            2.59           37.47
2005-2009      108                14.98            0.20           15.17
2005-2009      109                 4.93            0.00            4.93
2005-2009      110+                0.71            0.00            0.71
2010-2014        0            280270.34       294218.01       574488.34
2010-2014        1            280990.17       294558.50       575548.67
2010-2014        2            280940.00       294747.67       575687.67
2010-2014        3            278633.50       293031.00       571664.50
2010-2014        4            274960.83       289386.67       564347.50
2010-2014        5            271513.67       285883.17       557396.83
2010-2014        6            267629.50       282370.17       549999.67
2010-2014        7            263454.67       277658.00       541112.67
2010-2014        8            261321.00       275026.83       536347.83
2010-2014        9            261199.50       274967.33       536166.83
2010-2014       10            259587.33       273835.33       533422.67
2010-2014       11            256735.50       270700.00       527435.50
2010-2014       12            253604.00       267236.17       520840.17
2010-2014       13            248944.50       261677.17       510621.67
2010-2014       14            239820.17       252074.67       491894.83
2010-2014       15            228598.83       240127.50       468726.33
2010-2014       16            218509.17       230406.33       448915.50
2010-2014       17            211527.17       223545.17       435072.33
2010-2014       18            213256.17       226276.17       439532.33
2010-2014       19            239872.33       254140.00       494012.33
2010-2014       20            285706.33       302677.67       588384.00
2010-2014       21            331349.83       354194.17       685544.00
2010-2014       22            373457.33       404158.33       777615.67
2010-2014       23            409181.00       446376.67       855557.67
2010-2014       24            426595.17       468249.00       894844.17
2010-2014       25            427768.17       472399.83       900168.00
2010-2014       26            425371.17       471372.33       896743.50
2010-2014       27            421671.83       469048.17       890720.00
2010-2014       28            419046.83       467493.33       886540.17
2010-2014       29            418026.33       467042.17       885068.50
2010-2014       30            416861.17       466237.50       883098.67
2010-2014       31            414018.17       463623.67       877641.83
2010-2014       32            409718.67       458237.50       867956.17
2010-2014       33            400779.67       447280.67       848060.33
2010-2014       34            386020.33       430541.17       816561.50
2010-2014       35            369960.33       412882.17       782842.50
2010-2014       36            356519.67       397598.00       754117.67
2010-2014       37            349125.33       389364.67       738490.00
2010-2014       38            356761.50       398221.84       754983.34
2010-2014       39            377486.50       419805.50       797292.00
2010-2014       40            402962.50       444557.83       847520.33
2010-2014       41            430861.33       471189.17       902050.50
2010-2014       42            458463.17       496564.83       955028.00
2010-2014       43            482028.67       515676.83       997705.50
2010-2014       44            504065.83       534050.34      1038116.17
2010-2014       45            528753.33       556568.17      1085321.50
2010-2014       46            554495.33       580553.00      1135048.33
2010-2014       47            577019.34       601733.83      1178753.17
2010-2014       48            593405.83       616966.00      1210371.83
2010-2014       49            601682.33       623582.50      1225264.84
2010-2014       50            601632.17       621387.50      1223019.67
2010-2014       51            592712.17       609951.67      1202663.83
2010-2014       52            578084.67       592084.00      1170168.67
2010-2014       53            564045.33       574912.83      1138958.17
2010-2014       54            553627.83       561064.67      1114692.50
2010-2014       55            546977.50       550660.00      1097637.50
2010-2014       56            544490.17       544245.67      1088735.83
2010-2014       57            546311.67       541763.50      1088075.17
2010-2014       58            547140.00       538496.83      1085636.83
2010-2014       59            543353.00       530835.00      1074188.00
2010-2014       60            530818.33       514606.50      1045424.83
2010-2014       61            505206.50       486353.33       991559.83
2010-2014       62            472116.00       450637.00       922753.00
2010-2014       63            429841.50       405917.50       835759.00
2010-2014       64            383835.83       358133.17       741969.00
2010-2014       65            364299.67       334655.17       698954.83
2010-2014       66            373687.00       338225.33       711912.33
2010-2014       67            390270.33       348188.17       738458.50
2010-2014       68            426651.83       375107.83       801759.66
2010-2014       69            481296.17       418216.83       899512.99
2010-2014       70            518858.67       444791.33       963650.00
2010-2014       71            534038.67       450692.50       984731.17
2010-2014       72            540025.83       447569.66       987595.50
2010-2014       73            531333.33       431489.00       962822.33
2010-2014       74            507589.67       402302.17       909891.84
2010-2014       75            478451.33       369817.00       848268.34
2010-2014       76            441821.34       332423.50       774244.84
2010-2014       77            403719.67       294876.67       698596.34
2010-2014       78            369894.84       262207.67       632102.51
2010-2014       79            340509.34       232120.50       572629.83
2010-2014       80            315771.33       204856.51       520627.84
2010-2014       81            298966.66       183646.67       482613.33
2010-2014       82            285423.00       164957.17       450380.17
2010-2014       83            268317.00       143155.84       411472.84
2010-2014       84            247571.06       120061.16       367632.22
2010-2014       85            222721.99        97700.79       320422.78
2010-2014       86            196997.10        77410.44       274407.54
2010-2014       87            174127.30        61391.93       235519.22
2010-2014       88            154326.86        49738.59       204065.45
2010-2014       89            135271.52        40293.52       175565.03
2010-2014       90            113839.88        31673.55       145513.43
2010-2014       91             88578.44        23338.20       111916.63
2010-2014       92             64062.40        15833.51        79895.91
2010-2014       93             43689.32        10065.99        53755.31
2010-2014       94             28819.06         6189.16        35008.22
2010-2014       95             20463.55         4013.64        24477.20
2010-2014       96             16418.75         2943.75        19362.50
2010-2014       97             13275.20         2241.46        15516.66
2010-2014       98             10171.12         1595.56        11766.67
2010-2014       99              7245.87         1084.22         8330.09
2010-2014      100              4722.43          655.75         5378.18
2010-2014      101              2844.19          349.28         3193.46
2010-2014      102              1610.24          172.17         1782.41
2010-2014      103               870.18           88.86          959.03
2010-2014      104               443.62           44.36          487.99
2010-2014      105               230.84           21.45          252.29
2010-2014      106               107.47           12.36          119.83
2010-2014      107                42.19            7.18           49.37
2010-2014      108                15.79            3.16           18.95
2010-2014      109                 5.02            1.10            6.12
2010-2014      110+                0.69            0.08            0.77
