Ireland, Exposure to risk (period 1x5)     Last modified: 20-Nov-2015, MPv5 (May07)

   Year      Age       Female          Male         Total
1950-1954      0       151328.19    158855.26    310183.45 
1950-1954      1       150006.74    156878.91    306885.65 
1950-1954      2       149867.41    156917.85    306785.27 
1950-1954      3       149764.84    157120.68    306885.52 
1950-1954      4       149293.28    156646.20    305939.48 
1950-1954      5       147429.37    154634.74    302064.12 
1950-1954      6       144499.30    151508.06    296007.37 
1950-1954      7       140735.55    147315.94    288051.49 
1950-1954      8       135909.79    142003.08    277912.87 
1950-1954      9       130829.28    136543.46    267372.74 
1950-1954     10       126769.80    132296.07    259065.87 
1950-1954     11       123577.18    128983.17    252560.36 
1950-1954     12       121115.69    126238.97    247354.66 
1950-1954     13       120179.79    124858.36    245038.14 
1950-1954     14       119736.29    124188.50    243924.79 
1950-1954     15       118256.21    123032.66    241288.87 
1950-1954     16       115960.18    121546.03    237506.21 
1950-1954     17       113079.40    119934.84    233014.24 
1950-1954     18       109019.76    117496.80    226516.57 
1950-1954     19       104524.62    114477.52    219002.14 
1950-1954     20       100676.17    111163.18    211839.35 
1950-1954     21        97390.76    107400.95    204791.70 
1950-1954     22        94787.26    103613.24    198400.50 
1950-1954     23        93405.81    100373.88    193779.68 
1950-1954     24        93093.57     97800.94    190894.51 
1950-1954     25        93385.28     96164.87    189550.15 
1950-1954     26        94172.20     95586.63    189758.84 
1950-1954     27        95247.28     95687.08    190934.36 
1950-1954     28        96292.39     96288.30    192580.70 
1950-1954     29        96941.03     96969.35    193910.38 
1950-1954     30        97074.95     97217.97    194292.92 
1950-1954     31        96419.82     96690.62    193110.45 
1950-1954     32        94794.39     95394.11    190188.49 
1950-1954     33        93468.54     94474.18    187942.72 
1950-1954     34        92999.14     94373.13    187372.27 
1950-1954     35        93246.13     94889.77    188135.90 
1950-1954     36        94182.14     96075.32    190257.46 
1950-1954     37        95769.78     98045.26    193815.04 
1950-1954     38        96888.90    100099.99    196988.89 
1950-1954     39        96613.83    101358.03    197971.86 
1950-1954     40        94793.81    100995.08    195788.89 
1950-1954     41        92001.29     99196.65    191197.94 
1950-1954     42        88737.54     96417.58    185155.12 
1950-1954     43        85330.76     92875.95    178206.71 
1950-1954     44        82793.36     89508.16    172301.52 
1950-1954     45        80969.42     86653.16    167622.58 
1950-1954     46        79588.98     84529.03    164118.02 
1950-1954     47        78559.23     82885.36    161444.58 
1950-1954     48        78107.92     81812.50    159920.42 
1950-1954     49        79185.88     82532.47    161718.35 
1950-1954     50        80117.38     83336.66    163454.05 
1950-1954     51        79718.31     82794.64    162512.95 
1950-1954     52        78947.41     81702.58    160649.99 
1950-1954     53        77527.79     79918.16    157445.95 
1950-1954     54        74364.12     76411.98    150776.10 
1950-1954     55        70702.29     72508.34    143210.64 
1950-1954     56        67865.03     69446.72    137311.75 
1950-1954     57        65343.26     66671.39    132014.65 
1950-1954     58        63286.49     64419.77    127706.27 
1950-1954     59        61756.66     62893.94    124650.60 
1950-1954     60        60588.48     61663.71    122252.19 
1950-1954     61        60130.94     60907.63    121038.57 
1950-1954     62        60210.78     60642.13    120852.91 
1950-1954     63        59807.91     59977.81    119785.72 
1950-1954     64        58772.44     58815.85    117588.29 
1950-1954     65        57111.43     57058.70    114170.13 
1950-1954     66        55142.15     55177.18    110319.33 
1950-1954     67        53544.46     53731.26    107275.71 
1950-1954     68        52522.73     52552.35    105075.08 
1950-1954     69        52223.45     51703.95    103927.40 
1950-1954     70        51941.83     50862.32    102804.14 
1950-1954     71        51281.81     49734.27    101016.08 
1950-1954     72        50113.15     48127.86     98241.01 
1950-1954     73        47816.29     45683.91     93500.20 
1950-1954     74        44830.86     42706.68     87537.54 
1950-1954     75        41300.85     39276.30     80577.15 
1950-1954     76        37401.06     35655.70     73056.75 
1950-1954     77        33631.14     32034.74     65665.88 
1950-1954     78        29931.31     28248.75     58180.06 
1950-1954     79        26414.93     24712.98     51127.91 
1950-1954     80        23972.93     22121.75     46094.68 
1950-1954     81        20661.31     18846.05     39507.36 
1950-1954     82        17740.07     15947.71     33687.78 
1950-1954     83        14763.41     13021.81     27785.22 
1950-1954     84        12031.38     10237.97     22269.35 
1950-1954     85         9559.44      7777.72     17337.16 
1950-1954     86         7489.11      5851.99     13341.10 
1950-1954     87         5831.35      4301.65     10133.00 
1950-1954     88         4573.77      3139.88      7713.65 
1950-1954     89         3563.28      2300.04      5863.33 
1950-1954     90         2670.09      1667.93      4338.01 
1950-1954     91         1998.85      1206.76      3205.61 
1950-1954     92         1516.47       891.08      2407.55 
1950-1954     93         1093.92       636.75      1730.67 
1950-1954     94          781.57       442.80      1224.37 
1950-1954     95          545.64       304.10       849.75 
1950-1954     96          376.20       210.02       586.22 
1950-1954     97          262.52       136.53       399.04 
1950-1954     98          166.48        76.70       243.18 
1950-1954     99           90.36        41.34       131.71 
1950-1954    100           48.61        24.61        73.22 
1950-1954    101           26.92        13.30        40.23 
1950-1954    102           13.48         7.63        21.10 
1950-1954    103            5.45         3.49         8.94 
1950-1954    104            1.80         1.05         2.85 
1950-1954    105            0.20         0.30         0.49 
1950-1954    106            0.00         0.00         0.00 
1950-1954    107            0.00         0.00         0.00 
1950-1954    108            0.00         0.00         0.00 
1950-1954    109            0.00         0.00         0.00 
1950-1954    110+           0.00         0.00         0.00 
1955-1959      0       145631.46    152000.80    297632.27 
1955-1959      1       144774.64    150861.13    295635.77 
1955-1959      2       144839.08    151040.66    295879.75 
1955-1959      3       144499.10    150756.50    295255.59 
1955-1959      4       144149.21    150656.18    294805.39 
1955-1959      5       144148.04    150897.73    295045.77 
1955-1959      6       144179.54    151036.18    295215.71 
1955-1959      7       144178.81    151350.21    295529.02 
1955-1959      8       144292.91    151789.68    296082.59 
1955-1959      9       143973.82    151488.09    295461.91 
1955-1959     10       142100.98    149489.44    291590.43 
1955-1959     11       138466.07    145708.37    284174.44 
1955-1959     12       133117.81    140051.20    273169.01 
1955-1959     13       125936.14    132473.78    258409.93 
1955-1959     14       117904.21    124140.24    242044.45 
1955-1959     15       110726.99    116767.51    227494.50 
1955-1959     16       104737.42    110401.19    215138.61 
1955-1959     17       100017.46    105017.87    205035.32 
1955-1959     18        97435.41    101559.00    198994.41 
1955-1959     19        95959.17     99317.93    195277.11 
1955-1959     20        94086.57     97159.55    191246.13 
1955-1959     21        92127.55     95236.68    187364.22 
1955-1959     22        90423.98     93760.90    184184.88 
1955-1959     23        88401.10     92214.45    180615.55 
1955-1959     24        86452.18     90743.35    177195.53 
1955-1959     25        85242.54     89392.30    174634.84 
1955-1959     26        84433.06     87961.94    172395.00 
1955-1959     27        83842.91     86617.08    170459.99 
1955-1959     28        83940.81     85584.64    169525.45 
1955-1959     29        84702.41     84899.50    169601.90 
1955-1959     30        85712.54     84777.33    170489.88 
1955-1959     31        87003.25     85350.81    172354.05 
1955-1959     32        88492.83     86330.32    174823.15 
1955-1959     33        89871.68     87654.52    177526.20 
1955-1959     34        90941.79     89059.42    180001.21 
1955-1959     35        91541.15     90067.92    181609.07 
1955-1959     36        91236.18     90222.10    181458.28 
1955-1959     37        89939.78     89460.78    179400.56 
1955-1959     38        88858.58     88933.78    177792.36 
1955-1959     39        88399.40     89020.79    177420.19 
1955-1959     40        88406.83     89482.77    177889.61 
1955-1959     41        88995.26     90534.31    179529.56 
1955-1959     42        90166.75     92336.60    182503.35 
1955-1959     43        90906.66     94140.93    185047.59 
1955-1959     44        90511.95     95202.47    185714.42 
1955-1959     45        88902.87     94892.90    183795.77 
1955-1959     46        86399.61     93267.30    179666.91 
1955-1959     47        83434.38     90654.21    174088.59 
1955-1959     48        80292.02     87286.85    167578.87 
1955-1959     49        77867.63     83914.30    161781.93 
1955-1959     50        76067.67     80833.67    156901.34 
1955-1959     51        74722.45     78553.80    153276.24 
1955-1959     52        73595.57     76735.25    150330.81 
1955-1959     53        72908.01     75408.27    148316.28 
1955-1959     54        73618.21     75672.21    149290.42 
1955-1959     55        74177.01     75901.74    150078.76 
1955-1959     56        73442.64     74817.79    148260.43 
1955-1959     57        72501.88     73322.85    145824.74 
1955-1959     58        71259.87     71493.62    142753.48 
1955-1959     59        68564.31     68439.25    137003.56 
1955-1959     60        65198.25     64917.79    130116.04 
1955-1959     61        62534.89     62173.52    124708.41 
1955-1959     62        60159.63     59891.71    120051.34 
1955-1959     63        57996.75     57890.39    115887.13 
1955-1959     64        56353.32     56383.55    112736.87 
1955-1959     65        55217.25     55032.32    110249.57 
1955-1959     66        54905.69     54126.59    109032.28 
1955-1959     67        55025.03     53521.77    108546.80 
1955-1959     68        54479.37     52243.65    106723.02 
1955-1959     69        53067.93     50367.65    103435.58 
1955-1959     70        50836.53     48054.37     98890.90 
1955-1959     71        48179.36     45613.82     93793.17 
1955-1959     72        45561.79     43220.82     88782.60 
1955-1959     73        43326.95     40959.47     84286.42 
1955-1959     74        41619.03     38912.08     80531.12 
1955-1959     75        39716.65     36573.52     76290.17 
1955-1959     76        37454.48     33936.96     71391.43 
1955-1959     77        35051.65     31363.94     66415.58 
1955-1959     78        32166.10     28558.08     60724.18 
1955-1959     79        29048.01     25639.41     54687.42 
1955-1959     80        26206.59     23061.76     49268.35 
1955-1959     81        23058.83     20093.99     43152.81 
1955-1959     82        20238.12     17521.06     37759.18 
1955-1959     83        17392.08     14875.47     32267.55 
1955-1959     84        14627.22     12234.10     26861.32 
1955-1959     85        11966.31      9709.74     21676.05 
1955-1959     86         9570.17      7554.96     17125.13 
1955-1959     87         7423.79      5720.21     13144.01 
1955-1959     88         5737.01      4283.05     10020.06 
1955-1959     89         4451.76      3140.91      7592.66 
1955-1959     90         3333.56      2182.32      5515.88 
1955-1959     91         2439.48      1497.54      3937.03 
1955-1959     92         1836.89      1057.84      2894.73 
1955-1959     93         1345.63       738.47      2084.09 
1955-1959     94          954.76       514.09      1468.85 
1955-1959     95          656.52       343.49      1000.01 
1955-1959     96          445.04       211.23       656.27 
1955-1959     97          284.55       130.86       415.41 
1955-1959     98          178.98        81.89       260.86 
1955-1959     99          109.12        41.20       150.32 
1955-1959    100           58.37        18.60        76.97 
1955-1959    101           33.79         8.08        41.87 
1955-1959    102           18.19         2.01        20.20 
1955-1959    103            8.02         0.06         8.08 
1955-1959    104            2.51         0.00         2.51 
1955-1959    105            0.24         0.00         0.24 
1955-1959    106            0.00         0.00         0.00 
1955-1959    107            0.00         0.00         0.00 
1955-1959    108            0.00         0.00         0.00 
1955-1959    109            0.00         0.00         0.00 
1955-1959    110+           0.00         0.00         0.00 
1960-1964      0       149528.50    156389.94    305918.45 
1960-1964      1       148415.53    154811.35    303226.88 
1960-1964      2       147795.74    154001.97    301797.72 
1960-1964      3       147052.06    153004.27    300056.33 
1960-1964      4       145620.92    151398.36    297019.28 
1960-1964      5       144049.95    149837.48    293887.43 
1960-1964      6       142932.22    148873.27    291805.48 
1960-1964      7       142164.71    148170.78    290335.49 
1960-1964      8       141187.77    147321.72    288509.50 
1960-1964      9       140341.78    146776.29    287118.07 
1960-1964     10       139842.06    146527.79    286369.86 
1960-1964     11       139574.00    146476.20    286050.20 
1960-1964     12       139355.26    146596.96    285952.22 
1960-1964     13       138773.40    146319.67    285093.06 
1960-1964     14       137204.49    144719.93    281924.42 
1960-1964     15       133242.58    140549.03    273791.62 
1960-1964     16       126611.00    133874.28    260485.29 
1960-1964     17       118116.77    125200.19    243316.96 
1960-1964     18       108345.67    114941.16    223286.83 
1960-1964     19        98596.77    104547.74    203144.52 
1960-1964     20        90600.19     95830.01    186430.21 
1960-1964     21        84449.54     88869.41    173318.96 
1960-1964     22        79844.32     83368.18    163212.50 
1960-1964     23        77299.71     79721.34    157021.05 
1960-1964     24        76006.82     77365.11    153371.93 
1960-1964     25        74724.53     75494.76    150219.29 
1960-1964     26        73765.31     74222.23    147987.54 
1960-1964     27        73719.77     73754.19    147473.96 
1960-1964     28        73815.08     73612.87    147427.95 
1960-1964     29        73959.41     73822.95    147782.37 
1960-1964     30        74735.71     74399.62    149135.33 
1960-1964     31        75544.11     74867.01    150411.11 
1960-1964     32        76061.39     75114.69    151176.07 
1960-1964     33        77075.54     75561.97    152637.51 
1960-1964     34        78641.47     76205.46    154846.94 
1960-1964     35        80232.85     77024.48    157257.33 
1960-1964     36        81909.60     78230.05    160139.65 
1960-1964     37        83569.80     79823.75    163393.55 
1960-1964     38        84874.40     81675.43    166549.82 
1960-1964     39        85932.24     83453.96    169386.21 
1960-1964     40        86676.31     84843.71    171520.02 
1960-1964     41        86467.25     85216.91    171684.16 
1960-1964     42        85228.96     84543.53    169772.50 
1960-1964     43        84314.88     84193.07    168507.95 
1960-1964     44        84066.60     84499.33    168565.93 
1960-1964     45        83944.72     84919.63    168864.35 
1960-1964     46        84209.05     85761.13    169970.18 
1960-1964     47        85064.31     87356.93    172421.24 
1960-1964     48        85402.99     88701.07    174104.07 
1960-1964     49        84637.91     89230.33    173868.23 
1960-1964     50        82899.44     88666.82    171566.27 
1960-1964     51        80446.96     86853.92    167300.88 
1960-1964     52        77594.12     84153.08    161747.19 
1960-1964     53        74742.42     80815.74    155558.15 
1960-1964     54        72583.02     77463.99    150047.01 
1960-1964     55        70933.18     74417.02    145350.19 
1960-1964     56        69576.60     71972.43    141549.03 
1960-1964     57        68258.03     69902.19    138160.21 
1960-1964     58        67218.09     68206.56    135424.65 
1960-1964     59        67513.92     67711.45    135225.37 
1960-1964     60        67733.74     67206.35    134940.09 
1960-1964     61        66794.97     65764.91    132559.89 
1960-1964     62        65741.26     64027.85    129769.11 
1960-1964     63        64354.61     62026.81    126381.42 
1960-1964     64        61773.58     59365.64    121139.21 
1960-1964     65        58639.58     56269.11    114908.69 
1960-1964     66        56223.10     53729.87    109952.97 
1960-1964     67        54314.50     51884.47    106198.97 
1960-1964     68        52543.87     50130.67    102674.54 
1960-1964     69        51113.03     48409.97     99523.00 
1960-1964     70        49873.12     46675.89     96549.01 
1960-1964     71        48800.74     45086.81     93887.55 
1960-1964     72        47660.42     43451.95     91112.37 
1960-1964     73        45830.51     41143.07     86973.58 
1960-1964     74        43190.22     38387.18     81577.39 
1960-1964     75        39954.01     35367.60     75321.60 
1960-1964     76        36441.68     32196.93     68638.61 
1960-1964     77        33238.71     29116.47     62355.18 
1960-1964     78        30605.88     26419.18     57025.06 
1960-1964     79        28470.61     24077.99     52548.60 
1960-1964     80        26896.88     22222.35     49119.23 
1960-1964     81        24161.52     19815.15     43976.68 
1960-1964     82        21677.80     17455.68     39133.48 
1960-1964     83        18940.73     15036.89     33977.62 
1960-1964     84        16102.62     12622.85     28725.48 
1960-1964     85        13430.79     10250.21     23681.00 
1960-1964     86        11067.01      8219.82     19286.83 
1960-1964     87         8916.09      6403.84     15319.93 
1960-1964     88         7038.35      4906.76     11945.11 
1960-1964     89         5468.51      3722.64      9191.16 
1960-1964     90         4144.73      2726.97      6871.69 
1960-1964     91         3131.48      1955.76      5087.23 
1960-1964     92         2367.32      1402.33      3769.65 
1960-1964     93         1690.16       958.35      2648.51 
1960-1964     94         1173.07       618.57      1791.63 
1960-1964     95          782.98       390.74      1173.72 
1960-1964     96          507.28       238.56       745.85 
1960-1964     97          315.51       137.57       453.07 
1960-1964     98          190.46        80.23       270.69 
1960-1964     99          114.85        41.60       156.45 
1960-1964    100           69.43        24.30        93.73 
1960-1964    101           42.20        13.73        55.93 
1960-1964    102           24.29         7.64        31.92 
1960-1964    103           12.01         5.68        17.68 
1960-1964    104            5.21         4.18         9.39 
1960-1964    105            1.90         2.42         4.31 
1960-1964    106            0.73         0.95         1.69 
1960-1964    107            0.23         0.23         0.46 
1960-1964    108            0.00         0.00         0.00 
1960-1964    109            0.00         0.00         0.00 
1960-1964    110+           0.00         0.00         0.00 
1965-1969      0       150605.45    158659.15    309264.60 
1965-1969      1       152069.93    159646.14    311716.07 
1965-1969      2       153750.74    160936.00    314686.73 
1965-1969      3       154358.15    161180.89    315539.04 
1965-1969      4       154089.12    160652.00    314741.12 
1965-1969      5       152735.61    159224.95    311960.56 
1965-1969      6       150645.79    157089.95    307735.73 
1965-1969      7       148617.26    154852.95    303470.21 
1965-1969      8       146788.76    152716.74    299505.50 
1965-1969      9       144795.29    150495.35    295290.65 
1965-1969     10       143077.09    148671.29    291748.38 
1965-1969     11       141950.06    147500.70    289450.75 
1965-1969     12       140870.02    146523.04    287393.06 
1965-1969     13       139309.95    145271.25    284581.21 
1965-1969     14       137273.23    143589.83    280863.07 
1965-1969     15       134788.24    141308.60    276096.84 
1965-1969     16       131546.56    138076.73    269623.29 
1965-1969     17       127139.05    133788.40    260927.45 
1965-1969     18       121748.00    128509.66    250257.67 
1965-1969     19       115875.83    122374.13    238249.96 
1965-1969     20       109367.90    115361.28    224729.18 
1965-1969     21       102617.07    107982.94    210600.01 
1965-1969     22        96181.87    100671.56    196853.42 
1965-1969     23        89945.97     93615.94    183561.91 
1965-1969     24        84351.32     87350.32    171701.64 
1965-1969     25        80367.24     82779.37    163146.60 
1965-1969     26        77615.47     79515.52    157130.99 
1965-1969     27        75347.28     77016.05    152363.33 
1965-1969     28        74257.00     75680.06    149937.06 
1965-1969     29        74031.11     75041.49    149072.60 
1965-1969     30        73309.19     74269.09    147578.28 
1965-1969     31        72814.40     73897.46    146711.86 
1965-1969     32        73286.57     74354.04    147640.61 
1965-1969     33        73543.56     74673.86    148217.42 
1965-1969     34        73502.78     74704.26    148207.04 
1965-1969     35        74083.65     75064.02    149147.66 
1965-1969     36        74963.81     75559.27    150523.08 
1965-1969     37        75809.76     75912.74    151722.50 
1965-1969     38        77165.54     76390.89    153556.42 
1965-1969     39        78563.23     76899.18    155462.40 
1965-1969     40        79366.91     77247.56    156614.47 
1965-1969     41        80204.64     77946.18    158150.83 
1965-1969     42        81293.53     79188.32    160481.85 
1965-1969     43        82179.55     80584.37    162763.92 
1965-1969     44        82789.26     81813.32    164602.58 
1965-1969     45        83379.72     82953.59    166333.30 
1965-1969     46        83518.55     83463.67    166982.22 
1965-1969     47        82705.00     83125.86    165830.86 
1965-1969     48        82056.13     83025.87    165082.00 
1965-1969     49        81595.88     83038.40    164634.28 
1965-1969     50        80711.48     82428.81    163140.29 
1965-1969     51        80255.02     82234.19    162489.21 
1965-1969     52        80548.47     83030.03    163578.50 
1965-1969     53        80250.63     83525.15    163775.78 
1965-1969     54        79143.93     83342.30    162486.23 
1965-1969     55        77617.03     82465.99    160083.02 
1965-1969     56        75567.00     80668.26    156235.26 
1965-1969     57        73082.07     77987.97    151070.03 
1965-1969     58        70462.71     74662.54    145125.25 
1965-1969     59        68162.95     71239.96    139402.91 
1965-1969     60        65995.79     67763.79    133759.59 
1965-1969     61        64519.20     65048.71    129567.90 
1965-1969     62        63372.42     63030.90    126403.33 
1965-1969     63        62270.19     61312.07    123582.26 
1965-1969     64        62036.67     60228.90    122265.56 
1965-1969     65        61505.20     58813.72    120318.92 
1965-1969     66        60277.26     56856.89    117134.15 
1965-1969     67        59180.03     54884.00    114064.03 
1965-1969     68        58079.38     52796.98    110876.36 
1965-1969     69        56244.13     50357.09    106601.22 
1965-1969     70        53781.16     47636.10    101417.26 
1965-1969     71        51625.08     45232.66     96857.74 
1965-1969     72        49141.81     42847.26     91989.07 
1965-1969     73        45827.54     39932.40     85759.94 
1965-1969     74        42366.39     36777.34     79143.74 
1965-1969     75        39170.61     33728.74     72899.35 
1965-1969     76        36403.47     30898.53     67302.00 
1965-1969     77        33827.78     28358.41     62186.19 
1965-1969     78        31125.65     25692.65     56818.31 
1965-1969     79        28332.23     23018.53     51350.76 
1965-1969     80        26269.81     20689.16     46958.97 
1965-1969     81        23489.76     18279.81     41769.57 
1965-1969     82        21171.83     16245.48     37417.31 
1965-1969     83        18839.90     14232.35     33072.25 
1965-1969     84        16482.25     12216.14     28698.39 
1965-1969     85        14071.75     10110.73     24182.48 
1965-1969     86        11787.77      8176.04     19963.81 
1965-1969     87         9705.01      6487.04     16192.05 
1965-1969     88         7874.65      5091.74     12966.40 
1965-1969     89         6285.63      3931.27     10216.90 
1965-1969     90         4880.54      2924.12      7804.65 
1965-1969     91         3713.06      2148.52      5861.58 
1965-1969     92         2830.42      1557.37      4387.80 
1965-1969     93         2085.12      1093.89      3179.01 
1965-1969     94         1490.27       766.37      2256.64 
1965-1969     95         1031.62       508.97      1540.59 
1965-1969     96          670.46       311.01       981.48 
1965-1969     97          401.63       175.15       576.78 
1965-1969     98          230.00        93.56       323.56 
1965-1969     99          113.95        40.09       154.04 
1965-1969    100           51.37        16.86        68.23 
1965-1969    101           26.08         9.64        35.72 
1965-1969    102           12.80         6.68        19.48 
1965-1969    103            6.45         5.79        12.24 
1965-1969    104            4.21         4.69         8.91 
1965-1969    105            2.96         3.52         6.48 
1965-1969    106            1.46         2.98         4.44 
1965-1969    107            0.77         2.77         3.54 
1965-1969    108            0.48         2.47         2.95 
1965-1969    109            0.00         1.47         1.47 
1965-1969    110+           0.00         0.47         0.47 
1970-1974      0       161600.02    170398.26    331998.29 
1970-1974      1       159543.14    167819.75    327362.90 
1970-1974      2       157544.75    165590.71    323135.46 
1970-1974      3       156011.83    163959.83    319971.66 
1970-1974      4       155337.82    163352.74    318690.56 
1970-1974      5       155572.09    163380.40    318952.49 
1970-1974      6       156426.12    163941.36    320367.48 
1970-1974      7       157086.71    164290.58    321377.28 
1970-1974      8       156879.89    163804.05    320683.94 
1970-1974      9       156046.06    162771.81    318817.87 
1970-1974     10       154259.51    160907.00    315166.51 
1970-1974     11       151405.55    157984.82    309390.37 
1970-1974     12       148594.34    154920.67    303515.01 
1970-1974     13       146121.28    152088.08    298209.36 
1970-1974     14       143269.63    149079.82    292349.45 
1970-1974     15       140459.99    146280.79    286740.77 
1970-1974     16       137876.55    143621.77    281498.33 
1970-1974     17       134747.61    140356.90    275104.52 
1970-1974     18       130539.78    136148.14    266687.93 
1970-1974     19       125858.41    131533.99    257392.40 
1970-1974     20       120973.31    126509.85    247483.16 
1970-1974     21       115943.15    121171.67    237114.82 
1970-1974     22       111228.79    116166.15    227394.94 
1970-1974     23       107257.11    111835.86    219092.98 
1970-1974     24       103941.03    108066.85    212007.89 
1970-1974     25       100252.90    104052.57    204305.46 
1970-1974     26        96196.71     99738.80    195935.51 
1970-1974     27        92168.07     95331.10    187499.17 
1970-1974     28        88008.57     90923.97    178932.54 
1970-1974     29        83983.63     87006.63    170990.26 
1970-1974     30        80916.70     84045.72    164962.42 
1970-1974     31        78606.68     81678.25    160284.93 
1970-1974     32        76563.30     79651.49    156214.78 
1970-1974     33        75769.81     78581.63    154351.44 
1970-1974     34        75737.15     78135.86    153873.01 
1970-1974     35        75023.39     77313.65    152337.04 
1970-1974     36        74271.00     76506.83    150777.83 
1970-1974     37        74348.79     76433.63    150782.43 
1970-1974     38        74341.63     76436.04    150777.67 
1970-1974     39        74236.75     76500.68    150737.43 
1970-1974     40        74658.04     76728.44    151386.48 
1970-1974     41        75136.76     76790.92    151927.68 
1970-1974     42        75390.21     76562.72    151952.93 
1970-1974     43        76068.35     76510.07    152578.42 
1970-1974     44        76991.90     76560.34    153552.24 
1970-1974     45        77541.08     76483.55    154024.63 
1970-1974     46        78079.65     76752.72    154832.38 
1970-1974     47        79118.82     77682.60    156801.41 
1970-1974     48        80257.06     79150.69    159407.75 
1970-1974     49        81266.73     80844.77    162111.51 
1970-1974     50        81857.36     81940.42    163797.78 
1970-1974     51        81349.57     81741.00    163090.57 
1970-1974     52        79750.09     80402.40    160152.49 
1970-1974     53        78361.99     79142.50    157504.50 
1970-1974     54        77202.29     78068.50    155270.79 
1970-1974     55        76056.43     76996.32    153052.75 
1970-1974     56        75514.31     76528.61    152042.92 
1970-1974     57        75803.88     77013.32    152817.21 
1970-1974     58        75945.52     77418.25    153363.77 
1970-1974     59        75518.95     77304.05    152823.01 
1970-1974     60        74117.17     76241.57    150358.74 
1970-1974     61        71637.63     73994.74    145632.37 
1970-1974     62        68756.11     70861.64    139617.76 
1970-1974     63        65946.97     67253.90    133200.87 
1970-1974     64        63611.63     63852.30    127463.93 
1970-1974     65        61488.35     60537.43    122025.78 
1970-1974     66        59705.43     57663.15    117368.58 
1970-1974     67        58243.27     55316.90    113560.17 
1970-1974     68        56885.74     52977.69    109863.43 
1970-1974     69        56396.31     50978.38    107374.69 
1970-1974     70        55770.29     48904.65    104674.95 
1970-1974     71        54555.31     46646.79    101202.10 
1970-1974     72        53202.53     44144.90     97347.43 
1970-1974     73        51163.06     41306.09     92469.15 
1970-1974     74        47860.03     38161.12     86021.15 
1970-1974     75        43719.69     34717.37     78437.06 
1970-1974     76        39490.07     31248.46     70738.53 
1970-1974     77        35484.17     27984.06     63468.23 
1970-1974     78        31805.41     24954.24     56759.65 
1970-1974     79        28627.36     22248.44     50875.80 
1970-1974     80        28200.64     20959.35     49159.99 
1970-1974     81        25212.82     18572.99     43785.82 
1970-1974     82        22562.45     16394.44     38956.90 
1970-1974     83        19742.06     14033.36     33775.42 
1970-1974     84        16914.31     11704.47     28618.78 
1970-1974     85        14272.81      9627.21     23900.02 
1970-1974     86        11916.53      7848.05     19764.57 
1970-1974     87         9850.81      6277.79     16128.61 
1970-1974     88         8134.85      4987.06     13121.90 
1970-1974     89         6647.43      3916.69     10564.13 
1970-1974     90         5293.07      2989.34      8282.41 
1970-1974     91         4139.34      2221.36      6360.70 
1970-1974     92         3214.02      1619.96      4833.98 
1970-1974     93         2383.71      1134.95      3518.66 
1970-1974     94         1724.95       770.10      2495.05 
1970-1974     95         1229.27       514.57      1743.84 
1970-1974     96          835.54       340.05      1175.59 
1970-1974     97          540.40       203.86       744.26 
1970-1974     98          321.39       109.50       430.89 
1970-1974     99          163.60        54.96       218.56 
1970-1974    100           81.43        24.30       105.72 
1970-1974    101           47.84        10.75        58.59 
1970-1974    102           24.39         4.88        29.27 
1970-1974    103            9.27         2.73        12.00 
1970-1974    104            3.40         1.42         4.81 
1970-1974    105            1.51         0.23         1.74 
1970-1974    106            1.77         0.00         1.77 
1970-1974    107            0.95         0.00         0.95 
1970-1974    108            0.00         0.00         0.00 
1970-1974    109            0.00         0.00         0.00 
1970-1974    110+           0.00         0.00         0.00 
1975-1979      0       166856.36    175422.26    342278.62 
1975-1979      1       165412.50    173761.48    339173.98 
1975-1979      2       165754.26    174342.22    340096.49 
1975-1979      3       167095.44    175761.41    342856.84 
1975-1979      4       168093.67    176555.36    344649.03 
1975-1979      5       168076.80    176300.52    344377.32 
1975-1979      6       166854.58    174971.11    341825.69 
1975-1979      7       164752.17    172944.67    337696.84 
1975-1979      8       162867.51    171330.99    334198.50 
1975-1979      9       161986.09    170476.78    332462.87 
1975-1979     10       161869.45    170103.62    331973.07 
1975-1979     11       162380.63    170328.75    332709.38 
1975-1979     12       162694.73    170280.44    332975.17 
1975-1979     13       161776.74    169097.96    330874.70 
1975-1979     14       159807.74    166908.18    326715.92 
1975-1979     15       156343.09    163420.39    319763.49 
1975-1979     16       151610.75    158606.12    310216.87 
1975-1979     17       146789.43    153596.82    300386.25 
1975-1979     18       142323.25    148740.58    291063.82 
1975-1979     19       137893.50    143947.19    281840.69 
1975-1979     20       133944.41    139594.69    273539.10 
1975-1979     21       130584.84    135720.35    266305.19 
1975-1979     22       127440.16    132093.04    259533.20 
1975-1979     23       124205.94    128579.83    252785.77 
1975-1979     24       121050.19    125372.32    246422.51 
1975-1979     25       118119.73    122298.82    240418.55 
1975-1979     26       115536.83    119551.26    235088.09 
1975-1979     27       113059.79    117114.26    230174.06 
1975-1979     28       110920.05    115255.94    226175.99 
1975-1979     29       108858.77    113386.42    222245.19 
1975-1979     30       105793.41    110474.56    216267.96 
1975-1979     31       101962.16    106805.65    208767.81 
1975-1979     32        97886.47    102566.71    200453.17 
1975-1979     33        93508.06     97972.41    191480.47 
1975-1979     34        89010.54     93548.61    182559.14 
1975-1979     35        85630.91     90205.90    175836.81 
1975-1979     36        83131.07     87638.46    170769.53 
1975-1979     37        80689.36     85159.69    165849.05 
1975-1979     38        79575.91     83786.79    163362.70 
1975-1979     39        79052.10     82958.85    162010.95 
1975-1979     40        77517.50     81285.94    158803.43 
1975-1979     41        76170.27     79798.78    155969.05 
1975-1979     42        75804.36     79228.70    155033.07 
1975-1979     43        75345.18     78658.99    154004.17 
1975-1979     44        74709.05     77973.04    152682.10 
1975-1979     45        74720.12     77677.70    152397.81 
1975-1979     46        74979.27     77461.98    152441.25 
1975-1979     47        74954.69     76995.90    151950.58 
1975-1979     48        75554.34     76906.97    152461.30 
1975-1979     49        76364.13     76807.79    153171.92 
1975-1979     50        76466.16     76134.83    152600.99 
1975-1979     51        76804.88     75906.54    152711.42 
1975-1979     52        77704.86     76364.73    154069.59 
1975-1979     53        78500.09     77236.15    155736.23 
1975-1979     54        78996.29     77980.82    156977.12 
1975-1979     55        79130.28     78108.60    157238.87 
1975-1979     56        78333.95     77235.17    155569.13 
1975-1979     57        76473.39     75398.98    151872.37 
1975-1979     58        74875.65     73881.47    148757.12 
1975-1979     59        73483.78     72581.58    146065.35 
1975-1979     60        71941.98     70993.10    142935.08 
1975-1979     61        71382.31     70254.91    141637.22 
1975-1979     62        71980.28     70604.00    142584.28 
1975-1979     63        72356.16     70806.35    143162.51 
1975-1979     64        72179.01     70405.45    142584.46 
1975-1979     65        70811.46     68949.86    139761.33 
1975-1979     66        68182.65     66349.62    134532.27 
1975-1979     67        64972.27     62802.00    127774.27 
1975-1979     68        61833.41     58855.25    120688.66 
1975-1979     69        59031.75     55018.37    114050.12 
1975-1979     70        55958.37     50971.71    106930.09 
1975-1979     71        53469.14     47287.93    100757.06 
1975-1979     72        51477.42     44085.72     95563.14 
1975-1979     73        49403.96     41018.50     90422.45 
1975-1979     74        47583.89     38210.14     85794.03 
1975-1979     75        45415.32     35262.64     80677.96 
1975-1979     76        42510.17     32079.77     74589.94 
1975-1979     77        39496.45     28932.17     68428.62 
1975-1979     78        36439.55     25928.33     62367.88 
1975-1979     79        32953.85     22963.79     55917.63 
1975-1979     80        30097.27     20413.76     50511.03 
1975-1979     81        26903.64     17863.76     44767.40 
1975-1979     82        24213.49     15732.80     39946.29 
1975-1979     83        21277.51     13616.59     34894.10 
1975-1979     84        18252.01     11540.67     29792.69 
1975-1979     85        15428.43      9570.34     24998.77 
1975-1979     86        12863.32      7804.01     20667.33 
1975-1979     87        10545.85      6233.18     16779.03 
1975-1979     88         8567.87      4901.19     13469.06 
1975-1979     89         6819.88      3768.76     10588.65 
1975-1979     90         5351.99      2851.38      8203.38 
1975-1979     91         4173.53      2160.77      6334.30 
1975-1979     92         3198.41      1630.89      4829.30 
1975-1979     93         2400.97      1164.39      3565.35 
1975-1979     94         1771.52       798.92      2570.44 
1975-1979     95         1277.35       533.76      1811.11 
1975-1979     96          882.02       337.01      1219.04 
1975-1979     97          580.35       201.40       781.75 
1975-1979     98          368.21       115.12       483.33 
1975-1979     99          202.73        54.20       256.94 
1975-1979    100          110.89        26.65       137.55 
1975-1979    101           65.20        17.17        82.38 
1975-1979    102           33.80         9.24        43.05 
1975-1979    103           16.42         4.65        21.08 
1975-1979    104            7.47         2.96        10.43 
1975-1979    105            2.96         1.69         4.65 
1975-1979    106            1.96         1.00         2.96 
1975-1979    107            1.23         0.47         1.70 
1975-1979    108            0.47         0.00         0.47 
1975-1979    109            0.00         0.00         0.00 
1975-1979    110+           0.00         0.00         0.00 
1980-1984      0       169808.55    179649.58    349458.12 
1980-1984      1       172657.13    181736.12    354393.25 
1980-1984      2       172821.12    181702.09    354523.21 
1980-1984      3       171428.63    180383.39    351812.03 
1980-1984      4       169641.55    178534.33    348175.87 
1980-1984      5       167959.27    176699.69    344658.96 
1980-1984      6       167337.71    176194.10    343531.81 
1980-1984      7       168292.17    177306.52    345598.69 
1980-1984      8       169808.24    178639.61    348447.85 
1980-1984      9       170875.80    179549.48    350425.28 
1980-1984     10       171301.95    179841.75    351143.70 
1980-1984     11       170236.35    178860.35    349096.70 
1980-1984     12       168116.85    176927.78    345044.64 
1980-1984     13       166244.56    175104.56    341349.12 
1980-1984     14       164680.34    173414.37    338094.71 
1980-1984     15       163375.31    171632.45    335007.76 
1980-1984     16       162005.27    169846.63    331851.90 
1980-1984     17       159814.66    167087.51    326902.17 
1980-1984     18       156286.88    162877.10    319163.98 
1980-1984     19       151860.48    157732.21    309592.69 
1980-1984     20       146934.19    152155.95    299090.14 
1980-1984     21       141885.24    146421.35    288306.59 
1980-1984     22       137339.07    141228.12    278567.19 
1980-1984     23       133539.48    136824.24    270363.71 
1980-1984     24       130087.03    132714.54    262801.58 
1980-1984     25       127471.59    129598.38    257069.97 
1980-1984     26       125668.01    127601.32    253269.33 
1980-1984     27       124087.38    126099.49    250186.88 
1980-1984     28       122057.48    124269.49    246326.98 
1980-1984     29       120006.77    122720.07    242726.85 
1980-1984     30       118418.36    121587.01    240005.37 
1980-1984     31       116875.92    120240.68    237116.60 
1980-1984     32       115253.57    118939.93    234193.50 
1980-1984     33       113522.12    117564.34    231086.45 
1980-1984     34       111727.99    115887.54    227615.53 
1980-1984     35       108990.64    113301.10    222291.74 
1980-1984     36       105062.06    109598.13    214660.19 
1980-1984     37       100627.36    105202.83    205830.19 
1980-1984     38        95625.39    100236.05    195861.44 
1980-1984     39        90867.17     95686.76    186553.93 
1980-1984     40        87516.13     92537.71    180053.84 
1980-1984     41        84638.32     89685.18    174323.49 
1980-1984     42        81665.61     86650.27    168315.88 
1980-1984     43        79932.81     84567.03    164499.84 
1980-1984     44        79096.37     83211.70    162308.07 
1980-1984     45        77556.69     81494.02    159050.71 
1980-1984     46        75964.38     79882.00    155846.37 
1980-1984     47        75273.69     78916.92    154190.61 
1980-1984     48        74362.03     77768.11    152130.14 
1980-1984     49        73642.57     76978.30    150620.87 
1980-1984     50        73757.80     76890.13    150647.93 
1980-1984     51        73595.51     76252.69    149848.20 
1980-1984     52        73151.49     75100.86    148252.35 
1980-1984     53        73281.97     74068.98    147350.95 
1980-1984     54        73765.41     73187.42    146952.83 
1980-1984     55        74169.56     72512.87    146682.43 
1980-1984     56        74642.29     72149.32    146791.61 
1980-1984     57        75316.29     72105.49    147421.79 
1980-1984     58        75750.43     72146.58    147897.01 
1980-1984     59        75969.01     72266.60    148235.61 
1980-1984     60        75902.10     72110.24    148012.35 
1980-1984     61        74804.14     70882.31    145686.45 
1980-1984     62        72663.27     68765.03    141428.30 
1980-1984     63        70760.56     66772.86    137533.43 
1980-1984     64        69303.85     65232.78    134536.63 
1980-1984     65        68554.89     64059.79    132614.69 
1980-1984     66        68555.31     63334.83    131890.14 
1980-1984     67        68718.65     62968.31    131686.96 
1980-1984     68        68103.12     61955.65    130058.77 
1980-1984     69        66587.97     60120.56    126708.53 
1980-1984     70        64204.17     57604.36    121808.53 
1980-1984     71        60690.80     54243.15    114933.94 
1980-1984     72        56795.87     50123.23    106919.10 
1980-1984     73        52893.96     45556.54     98450.50 
1980-1984     74        49362.68     41033.46     90396.14 
1980-1984     75        46147.13     36785.09     82932.22 
1980-1984     76        43058.13     32994.36     76052.49 
1980-1984     77        40050.86     29645.90     69696.77 
1980-1984     78        37069.07     26450.49     63519.56 
1980-1984     79        34526.60     23521.64     58048.24 
1980-1984     80        33363.23     21687.66     55050.90 
1980-1984     81        30137.81     18983.70     49121.51 
1980-1984     82        26876.94     16363.25     43240.19 
1980-1984     83        23522.68     13812.46     37335.14 
1980-1984     84        20075.09     11376.28     31451.37 
1980-1984     85        16877.29      9268.26     26145.55 
1980-1984     86        14185.53      7571.76     21757.29 
1980-1984     87        11803.69      6096.27     17899.96 
1980-1984     88         9707.78      4831.90     14539.67 
1980-1984     89         7847.09      3764.69     11611.77 
1980-1984     90         6207.88      2876.13      9084.01 
1980-1984     91         4844.88      2187.34      7032.22 
1980-1984     92         3688.26      1627.06      5315.32 
1980-1984     93         2705.03      1147.32      3852.36 
1980-1984     94         1967.93       784.77      2752.71 
1980-1984     95         1393.59       513.99      1907.58 
1980-1984     96          945.87       327.95      1273.83 
1980-1984     97          614.64       201.94       816.58 
1980-1984     98          373.76       110.11       483.87 
1980-1984     99          221.85        54.40       276.25 
1980-1984    100          131.46        30.91       162.37 
1980-1984    101           73.21        21.12        94.33 
1980-1984    102           40.22        11.62        51.84 
1980-1984    103           23.51         4.52        28.03 
1980-1984    104           16.39         2.00        18.39 
1980-1984    105           10.03         1.73        11.76 
1980-1984    106            4.12         1.22         5.34 
1980-1984    107            1.47         0.47         1.94 
1980-1984    108            1.00         0.00         1.00 
1980-1984    109            1.00         0.00         1.00 
1980-1984    110+           1.47         0.00         1.47 
1985-1989      0       142121.11    150305.71    292426.82 
1985-1989      1       146602.19    155057.73    301659.92 
1985-1989      2       151566.60    160171.73    311738.34 
1985-1989      3       156343.06    165046.00    321389.06 
1985-1989      4       161254.70    170266.62    331521.32 
1985-1989      5       166227.88    175539.71    341767.59 
1985-1989      6       169784.43    178927.71    348712.14 
1985-1989      7       170828.36    179858.96    350687.31 
1985-1989      8       170149.54    179286.23    349435.77 
1985-1989      9       168674.93    177697.69    346372.62 
1985-1989     10       167197.48    175994.73    343192.20 
1985-1989     11       167001.41    175853.75    342855.16 
1985-1989     12       168303.45    177233.94    345537.39 
1985-1989     13       169831.47    178537.15    348368.61 
1985-1989     14       170343.97    178801.51    349145.48 
1985-1989     15       169227.23    177504.45    346731.68 
1985-1989     16       165899.72    174215.43    340115.15 
1985-1989     17       160755.61    169251.18    330006.79 
1985-1989     18       155000.59    163534.16    318534.75 
1985-1989     19       149737.76    157643.81    307381.57 
1985-1989     20       145455.42    151938.80    297394.22 
1985-1989     21       142010.95    146647.61    288658.55 
1985-1989     22       139137.37    141668.16    280805.53 
1985-1989     23       136799.01    137221.08    274020.09 
1985-1989     24       134937.61    133962.00    268899.61 
1985-1989     25       133081.82    131566.84    264648.67 
1985-1989     26       131042.85    129425.63    260468.48 
1985-1989     27       129433.08    127904.00    257337.08 
1985-1989     28       128232.56    126938.99    255171.55 
1985-1989     29       126716.28    125763.65    252479.94 
1985-1989     30       125104.26    124591.78    249696.04 
1985-1989     31       123794.08    123808.77    247602.85 
1985-1989     32       122544.59    123006.44    245551.03 
1985-1989     33       120795.47    121776.06    242571.53 
1985-1989     34       118805.45    120343.40    239148.85 
1985-1989     35       117151.32    119018.30    236169.62 
1985-1989     36       115865.18    117866.01    233731.19 
1985-1989     37       114597.74    116881.63    231479.37 
1985-1989     38       113228.57    115870.09    229098.65 
1985-1989     39       111489.83    114442.43    225932.26 
1985-1989     40       108401.40    111806.85    220208.25 
1985-1989     41       104235.03    108073.30    212308.33 
1985-1989     42        99808.68    103678.43    203487.10 
1985-1989     43        94803.01     98656.57    193459.59 
1985-1989     44        89660.96     93785.83    183446.79 
1985-1989     45        85835.55     90085.33    175920.88 
1985-1989     46        82888.52     87020.30    169908.82 
1985-1989     47        80101.75     84177.40    164279.15 
1985-1989     48        78573.97     82327.41    160901.38 
1985-1989     49        77643.49     80906.61    158550.09 
1985-1989     50        75960.31     79023.24    154983.54 
1985-1989     51        74444.20     77355.35    151799.55 
1985-1989     52        73686.34     76273.03    149959.37 
1985-1989     53        72685.08     75007.57    147692.65 
1985-1989     54        71614.29     73772.57    145386.86 
1985-1989     55        71214.23     72883.37    144097.60 
1985-1989     56        71108.14     71932.77    143040.91 
1985-1989     57        70922.22     70747.54    141669.76 
1985-1989     58        71066.38     69677.64    140744.02 
1985-1989     59        71365.82     68627.92    139993.74 
1985-1989     60        71504.66     67554.73    139059.39 
1985-1989     61        71861.11     66871.32    138732.43 
1985-1989     62        72411.18     66605.59    139016.78 
1985-1989     63        72575.78     66374.54    138950.32 
1985-1989     64        72426.13     66002.16    138428.29 
1985-1989     65        72148.50     65226.49    137374.99 
1985-1989     66        71043.46     63615.39    134658.85 
1985-1989     67        68894.81     61265.50    130160.30 
1985-1989     68        66812.78     58929.31    125742.08 
1985-1989     69        64875.80     56632.89    121508.70 
1985-1989     70        62783.87     54120.19    116904.06 
1985-1989     71        61194.57     51886.57    113081.14 
1985-1989     72        60032.01     50106.47    110138.48 
1985-1989     73        58396.83     48007.02    106403.85 
1985-1989     74        55938.60     45268.38    101206.98 
1985-1989     75        52711.74     41941.28     94653.02 
1985-1989     76        48786.47     38148.77     86935.24 
1985-1989     77        44625.62     34010.44     78636.06 
1985-1989     78        40683.23     29784.73     70467.96 
1985-1989     79        37054.08     25785.25     62839.33 
1985-1989     80        34694.11     22735.53     57429.64 
1985-1989     81        31505.75     19608.61     51114.36 
1985-1989     82        28375.83     16802.62     45178.44 
1985-1989     83        25293.11     14234.58     39527.68 
1985-1989     84        22432.04     11989.04     34421.08 
1985-1989     85        19597.96      9986.75     29584.70 
1985-1989     86        16623.49      8137.94     24761.44 
1985-1989     87        13729.04      6400.51     20129.56 
1985-1989     88        11167.68      4975.75     16143.43 
1985-1989     89         8937.12      3844.04     12781.16 
1985-1989     90         7022.06      2908.84      9930.91 
1985-1989     91         5505.02      2193.30      7698.32 
1985-1989     92         4260.40      1613.84      5874.23 
1985-1989     93         3204.55      1124.20      4328.75 
1985-1989     94         2339.90       765.02      3104.92 
1985-1989     95         1631.09       515.71      2146.80 
1985-1989     96         1125.55       340.21      1465.76 
1985-1989     97          753.57       214.65       968.22 
1985-1989     98          482.18       125.44       607.63 
1985-1989     99          296.38        66.67       363.05 
1985-1989    100          176.94        32.60       209.54 
1985-1989    101          101.94        13.98       115.91 
1985-1989    102           57.10         5.02        62.11 
1985-1989    103           36.79         2.57        39.36 
1985-1989    104           20.86         2.49        23.35 
1985-1989    105            8.48         1.20         9.68 
1985-1989    106            2.89         0.24         3.12 
1985-1989    107            0.99         0.00         0.99 
1985-1989    108            0.47         0.00         0.47 
1985-1989    109            0.00         0.00         0.00 
1985-1989    110+           0.00         0.00         0.00 
1990-1994      0       123912.52    131750.94    255663.45 
1990-1994      1       127403.27    134926.94    262330.20 
1990-1994      2       130829.80    138160.45    268990.25 
1990-1994      3       134213.71    141273.82    275487.53 
1990-1994      4       137109.62    144300.64    281410.25 
1990-1994      5       140708.18    149029.54    289737.72 
1990-1994      6       146472.69    153788.06    300260.75 
1990-1994      7       151177.32    158960.55    310137.87 
1990-1994      8       154841.91    163541.84    318383.75 
1990-1994      9       159617.43    168586.50    328203.93 
1990-1994     10       164757.65    174495.32    339252.97 
1990-1994     11       168565.23    178339.84    346905.08 
1990-1994     12       170083.57    179881.19    349964.76 
1990-1994     13       170648.60    180590.17    351238.77 
1990-1994     14       168917.13    178396.98    347314.11 
1990-1994     15       167396.13    175412.48    342808.60 
1990-1994     16       166322.36    174271.57    340593.93 
1990-1994     17       165277.34    173790.15    339067.49 
1990-1994     18       159044.49    166975.69    326020.18 
1990-1994     19       153270.27    160517.58    313787.84 
1990-1994     20       147951.91    156138.83    304090.74 
1990-1994     21       142452.33    150153.10    292605.43 
1990-1994     22       135848.50    142818.21    278666.72 
1990-1994     23       129874.72    135770.92    265645.64 
1990-1994     24       123551.87    129018.94    252570.81 
1990-1994     25       123301.53    123895.19    247196.73 
1990-1994     26       123952.23    122058.67    246010.91 
1990-1994     27       126676.85    121200.67    247877.52 
1990-1994     28       128048.26    122402.69    250450.94 
1990-1994     29       128938.55    123602.41    252540.96 
1990-1994     30       129201.37    123692.88    252894.25 
1990-1994     31       130278.29    124093.09    254371.38 
1990-1994     32       129534.95    125497.12    255032.07 
1990-1994     33       128153.90    126932.44    255086.34 
1990-1994     34       125022.15    124678.45    249700.60 
1990-1994     35       123914.66    122328.57    246243.23 
1990-1994     36       122716.15    121841.01    244557.17 
1990-1994     37       122169.98    120164.58    242334.55 
1990-1994     38       120872.22    118828.50    239700.73 
1990-1994     39       119009.42    118994.14    238003.56 
1990-1994     40       116947.50    118336.29    235283.78 
1990-1994     41       115526.39    117067.44    232593.83 
1990-1994     42       114501.28    115978.07    230479.35 
1990-1994     43       112669.27    114360.29    227029.56 
1990-1994     44       110043.51    111412.83    221456.34 
1990-1994     45       107037.10    109237.71    216274.82 
1990-1994     46       103273.59    106670.27    209943.86 
1990-1994     47        98960.32    102689.98    201650.30 
1990-1994     48        93212.15     97059.40    190271.55 
1990-1994     49        88692.60     92490.84    181183.44 
1990-1994     50        84745.49     87978.75    172724.24 
1990-1994     51        81859.26     85022.40    166881.65 
1990-1994     52        79014.90     82351.23    161366.14 
1990-1994     53        76822.33     79784.12    156606.45 
1990-1994     54        76131.48     78307.66    154439.14 
1990-1994     55        74273.10     75673.11    149946.21 
1990-1994     56        72674.94     74450.16    147125.10 
1990-1994     57        72129.04     72966.65    145095.70 
1990-1994     58        71163.51     71585.31    142748.82 
1990-1994     59        70208.76     70534.88    140743.64 
1990-1994     60        69518.15     69352.09    138870.24 
1990-1994     61        69763.54     68345.46    138109.00 
1990-1994     62        68934.12     66595.29    135529.41 
1990-1994     63        68340.38     64812.73    133153.11 
1990-1994     64        68230.80     63745.04    131975.84 
1990-1994     65        68277.38     62094.65    130372.04 
1990-1994     66        68678.73     61457.91    130136.64 
1990-1994     67        69455.18     60816.93    130272.11 
1990-1994     68        69408.93     59394.89    128803.82 
1990-1994     69        68508.28     58332.03    126840.31 
1990-1994     70        66381.05     55906.37    122287.42 
1990-1994     71        64062.07     53679.39    117741.46 
1990-1994     72        61519.34     49756.44    111275.78 
1990-1994     73        58441.65     47157.16    105598.82 
1990-1994     74        55702.86     43272.89     98975.75 
1990-1994     75        52744.81     40554.77     93299.58 
1990-1994     76        50239.68     37198.99     87438.68 
1990-1994     77        48001.19     35049.99     83051.18 
1990-1994     78        45834.07     32775.89     78609.96 
1990-1994     79        42930.14     29691.71     72621.85 
1990-1994     80        40309.51     26688.88     66998.39 
1990-1994     81        36205.76     23260.11     59465.87 
1990-1994     82        32147.69     19823.05     51970.74 
1990-1994     83        28265.46     16471.26     44736.72 
1990-1994     84        24640.82     13465.02     38105.83 
1990-1994     85        21308.50     10913.29     32221.78 
1990-1994     86        18235.58      8741.89     26977.47 
1990-1994     87        15426.66      6922.40     22349.06 
1990-1994     88        12930.61      5465.26     18395.87 
1990-1994     89        10628.59      4292.37     14920.96 
1990-1994     90         8487.14      3300.73     11787.86 
1990-1994     91         6639.11      2457.24      9096.34 
1990-1994     92         5064.01      1768.77      6832.79 
1990-1994     93         3755.77      1260.39      5016.16 
1990-1994     94         2733.06       881.82      3614.88 
1990-1994     95         1942.85       583.90      2526.75 
1990-1994     96         1350.25       377.73      1727.98 
1990-1994     97          913.58       234.09      1147.66 
1990-1994     98          593.03       134.64       727.66 
1990-1994     99          360.08        74.74       434.82 
1990-1994    100          208.31        47.43       255.75 
1990-1994    101          123.02        28.16       151.18 
1990-1994    102           74.94        12.85        87.78 
1990-1994    103           41.02         7.12        48.14 
1990-1994    104           20.43         4.34        24.77 
1990-1994    105           11.88         2.44        14.32 
1990-1994    106            8.45         0.92         9.37 
1990-1994    107            5.64         0.00         5.64 
1990-1994    108            2.12         0.00         2.12 
1990-1994    109            0.23         0.00         0.23 
1990-1994    110+           0.00         0.00         0.00 
1995-1999      0       124181.83    131985.91    256167.74 
1995-1999      1       122805.42    130720.46    253525.89 
1995-1999      2       122149.30    129905.25    252054.56 
1995-1999      3       122915.26    130518.79    253434.05 
1995-1999      4       125366.31    132464.31    257830.61 
1995-1999      5       128840.96    136422.43    265263.39 
1995-1999      6       132397.39    138969.56    271366.96 
1995-1999      7       135525.77    141969.37    277495.14 
1995-1999      8       137748.67    144039.91    281788.59 
1995-1999      9       140577.65    148153.18    288730.84 
1995-1999     10       144372.95    151877.91    296250.87 
1995-1999     11       148217.56    156506.96    304724.52 
1995-1999     12       152343.03    161044.31    313387.35 
1995-1999     13       157566.55    166460.48    324027.03 
1995-1999     14       162764.91    172209.19    334974.10 
1995-1999     15       167003.77    175881.27    342885.04 
1995-1999     16       170124.07    179173.35    349297.42 
1995-1999     17       170223.93    179532.51    349756.44 
1995-1999     18       164097.34    172132.39    336229.72 
1995-1999     19       157760.92    163870.72    321631.64 
1995-1999     20       153993.87    158417.91    312411.77 
1995-1999     21       149463.59    155066.46    304530.04 
1995-1999     22       145740.98    150995.34    296736.31 
1995-1999     23       143417.57    148967.73    292385.30 
1995-1999     24       141256.21    145391.68    286647.89 
1995-1999     25       138067.63    142303.67    280371.30 
1995-1999     26       135158.25    136522.91    271681.16 
1995-1999     27       134014.07    132418.59    266432.66 
1995-1999     28       131999.93    130744.61    262744.54 
1995-1999     29       131342.34    129760.69    261103.02 
1995-1999     30       131952.12    128113.16    260065.28 
1995-1999     31       134389.68    128955.43    263345.11 
1995-1999     32       136379.55    131221.38    267600.93 
1995-1999     33       137156.75    132801.41    269958.16 
1995-1999     34       138022.68    133083.81    271106.49 
1995-1999     35       136897.46    132503.71    269401.17 
1995-1999     36       134357.81    131358.30    265716.10 
1995-1999     37       133497.27    130159.43    263656.71 
1995-1999     38       132360.31    128458.79    260819.10 
1995-1999     39       129921.62    127938.13    257859.75 
1995-1999     40       128319.76    126547.27    254867.03 
1995-1999     41       125942.73    125396.68    251339.41 
1995-1999     42       124380.87    123637.82    248018.69 
1995-1999     43       122859.83    122636.81    245496.63 
1995-1999     44       120147.15    120417.01    240564.16 
1995-1999     45       117494.47    117979.79    235474.27 
1995-1999     46       115855.61    116128.08    231983.69 
1995-1999     47       114194.89    115858.22    230053.11 
1995-1999     48       112581.29    114621.08    227202.37 
1995-1999     49       111198.72    113373.98    224572.70 
1995-1999     50       108458.13    111431.56    219889.69 
1995-1999     51       103838.53    107867.97    211706.50 
1995-1999     52        99295.57    102638.78    201934.35 
1995-1999     53        93815.57     97047.35    190862.92 
1995-1999     54        88722.38     91755.17    180477.55 
1995-1999     55        84037.89     86208.77    170246.66 
1995-1999     56        80454.01     83182.95    163636.97 
1995-1999     57        78309.97     80738.38    159048.35 
1995-1999     58        76810.10     78222.32    155032.42 
1995-1999     59        75394.88     76436.69    151831.56 
1995-1999     60        74004.60     74260.29    148264.89 
1995-1999     61        72312.89     72689.57    145002.47 
1995-1999     62        71032.59     70523.16    141555.74 
1995-1999     63        69691.87     68318.64    138010.51 
1995-1999     64        68213.54     66958.76    135172.30 
1995-1999     65        67048.59     64917.99    131966.58 
1995-1999     66        66394.24     63690.33    130084.57 
1995-1999     67        66280.40     62018.75    128299.15 
1995-1999     68        65792.65     59440.33    125232.98 
1995-1999     69        65200.78     57268.25    122469.03 
1995-1999     70        64398.37     54380.35    118778.72 
1995-1999     71        63363.40     52183.08    115546.48 
1995-1999     72        62500.86     49770.55    112271.42 
1995-1999     73        61098.83     48113.21    109212.04 
1995-1999     74        59093.38     45610.48    104703.86 
1995-1999     75        56763.18     42710.91     99474.09 
1995-1999     76        53972.61     39440.79     93413.40 
1995-1999     77        50653.29     36118.45     86771.74 
1995-1999     78        46594.72     32521.22     79115.94 
1995-1999     79        43203.80     29359.82     72563.62 
1995-1999     80        40744.49     26296.35     67040.84 
1995-1999     81        38057.94     23426.74     61484.68 
1995-1999     82        35329.13     20827.82     56156.95 
1995-1999     83        32270.15     18253.19     50523.34 
1995-1999     84        28893.40     15634.19     44527.59 
1995-1999     85        25254.99     13049.40     38304.38 
1995-1999     86        21556.99     10574.57     32131.56 
1995-1999     87        17974.63      8371.85     26346.49 
1995-1999     88        14778.98      6499.06     21278.04 
1995-1999     89        12000.04      4913.35     16913.39 
1995-1999     90         9606.47      3648.62     13255.09 
1995-1999     91         7594.96      2681.86     10276.82 
1995-1999     92         5860.77      1921.51      7782.27 
1995-1999     93         4411.77      1357.63      5769.40 
1995-1999     94         3255.68       969.08      4224.76 
1995-1999     95         2328.94       672.99      3001.93 
1995-1999     96         1618.75       446.17      2064.91 
1995-1999     97         1096.93       280.16      1377.09 
1995-1999     98          714.08       168.07       882.15 
1995-1999     99          435.93       107.07       542.99 
1995-1999    100          264.28        63.45       327.73 
1995-1999    101          167.71        32.94       200.65 
1995-1999    102           97.26        17.84       115.10 
1995-1999    103           51.80        10.02        61.83 
1995-1999    104           24.20         6.98        31.18 
1995-1999    105           10.78         3.54        14.32 
1995-1999    106            4.00         0.72         4.72 
1995-1999    107            0.23         0.22         0.45 
1995-1999    108            0.28         0.00         0.28 
1995-1999    109            0.78         0.00         0.78 
1995-1999    110+           0.47         0.00         0.47 
2000-2004      0       141300.51    149080.36    290380.87 
2000-2004      1       137001.15    144530.62    281531.76 
2000-2004      2       134960.22    141739.30    276699.53 
2000-2004      3       135310.41    142062.33    277372.73 
2000-2004      4       134737.14    141860.97    276598.11 
2000-2004      5       132576.54    140253.72    272830.26 
2000-2004      6       129840.60    137868.66    267709.26 
2000-2004      7       129325.56    137063.32    266388.88 
2000-2004      8       129153.58    135686.50    264840.08 
2000-2004      9       131526.39    138175.98    269702.37 
2000-2004     10       133654.56    140879.94    274534.50 
2000-2004     11       136463.08    143528.73    279991.81 
2000-2004     12       138997.07    145907.79    284904.87 
2000-2004     13       141426.21    148585.95    290012.16 
2000-2004     14       144585.27    152481.96    297067.22 
2000-2004     15       146645.44    154361.62    301007.06 
2000-2004     16       149873.94    157202.00    307075.94 
2000-2004     17       153338.09    161286.68    314624.77 
2000-2004     18       154985.81    162496.37    317482.18 
2000-2004     19       157519.88    163783.17    321303.05 
2000-2004     20       163653.16    165236.06    328889.23 
2000-2004     21       165701.58    166898.84    332600.42 
2000-2004     22       165381.49    166005.52    331387.01 
2000-2004     23       160352.02    163869.04    324221.06 
2000-2004     24       158893.34    161519.12    320412.46 
2000-2004     25       157640.35    159629.90    317270.25 
2000-2004     26       154747.02    155749.79    310496.81 
2000-2004     27       154171.51    153711.36    307882.86 
2000-2004     28       153306.84    154960.81    308267.66 
2000-2004     29       153621.91    156148.22    309770.12 
2000-2004     30       154715.69    154670.47    309386.16 
2000-2004     31       154995.01    152478.95    307473.95 
2000-2004     32       153218.93    151921.26    305140.18 
2000-2004     33       149362.44    149405.83    298768.28 
2000-2004     34       148678.75    149630.13    298308.88 
2000-2004     35       149020.78    148811.28    297832.06 
2000-2004     36       147856.09    146700.31    294556.39 
2000-2004     37       146689.16    145162.66    291851.82 
2000-2004     38       146275.84    143679.75    289955.59 
2000-2004     39       144597.51    143313.46    287910.96 
2000-2004     40       143255.86    141017.34    284273.20 
2000-2004     41       140015.31    139174.67    279189.98 
2000-2004     42       138024.14    136093.48    274117.62 
2000-2004     43       135467.73    134457.76    269925.49 
2000-2004     44       132567.20    132621.57    265188.77 
2000-2004     45       129969.47    130002.90    259972.37 
2000-2004     46       127629.51    127073.79    254703.30 
2000-2004     47       124996.32    125289.89    250286.20 
2000-2004     48       122034.78    123568.20    245602.98 
2000-2004     49       120245.69    121564.56    241810.25 
2000-2004     50       119044.78    120297.56    239342.34 
2000-2004     51       116749.54    118857.81    235607.35 
2000-2004     52       114862.50    117026.59    231889.08 
2000-2004     53       112564.14    115487.57    228051.71 
2000-2004     54       110721.49    114067.28    224788.76 
2000-2004     55       107475.55    109953.26    217428.82 
2000-2004     56       102330.49    105250.27    207580.76 
2000-2004     57        97409.08    100622.52    198031.60 
2000-2004     58        92623.78     94954.94    187578.71 
2000-2004     59        87178.90     89729.83    176908.73 
2000-2004     60        83870.21     85376.20    169246.41 
2000-2004     61        80429.43     82377.19    162806.62 
2000-2004     62        77348.36     78594.37    155942.72 
2000-2004     63        75352.81     75294.02    150646.82 
2000-2004     64        74038.53     73224.67    147263.19 
2000-2004     65        72120.60     70080.62    142201.23 
2000-2004     66        69677.86     67315.10    136992.96 
2000-2004     67        68297.22     65390.21    133687.43 
2000-2004     68        66639.32     63203.50    129842.82 
2000-2004     69        64836.62     61186.58    126023.20 
2000-2004     70        63768.34     58734.15    122502.49 
2000-2004     71        62167.29     55685.87    117853.16 
2000-2004     72        60905.60     52403.52    113309.12 
2000-2004     73        59362.10     48994.18    108356.28 
2000-2004     74        58089.76     46399.46    104489.21 
2000-2004     75        56299.10     43057.37     99356.46 
2000-2004     76        54288.15     40081.53     94369.68 
2000-2004     77        52727.25     37541.05     90268.30 
2000-2004     78        50337.31     34449.29     84786.60 
2000-2004     79        47595.11     32003.06     79598.17 
2000-2004     80        45142.10     29375.89     74518.00 
2000-2004     81        41405.55     25884.54     67290.10 
2000-2004     82        37300.15     22366.09     59666.24 
2000-2004     83        33327.05     19156.31     52483.35 
2000-2004     84        29661.25     16257.29     45918.54 
2000-2004     85        26282.84     13575.99     39858.83 
2000-2004     86        23266.57     11223.49     34490.05 
2000-2004     87        20366.71      9209.67     29576.39 
2000-2004     88        17464.69      7467.34     24932.03 
2000-2004     89        14542.42      5859.29     20401.71 
2000-2004     90        11733.57      4467.26     16200.83 
2000-2004     91         9220.39      3348.19     12568.58 
2000-2004     92         7031.31      2421.01      9452.33 
2000-2004     93         5243.63      1666.66      6910.29 
2000-2004     94         3840.34      1093.15      4933.50 
2000-2004     95         2760.24       716.67      3476.91 
2000-2004     96         1935.76       470.75      2406.51 
2000-2004     97         1308.79       293.93      1602.72 
2000-2004     98          870.76       178.04      1048.81 
2000-2004     99          564.72       111.66       676.39 
2000-2004    100          338.42        68.23       406.65 
2000-2004    101          197.79        36.85       234.64 
2000-2004    102          115.07        20.87       135.94 
2000-2004    103           63.68        11.78        75.45 
2000-2004    104           33.75         5.34        39.09 
2000-2004    105           17.40         2.38        19.78 
2000-2004    106           10.35         1.28        11.63 
2000-2004    107            7.42         0.70         8.12 
2000-2004    108            4.35         0.00         4.35 
2000-2004    109            1.16         0.00         1.16 
2000-2004    110+           0.00         0.00         0.00 
2005-2009      0       164685.22    173090.49    337775.71 
2005-2009      1       157114.92    165056.41    322171.33 
2005-2009      2       152304.13    160153.95    312458.08 
2005-2009      3       148777.02    155736.57    304513.58 
2005-2009      4       148264.76    155098.19    303362.96 
2005-2009      5       148936.92    155070.56    304007.49 
2005-2009      6       147449.18    154814.70    302263.88 
2005-2009      7       146252.17    152810.68    299062.85 
2005-2009      8       143466.48    150967.61    294434.09 
2005-2009      9       141667.13    148833.92    290501.05 
2005-2009     10       139176.52    147073.90    286250.41 
2005-2009     11       136843.62    143886.09    280729.71 
2005-2009     12       135485.66    143059.64    278545.30 
2005-2009     13       135459.14    142973.97    278433.11 
2005-2009     14       137148.33    144778.41    281926.74 
2005-2009     15       138825.87    146481.90    285307.77 
2005-2009     16       140887.80    148470.46    289358.27 
2005-2009     17       143232.36    149871.02    293103.38 
2005-2009     18       145864.29    149349.29    295213.58 
2005-2009     19       150057.04    151301.88    301358.93 
2005-2009     20       159774.95    159730.65    319505.60 
2005-2009     21       168296.80    168374.84    336671.64 
2005-2009     22       179055.34    179775.56    358830.90 
2005-2009     23       187978.04    187624.65    375602.69 
2005-2009     24       195383.89    193431.63    388815.52 
2005-2009     25       195659.85    194658.60    390318.45 
2005-2009     26       195859.47    196326.97    392186.44 
2005-2009     27       193838.00    194768.52    388606.52 
2005-2009     28       190988.02    193072.07    384060.09 
2005-2009     29       185698.73    190331.94    376030.67 
2005-2009     30       181847.74    186170.98    368018.72 
2005-2009     31       178908.18    181350.43    360258.61 
2005-2009     32       177856.26    181339.82    359196.08 
2005-2009     33       176292.38    180112.18    356404.57 
2005-2009     34       174823.62    179371.41    354195.03 
2005-2009     35       173641.54    178144.93    351786.47 
2005-2009     36       170752.45    175020.09    345772.54 
2005-2009     37       165336.65    170296.69    335633.34 
2005-2009     38       160705.16    167060.40    327765.57 
2005-2009     39       157703.11    163492.68    321195.79 
2005-2009     40       155779.69    159247.05    315026.74 
2005-2009     41       154535.59    156127.17    310662.77 
2005-2009     42       153624.41    154430.71    308055.12 
2005-2009     43       152239.09    152557.06    304796.15 
2005-2009     44       149312.12    149857.03    299169.15 
2005-2009     45       147397.33    147579.62    294976.95 
2005-2009     46       144704.33    145377.01    290081.33 
2005-2009     47       141168.42    141388.11    282556.53 
2005-2009     48       137087.13    138144.69    275231.82 
2005-2009     49       134244.49    134807.84    269052.33 
2005-2009     50       131419.61    133078.82    264498.43 
2005-2009     51       128548.04    129688.65    258236.69 
2005-2009     52       126387.04    127824.41    254211.46 
2005-2009     53       123850.87    124661.92    248512.79 
2005-2009     54       120244.21    122431.26    242675.46 
2005-2009     55       118261.59    120177.62    238439.21 
2005-2009     56       116002.66    117881.90    233884.56 
2005-2009     57       113485.61    116002.58    229488.19 
2005-2009     58       111282.91    113377.50    224660.41 
2005-2009     59       108007.37    110387.00    218394.37 
2005-2009     60       104685.51    106654.03    211339.55 
2005-2009     61       100171.40    102355.90    202527.30 
2005-2009     62        95492.59     97372.58    192865.18 
2005-2009     63        90340.08     91554.72    181894.80 
2005-2009     64        84513.52     85904.16    170417.68 
2005-2009     65        80577.11     80952.04    161529.15 
2005-2009     66        76810.01     76488.40    153298.40 
2005-2009     67        73900.59     72603.41    146504.00 
2005-2009     68        71314.59     69560.15    140874.74 
2005-2009     69        69211.50     66601.35    135812.85 
2005-2009     70        67218.63     63662.41    130881.04 
2005-2009     71        65063.44     60451.47    125514.90 
2005-2009     72        63149.32     57798.97    120948.29 
2005-2009     73        61227.92     54186.25    115414.17 
2005-2009     74        58780.11     51566.11    110346.22 
2005-2009     75        56667.07     48351.08    105018.14 
2005-2009     76        54189.81     44748.80     98938.61 
2005-2009     77        52315.12     41672.98     93988.10 
2005-2009     78        50026.65     37748.51     87775.17 
2005-2009     79        47953.88     34471.49     82425.38 
2005-2009     80        45862.48     31593.54     77456.02 
2005-2009     81        43351.95     28257.69     71609.64 
2005-2009     82        41144.89     25361.42     66506.31 
2005-2009     83        38420.88     22846.57     61267.45 
2005-2009     84        34978.44     20002.83     54981.28 
2005-2009     85        31425.83     17133.21     48559.04 
2005-2009     86        27479.99     14292.82     41772.81 
2005-2009     87        23412.34     11538.98     34951.31 
2005-2009     88        19746.37      9105.83     28852.20 
2005-2009     89        16511.42      7077.71     23589.13 
2005-2009     90        13556.28      5391.47     18947.76 
2005-2009     91        11059.97      4022.19     15082.16 
2005-2009     92         8889.83      2965.81     11855.65 
2005-2009     93         6950.60      2147.61      9098.21 
2005-2009     94         5291.70      1496.01      6787.71 
2005-2009     95         3850.26      1000.37      4850.63 
2005-2009     96         2668.23       649.24      3317.46 
2005-2009     97         1785.53       417.22      2202.75 
2005-2009     98         1171.80       256.97      1428.77 
2005-2009     99          758.17       148.36       906.53 
2005-2009    100          471.75        79.35       551.10 
2005-2009    101          290.52        40.89       331.40 
2005-2009    102          172.57        20.92       193.49 
2005-2009    103           93.72        12.01       105.73 
2005-2009    104           47.34         7.65        54.99 
2005-2009    105           22.37         4.32        26.69 
2005-2009    106            9.88         1.14        11.02 
2005-2009    107            3.87         0.00         3.87 
2005-2009    108            1.96         0.00         1.96 
2005-2009    109            0.71         0.00         0.71 
2005-2009    110+           0.00         0.00         0.00 
2010-2014      0       175688.02    184125.56    359813.58 
2010-2014      1       177598.13    185385.06    362983.19 
2010-2014      2       178726.80    186035.70    364762.51 
2010-2014      3       176325.03    183055.74    359380.76 
2010-2014      4       171605.85    178532.67    350138.52 
2010-2014      5       167853.23    174749.78    342603.01 
2010-2014      6       163848.40    171251.69    335100.09 
2010-2014      7       160112.88    166932.30    327045.18 
2010-2014      8       157169.33    164113.62    321282.95 
2010-2014      9       155068.03    161855.74    316923.77 
2010-2014     10       153279.79    160100.31    313380.10 
2010-2014     11       151225.89    157903.88    309129.78 
2010-2014     12       149143.40    156364.54    305507.94 
2010-2014     13       147016.80    154602.53    301619.34 
2010-2014     14       144583.64    152614.99    297198.63 
2010-2014     15       142344.92    150326.51    292671.43 
2010-2014     16       140119.23    147968.34    288087.57 
2010-2014     17       137409.35    145307.62    282716.98 
2010-2014     18       132073.22    139585.89    271659.11 
2010-2014     19       129464.38    135199.29    264663.67 
2010-2014     20       130704.48    135266.66    265971.15 
2010-2014     21       133426.17    135918.33    269344.50 
2010-2014     22       137257.49    138285.18    275542.66 
2010-2014     23       142085.24    141795.49    283880.73 
2010-2014     24       148634.96    145079.65    293714.62 
2010-2014     25       157203.48    149509.19    306712.67 
2010-2014     26       166612.36    156202.06    322814.42 
2010-2014     27       175726.00    163222.53    338948.53 
2010-2014     28       184485.62    169776.41    354262.03 
2010-2014     29       191679.24    177550.16    369229.39 
2010-2014     30       197482.03    184480.55    381962.58 
2010-2014     31       199978.29    188441.07    388419.36 
2010-2014     32       199788.42    189593.44    389381.86 
2010-2014     33       196881.97    189197.20    386079.17 
2010-2014     34       192433.12    187425.11    379858.24 
2010-2014     35       188316.52    184680.03    372996.55 
2010-2014     36       185221.18    182273.35    367494.52 
2010-2014     37       182442.61    180910.83    363353.44 
2010-2014     38       180503.48    179626.33    360129.80 
2010-2014     39       178202.86    178079.79    356282.65 
2010-2014     40       175504.72    176021.61    351526.33 
2010-2014     41       171971.22    172520.73    344491.95 
2010-2014     42       167552.46    168885.57    336438.02 
2010-2014     43       163962.23    165362.54    329324.76 
2010-2014     44       160518.69    161542.40    322061.10 
2010-2014     45       158142.43    158594.65    316737.07 
2010-2014     46       156944.39    156748.27    313692.66 
2010-2014     47       155526.34    154110.34    309636.68 
2010-2014     48       153082.48    151338.81    304421.29 
2010-2014     49       150979.67    148584.99    299564.65 
2010-2014     50       147836.27    145913.20    293749.47 
2010-2014     51       143739.95    142030.04    285769.99 
2010-2014     52       140451.20    139065.54    279516.74 
2010-2014     53       137410.40    135794.96    273205.36 
2010-2014     54       133540.01    132469.45    266009.46 
2010-2014     55       130208.69    129236.38    259445.08 
2010-2014     56       127375.65    126519.42    253895.07 
2010-2014     57       124450.84    123981.22    248432.06 
2010-2014     58       121789.83    121204.77    242994.60 
2010-2014     59       118630.13    118412.26    237042.39 
2010-2014     60       115879.84    115714.01    231593.85 
2010-2014     61       113256.98    112856.26    226113.24 
2010-2014     62       110621.80    110487.40    221109.20 
2010-2014     63       108017.97    107851.45    215869.43 
2010-2014     64       104740.77    104997.24    209738.01 
2010-2014     65       101051.29    101301.04    202352.34 
2010-2014     66        96616.35     96648.10    193264.46 
2010-2014     67        91843.85     91312.11    183155.96 
2010-2014     68        86468.19     85374.38    171842.57 
2010-2014     69        81085.96     79437.08    160523.04 
2010-2014     70        76491.63     74132.14    150623.77 
2010-2014     71        72691.68     69518.29    142209.97 
2010-2014     72        68977.89     65447.13    134425.03 
2010-2014     73        66345.31     61429.01    127774.32 
2010-2014     74        63938.76     58330.39    122269.14 
2010-2014     75        61643.97     54965.93    116609.90 
2010-2014     76        58911.27     51461.58    110372.86 
2010-2014     77        56390.47     48156.64    104547.12 
2010-2014     78        53567.95     44313.70     97881.66 
2010-2014     79        50711.90     40761.60     91473.49 
2010-2014     80        47955.18     37430.89     85386.07 
2010-2014     81        44744.46     33424.83     78169.29 
2010-2014     82        41780.80     29480.64     71261.44 
2010-2014     83        39141.53     25980.89     65122.42 
2010-2014     84        36072.99     22615.89     58688.88 
2010-2014     85        32836.63     19468.74     52305.37 
2010-2014     86        30000.24     16784.55     46784.79 
2010-2014     87        27047.26     14317.74     41365.01 
2010-2014     88        23884.80     12021.38     35906.18 
2010-2014     89        20626.90      9873.53     30500.42 
2010-2014     90        17461.20      7809.90     25271.10 
2010-2014     91        14238.49      5914.10     20152.60 
2010-2014     92        11179.11      4321.68     15500.79 
2010-2014     93         8620.77      3061.85     11682.62 
2010-2014     94         6556.54      2138.09      8694.64 
2010-2014     95         4870.23      1452.05      6322.28 
2010-2014     96         3582.22       948.37      4530.59 
2010-2014     97         2554.16       599.66      3153.82 
2010-2014     98         1741.20       368.57      2109.77 
2010-2014     99         1144.20       217.59      1361.79 
2010-2014    100          722.76       118.98       841.74 
2010-2014    101          442.84        62.82       505.66 
2010-2014    102          257.40        32.01       289.41 
2010-2014    103          143.09        12.65       155.74 
2010-2014    104           77.18         3.86        81.04 
2010-2014    105           40.41         2.60        43.01 
2010-2014    106           18.81         1.70        20.51 
2010-2014    107            7.36         1.00         8.36 
2010-2014    108            3.28         0.46         3.74 
2010-2014    109            0.93         0.00         0.93 
2010-2014    110+           0.00         0.00         0.00 
