Japan, Exposure to risk (period 1x5)     Last modified: 26-Sep-2016, MPv5 (May07)

   Year      Age       Female          Male         Total
1947-1949      0      3601005.79   3772075.88   7373081.67 
1947-1949      1      3084657.73   3208287.74   6292945.47 
1947-1949      2      2710044.02   2799691.77   5509735.79 
1947-1949      3      2638048.21   2708816.52   5346864.74 
1947-1949      4      2781468.95   2850029.09   5631498.04 
1947-1949      5      2889524.87   2960479.16   5850004.03 
1947-1949      6      2879087.81   2948733.09   5827820.90 
1947-1949      7      2767658.05   2832980.04   5600638.10 
1947-1949      8      2609111.04   2668275.49   5277386.53 
1947-1949      9      2515704.78   2571522.73   5087227.51 
1947-1949     10      2541280.14   2595821.16   5137101.30 
1947-1949     11      2610416.42   2664503.95   5274920.37 
1947-1949     12      2621599.73   2674971.88   5296571.61 
1947-1949     13      2588939.38   2639960.43   5228899.81 
1947-1949     14      2559983.10   2607642.64   5167625.74 
1947-1949     15      2548147.68   2593676.47   5141824.15 
1947-1949     16      2527392.34   2568523.12   5095915.46 
1947-1949     17      2484667.52   2512947.47   4997614.98 
1947-1949     18      2432546.13   2437924.61   4870470.74 
1947-1949     19      2383000.13   2370755.91   4753756.04 
1947-1949     20      2342442.31   2314159.44   4656601.76 
1947-1949     21      2306583.50   2243056.90   4549640.40 
1947-1949     22      2254772.30   2127899.91   4382672.21 
1947-1949     23      2178787.96   1961879.73   4140667.69 
1947-1949     24      2095594.43   1777653.60   3873248.03 
1947-1949     25      2021753.01   1619431.78   3641184.79 
1947-1949     26      1970133.86   1523407.53   3493541.39 
1947-1949     27      1903779.48   1470261.84   3374041.31 
1947-1949     28      1810233.15   1426524.99   3236758.15 
1947-1949     29      1715730.15   1387972.40   3103702.56 
1947-1949     30      1660557.88   1375131.35   3035689.22 
1947-1949     31      1656805.49   1394082.79   3050888.28 
1947-1949     32      1658888.19   1413301.50   3072189.69 
1947-1949     33      1648486.35   1422162.57   3070648.92 
1947-1949     34      1627918.03   1419241.94   3047159.97 
1947-1949     35      1607708.36   1413085.61   3020793.96 
1947-1949     36      1581512.72   1404821.56   2986334.27 
1947-1949     37      1546651.55   1396213.01   2942864.56 
1947-1949     38      1502399.76   1382034.66   2884434.42 
1947-1949     39      1456614.65   1367452.58   2824067.22 
1947-1949     40      1389824.54   1338131.91   2727956.45 
1947-1949     41      1308085.41   1290943.79   2599029.20 
1947-1949     42      1239506.92   1242515.04   2482021.96 
1947-1949     43      1206949.46   1218605.77   2425555.23 
1947-1949     44      1208454.44   1225581.24   2434035.69 
1947-1949     45      1210031.05   1235756.43   2445787.49 
1947-1949     46      1198028.45   1229031.51   2427059.96 
1947-1949     47      1157125.83   1190618.77   2347744.60 
1947-1949     48      1103185.99   1138217.08   2241403.07 
1947-1949     49      1051839.38   1090058.90   2141898.28 
1947-1949     50      1010262.12   1050960.68   2061222.80 
1947-1949     51       977347.64   1017135.05   1994482.70 
1947-1949     52       943706.38    978740.53   1922446.91 
1947-1949     53       907150.87    935324.93   1842475.80 
1947-1949     54       869195.68    891753.40   1760949.08 
1947-1949     55       831413.29    847420.11   1678833.40 
1947-1949     56       803354.34    808917.63   1612271.97 
1947-1949     57       792561.56    786247.51   1578809.07 
1947-1949     58       789975.45    771892.26   1561867.71 
1947-1949     59       780283.07    752516.28   1532799.35 
1947-1949     60       743234.21    706666.79   1449901.00 
1947-1949     61       696279.43    648038.20   1344317.63 
1947-1949     62       664261.60    600278.60   1264540.20 
1947-1949     63       649168.72    568992.38   1218161.10 
1947-1949     64       639927.96    545461.13   1185389.08 
1947-1949     65       626572.31    521343.24   1147915.55 
1947-1949     66       604690.41    494494.68   1099185.09 
1947-1949     67       576010.40    464077.42   1040087.82 
1947-1949     68       547101.05    432225.56    979326.61 
1947-1949     69       518816.35    400638.36    919454.71 
1947-1949     70       491445.42    371335.33    862780.76 
1947-1949     71       458628.14    338589.06    797217.20 
1947-1949     72       418843.03    301243.46    720086.49 
1947-1949     73       375790.96    263275.65    639066.61 
1947-1949     74       333554.03    227260.05    560814.08 
1947-1949     75       290765.39    193327.44    484092.83 
1947-1949     76       245732.26    159569.11    405301.37 
1947-1949     77       204667.99    129384.24    334052.22 
1947-1949     78       176884.46    107666.58    284551.04 
1947-1949     79       157480.36     92211.85    249692.21 
1947-1949     80       137309.98     77685.17    214995.15 
1947-1949     81       116119.98     63135.74    179255.72 
1947-1949     82        97105.33     50524.93    147630.27 
1947-1949     83        78895.99     39736.60    118632.60 
1947-1949     84        59599.10     29104.91     88704.01 
1947-1949     85        42730.75     20180.82     62911.57 
1947-1949     86        31344.38     14201.20     45545.58 
1947-1949     87        24007.48     10452.74     34460.22 
1947-1949     88        18589.24      7987.50     26576.74 
1947-1949     89        14037.89      5919.48     19957.37 
1947-1949     90        10175.94      4166.84     14342.78 
1947-1949     91         7177.27      2817.64      9994.91 
1947-1949     92         4897.63      1792.88      6690.51 
1947-1949     93         3205.91      1144.28      4350.19 
1947-1949     94         2046.32       745.80      2792.12 
1947-1949     95         1228.94       478.70      1707.65 
1947-1949     96          742.34       280.46      1022.80 
1947-1949     97          453.27       173.57       626.84 
1947-1949     98          260.04       118.04       378.08 
1947-1949     99          148.35        72.19       220.53 
1947-1949    100           81.17        34.17       115.34 
1947-1949    101           44.67        15.50        60.17 
1947-1949    102           26.33        10.50        36.83 
1947-1949    103           18.50         5.17        23.67 
1947-1949    104           10.50         2.17        12.67 
1947-1949    105            6.33         2.50         8.83 
1947-1949    106            3.33         1.50         4.83 
1947-1949    107            2.83         2.17         5.00 
1947-1949    108            2.50         0.83         3.33 
1947-1949    109            2.67         0.50         3.17 
1947-1949    110+          16.83         5.50        22.33 
1950-1954      0      5017777.36   5246992.60  10264769.96 
1950-1954      1      5262191.53   5486107.82  10748299.35 
1950-1954      2      5513853.61   5745724.08  11259577.69 
1950-1954      3      5524363.07   5756663.10  11281026.17 
1950-1954      4      5294324.52   5513206.40  10807530.92 
1950-1954      5      5023988.38   5220825.36  10244813.73 
1950-1954      6      4776007.88   4948105.95   9724113.83 
1950-1954      7      4560180.20   4706736.95   9266917.14 
1950-1954      8      4531181.90   4660470.04   9191651.95 
1950-1954      9      4653833.07   4778341.78   9432174.84 
1950-1954     10      4650297.15   4771894.36   9422191.51 
1950-1954     11      4523497.27   4638149.02   9161646.28 
1950-1954     12      4411007.33   4517442.03   8928449.35 
1950-1954     13      4322968.68   4420446.29   8743414.97 
1950-1954     14      4266820.60   4355590.62   8622411.23 
1950-1954     15      4269283.53   4349557.44   8618840.96 
1950-1954     16      4299851.00   4372439.82   8672290.82 
1950-1954     17      4298352.93   4360833.69   8659186.63 
1950-1954     18      4258874.49   4307728.21   8566602.70 
1950-1954     19      4197483.72   4230694.45   8428178.18 
1950-1954     20      4133964.09   4149855.49   8283819.58 
1950-1954     21      4065738.63   4063252.62   8128991.25 
1950-1954     22      3984654.40   3965721.32   7950375.72 
1950-1954     23      3903728.09   3862051.97   7765780.06 
1950-1954     24      3828226.81   3750390.54   7578617.35 
1950-1954     25      3741686.23   3609732.21   7351418.45 
1950-1954     26      3640806.64   3423676.54   7064483.18 
1950-1954     27      3535310.45   3199793.11   6735103.57 
1950-1954     28      3418048.46   2959922.49   6377970.94 
1950-1954     29      3310248.15   2748018.51   6058266.66 
1950-1954     30      3199614.73   2574074.92   5773689.66 
1950-1954     31      3067621.44   2436016.95   5503638.39 
1950-1954     32      2949195.89   2356524.83   5305720.72 
1950-1954     33      2859366.77   2323903.51   5183270.29 
1950-1954     34      2772951.27   2300686.21   5073637.48 
1950-1954     35      2716401.06   2297466.30   5013867.37 
1950-1954     36      2705678.58   2323545.85   5029224.43 
1950-1954     37      2693801.89   2341865.46   5035667.35 
1950-1954     38      2667613.60   2343304.87   5010918.48 
1950-1954     39      2623881.06   2329381.01   4953262.07 
1950-1954     40      2570522.39   2308231.58   4878753.97 
1950-1954     41      2511171.77   2281819.63   4792991.40 
1950-1954     42      2441393.13   2253647.90   4695041.03 
1950-1954     43      2344832.83   2208435.68   4553268.51 
1950-1954     44      2236673.94   2145822.50   4382496.44 
1950-1954     45      2138359.26   2083964.66   4222323.93 
1950-1954     46      2054839.80   2033036.02   4087875.82 
1950-1954     47      1994754.49   1996049.91   3990804.39 
1950-1954     48      1963063.53   1977256.88   3940320.41 
1950-1954     49      1940852.21   1963491.33   3904343.54 
1950-1954     50      1898450.82   1928306.17   3826756.99 
1950-1954     51      1841188.52   1875703.20   3716891.72 
1950-1954     52      1771595.49   1809649.70   3581245.19 
1950-1954     53      1694932.79   1733078.15   3428010.94 
1950-1954     54      1624807.18   1658651.50   3283458.68 
1950-1954     55      1566484.65   1592851.05   3159335.70 
1950-1954     56      1506590.65   1525017.59   3031608.25 
1950-1954     57      1445543.46   1455367.92   2900911.37 
1950-1954     58      1385880.85   1384176.71   2770057.56 
1950-1954     59      1329400.16   1312643.97   2642044.14 
1950-1954     60      1289463.17   1254825.11   2544288.29 
1950-1954     61      1258359.50   1205636.51   2463996.01 
1950-1954     62      1220898.54   1151994.02   2372892.56 
1950-1954     63      1176692.92   1089803.98   2266496.89 
1950-1954     64      1127442.97   1022536.20   2149979.17 
1950-1954     65      1072719.81    950119.76   2022839.57 
1950-1954     66      1020315.24    876820.56   1897135.81 
1950-1954     67       975332.97    810419.29   1785752.26 
1950-1954     68       939596.19    758601.43   1698197.62 
1950-1954     69       903786.96    711127.25   1614914.22 
1950-1954     70       860620.42    660238.35   1520858.77 
1950-1954     71       813977.92    609633.45   1423611.37 
1950-1954     72       763222.41    558249.03   1321471.44 
1950-1954     73       710627.95    506265.75   1216893.70 
1950-1954     74       654550.25    453264.58   1107814.83 
1950-1954     75       592738.73    399061.18    991799.91 
1950-1954     76       528233.52    345350.87    873584.39 
1950-1954     77       464166.88    294633.41    758800.29 
1950-1954     78       398630.04    245951.48    644581.51 
1950-1954     79       334548.74    200192.78    534741.52 
1950-1954     80       268998.77    155174.92    424173.69 
1950-1954     81       222745.45    124236.38    346981.83 
1950-1954     82       184664.57     98957.93    283622.50 
1950-1954     83       152444.38     77978.15    230422.52 
1950-1954     84       126296.12     62037.48    188333.59 
1950-1954     85       103059.28     48665.46    151724.74 
1950-1954     86        79532.50     35980.26    115512.76 
1950-1954     87        58804.74     25497.89     84302.63 
1950-1954     88        42646.87     17754.78     60401.65 
1950-1954     89        29845.72     11926.35     41772.07 
1950-1954     90        20323.26      7787.11     28110.37 
1950-1954     91        14022.11      5132.68     19154.79 
1950-1954     92         9679.38      3473.18     13152.56 
1950-1954     93         6627.87      2275.55      8903.42 
1950-1954     94         4409.08      1445.79      5854.87 
1950-1954     95         2826.65       908.23      3734.88 
1950-1954     96         1780.41       566.19      2346.60 
1950-1954     97         1089.20       337.51      1426.71 
1950-1954     98          635.50       196.67       832.17 
1950-1954     99          331.83       105.50       437.33 
1950-1954    100          178.50        68.50       247.00 
1950-1954    101           97.83        48.17       146.00 
1950-1954    102           63.33        28.00        91.33 
1950-1954    103           37.67        18.67        56.33 
1950-1954    104           22.00        12.17        34.17 
1950-1954    105           17.33         5.33        22.67 
1950-1954    106           11.50         2.00        13.50 
1950-1954    107            8.67         0.50         9.17 
1950-1954    108            5.67         0.00         5.67 
1950-1954    109            3.50         0.00         3.50 
1950-1954    110+           7.83         1.67         9.50 
1955-1959      0      3964933.69   4168710.42   8133644.11 
1955-1959      1      3982435.44   4173011.42   8155446.86 
1955-1959      2      4115186.54   4306204.61   8421391.15 
1955-1959      3      4308847.02   4503468.70   8812315.72 
1955-1959      4      4541303.97   4742488.33   9283792.30 
1955-1959      5      4839722.95   5048409.67   9888132.62 
1955-1959      6      5178624.03   5397906.77  10576530.80 
1955-1959      7      5456087.71   5687037.30  11143125.01 
1955-1959      8      5495595.46   5727183.61  11222779.07 
1955-1959      9      5281283.76   5496882.99  10778166.74 
1955-1959     10      5016585.51   5208544.08  10225129.58 
1955-1959     11      4768638.24   4934377.23   9703015.46 
1955-1959     12      4551266.07   4688949.97   9240216.04 
1955-1959     13      4520158.87   4636359.57   9156518.44 
1955-1959     14      4640911.53   4744507.46   9385419.00 
1955-1959     15      4635183.78   4724992.92   9360176.71 
1955-1959     16      4505127.41   4575638.98   9080766.40 
1955-1959     17      4385914.43   4434436.87   8820351.30 
1955-1959     18      4290667.21   4317127.69   8607794.90 
1955-1959     19      4229546.55   4235979.86   8465526.41 
1955-1959     20      4226545.73   4217466.63   8444012.35 
1955-1959     21      4249686.44   4229902.42   8479588.86 
1955-1959     22      4241601.26   4217128.49   8458729.75 
1955-1959     23      4196361.25   4172131.71   8368492.96 
1955-1959     24      4131306.18   4109159.37   8240465.55 
1955-1959     25      4067986.12   4047673.53   8115659.65 
1955-1959     26      4002719.94   3984778.01   7987497.94 
1955-1959     27      3923746.65   3905836.01   7829582.66 
1955-1959     28      3843909.88   3815049.20   7658959.08 
1955-1959     29      3771124.74   3713283.89   7484408.63 
1955-1959     30      3690350.59   3582001.84   7272352.43 
1955-1959     31      3594240.89   3400132.24   6994373.13 
1955-1959     32      3491954.52   3178120.35   6670074.87 
1955-1959     33      3377963.75   2940106.65   6318070.40 
1955-1959     34      3271614.64   2726969.65   5998584.29 
1955-1959     35      3160780.68   2549677.02   5710457.71 
1955-1959     36      3029167.02   2409945.57   5439112.59 
1955-1959     37      2910572.36   2327965.46   5238537.83 
1955-1959     38      2819059.10   2292322.29   5111381.39 
1955-1959     39      2729680.28   2266057.05   4995737.34 
1955-1959     40      2670628.06   2259507.02   4930135.08 
1955-1959     41      2658221.08   2282179.89   4940400.98 
1955-1959     42      2645685.08   2297828.72   4943513.80 
1955-1959     43      2618333.18   2295171.87   4913505.05 
1955-1959     44      2575897.98   2279659.37   4855557.35 
1955-1959     45      2523773.72   2257085.72   4780859.44 
1955-1959     46      2460494.03   2226539.83   4687033.86 
1955-1959     47      2386571.07   2192735.07   4579306.15 
1955-1959     48      2288693.09   2142156.68   4430849.77 
1955-1959     49      2181335.67   2075865.95   4257201.62 
1955-1959     50      2081608.77   2010295.43   4091904.20 
1955-1959     51      1995884.84   1954788.68   3950673.52 
1955-1959     52      1932431.46   1911372.16   3843803.62 
1955-1959     53      1895576.59   1884184.91   3779761.50 
1955-1959     54      1869689.78   1863700.37   3733390.15 
1955-1959     55      1825709.40   1823934.87   3649644.27 
1955-1959     56      1768009.51   1766441.01   3534450.52 
1955-1959     57      1698693.93   1695207.13   3393901.06 
1955-1959     58      1620711.12   1611854.68   3232565.79 
1955-1959     59      1546326.41   1529629.03   3075955.44 
1955-1959     60      1481797.49   1455876.99   2937674.48 
1955-1959     61      1415900.49   1380233.05   2796133.54 
1955-1959     62      1348339.79   1301365.08   2649704.87 
1955-1959     63      1280244.82   1220961.62   2501206.44 
1955-1959     64      1213517.79   1141095.95   2354613.74 
1955-1959     65      1163446.41   1074412.34   2237858.75 
1955-1959     66      1122582.70   1017070.61   2139653.32 
1955-1959     67      1077574.17    956716.26   2034290.44 
1955-1959     68      1028187.09    890474.68   1918661.77 
1955-1959     69       973479.47    820571.33   1794050.81 
1955-1959     70       912982.32    746815.47   1659797.80 
1955-1959     71       854399.71    673035.00   1527434.70 
1955-1959     72       801380.27    605795.81   1407176.08 
1955-1959     73       755289.19    550143.75   1305432.94 
1955-1959     74       709881.42    500185.91   1210067.33 
1955-1959     75       658831.03    449170.67   1108001.70 
1955-1959     76       605402.45    399622.86   1005025.31 
1955-1959     77       549629.12    351997.68    901626.81 
1955-1959     78       493892.58    305652.35    799544.92 
1955-1959     79       437586.01    261448.38    699034.39 
1955-1959     80       373396.09    216567.42    589963.51 
1955-1959     81       318411.67    177901.06    496312.73 
1955-1959     82       265506.84    143177.62    408684.46 
1955-1959     83       213681.71    111162.32    324844.03 
1955-1959     84       167416.86     83834.96    251251.82 
1955-1959     85       130192.29     62547.48    192739.77 
1955-1959     86       100477.60     46363.82    146841.43 
1955-1959     87        76979.84     33831.34    110811.19 
1955-1959     88        58182.42     24196.75     82379.17 
1955-1959     89        43951.02     17276.37     61227.39 
1955-1959     90        32483.66     12125.62     44609.28 
1955-1959     91        22613.91      8060.25     30674.16 
1955-1959     92        14951.14      5038.24     19989.37 
1955-1959     93         9683.88      3047.78     12731.66 
1955-1959     94         5970.99      1762.86      7733.85 
1955-1959     95         3564.81       988.50      4553.31 
1955-1959     96         2117.31       595.67      2712.98 
1955-1959     97         1286.99       370.50      1657.49 
1955-1959     98          752.83       222.50       975.33 
1955-1959     99          444.83       131.00       575.83 
1955-1959    100          270.00        68.33       338.33 
1955-1959    101          143.50        38.00       181.50 
1955-1959    102           69.33        20.83        90.17 
1955-1959    103           36.00        12.67        48.67 
1955-1959    104           17.83         9.33        27.17 
1955-1959    105            7.50         7.50        15.00 
1955-1959    106            8.50         4.67        13.17 
1955-1959    107            7.00         3.50        10.50 
1955-1959    108            5.50         2.67         8.17 
1955-1959    109            2.00         0.83         2.83 
1955-1959    110+           9.67         0.00         9.67 
1960-1964      0      3902968.38   4105147.83   8008116.21 
1960-1964      1      3835037.27   4016721.57   7851758.84 
1960-1964      2      3795692.31   3967199.99   7762892.31 
1960-1964      3      3790488.24   3955899.06   7746387.30 
1960-1964      4      3827672.33   3991731.65   7819403.98 
1960-1964      5      3885306.50   4051428.58   7936735.08 
1960-1964      6      3965101.83   4133751.21   8098853.04 
1960-1964      7      4107664.96   4279432.31   8387097.26 
1960-1964      8      4304197.93   4481703.10   8785901.03 
1960-1964      9      4536828.14   4720633.99   9257462.12 
1960-1964     10      4839597.96   5029367.35   9868965.31 
1960-1964     11      5182271.76   5379759.07  10562030.83 
1960-1964     12      5462863.42   5666774.76  11129638.19 
1960-1964     13      5501695.70   5699206.25  11200901.95 
1960-1964     14      5277795.32   5450599.96  10728395.28 
1960-1964     15      4998904.00   5137307.78  10136211.79 
1960-1964     16      4736504.57   4837628.83   9574133.40 
1960-1964     17      4504852.40   4566711.26   9071563.65 
1960-1964     18      4463804.17   4488730.40   8952534.57 
1960-1964     19      4579582.19   4573888.02   9153470.21 
1960-1964     20      4573152.35   4544273.00   9117425.35 
1960-1964     21      4445398.26   4398678.76   8844077.03 
1960-1964     22      4329068.25   4267894.17   8596962.42 
1960-1964     23      4235348.80   4166824.91   8402173.72 
1960-1964     24      4174219.47   4106049.71   8280269.18 
1960-1964     25      4170125.92   4109317.78   8279443.71 
1960-1964     26      4192099.69   4144692.49   8336792.18 
1960-1964     27      4183564.21   4155107.85   8338672.07 
1960-1964     28      4139743.55   4130353.72   8270097.27 
1960-1964     29      4078763.78   4083192.50   8161956.28 
1960-1964     30      4020414.55   4034076.91   8054491.46 
1960-1964     31      3958189.73   3978022.98   7936212.70 
1960-1964     32      3882132.74   3900160.51   7782293.25 
1960-1964     33      3805071.86   3807024.68   7612096.53 
1960-1964     34      3734412.65   3702422.28   7436834.93 
1960-1964     35      3653981.48   3565761.20   7219742.68 
1960-1964     36      3556016.98   3377475.22   6933492.20 
1960-1964     37      3451825.87   3151366.10   6603191.97 
1960-1964     38      3337356.67   2911522.14   6248878.81 
1960-1964     39      3231732.94   2697951.50   5929684.44 
1960-1964     40      3119852.53   2519273.87   5639126.39 
1960-1964     41      2984670.61   2376109.79   5360780.41 
1960-1964     42      2862206.45   2289309.27   5151515.71 
1960-1964     43      2769483.91   2250080.83   5019564.73 
1960-1964     44      2681811.57   2221784.93   4903596.50 
1960-1964     45      2622646.22   2211785.93   4834432.15 
1960-1964     46      2608193.34   2229499.65   4837692.99 
1960-1964     47      2593595.95   2240179.33   4833775.27 
1960-1964     48      2562626.37   2232219.33   4794845.69 
1960-1964     49      2514685.61   2210047.07   4724732.68 
1960-1964     50      2456903.50   2180894.69   4637798.19 
1960-1964     51      2388778.33   2144207.78   4532986.10 
1960-1964     52      2310099.42   2103523.59   4413623.00 
1960-1964     53      2209653.98   2047150.19   4256804.16 
1960-1964     54      2101064.33   1976310.50   4077374.83 
1960-1964     55      2000959.31   1906726.52   3907685.83 
1960-1964     56      1916596.05   1846714.66   3763310.71 
1960-1964     57      1852442.01   1795362.85   3647804.85 
1960-1964     58      1811578.48   1757207.30   3568785.78 
1960-1964     59      1780790.99   1725426.30   3506217.29 
1960-1964     60      1731650.12   1674152.73   3405802.85 
1960-1964     61      1667305.66   1605250.08   3272555.75 
1960-1964     62      1589753.77   1522849.80   3112603.56 
1960-1964     63      1505287.63   1431621.37   2936909.00 
1960-1964     64      1424668.65   1342519.33   2767187.98 
1960-1964     65      1352609.09   1261198.94   2613808.03 
1960-1964     66      1280929.78   1179006.99   2459936.77 
1960-1964     67      1208026.02   1094366.77   2302392.79 
1960-1964     68      1134596.13   1010159.50   2144755.63 
1960-1964     69      1062877.62    926856.01   1989733.63 
1960-1964     70      1005225.10    854566.34   1859791.45 
1960-1964     71       954340.25    790968.01   1745308.26 
1960-1964     72       899563.33    725556.15   1625119.48 
1960-1964     73       839733.18    656351.10   1496084.28 
1960-1964     74       775749.03    585827.19   1361576.21 
1960-1964     75       707603.64    514284.12   1221887.75 
1960-1964     76       641779.46    445838.98   1087618.44 
1960-1964     77       581925.37    384911.79    966837.16 
1960-1964     78       528430.83    333932.97    862363.80 
1960-1964     79       477770.62    289185.68    766956.31 
1960-1964     80       425693.26    247161.96    672855.23 
1960-1964     81       371495.60    207213.94    578709.54 
1960-1964     82       318047.13    170369.34    488416.47 
1960-1964     83       268948.45    137952.31    406900.75 
1960-1964     84       223363.96    109659.47    333023.43 
1960-1964     85       181313.52     85214.69    266528.20 
1960-1964     86       144083.27     64711.91    208795.17 
1960-1964     87       111272.49     48046.22    159318.71 
1960-1964     88        82321.97     34195.03    116517.01 
1960-1964     89        58995.91     23588.17     82584.08 
1960-1964     90        41646.87     15898.49     57545.35 
1960-1964     91        28914.01     10554.62     39468.63 
1960-1964     92        19747.69      6881.67     26629.37 
1960-1964     93        13177.00      4306.03     17483.03 
1960-1964     94         8764.82      2696.65     11461.47 
1960-1964     95         5740.81      1645.31      7386.12 
1960-1964     96         3484.39       925.98      4410.37 
1960-1964     97         2011.11       472.14      2483.25 
1960-1964     98         1088.28       270.99      1359.27 
1960-1964     99          568.46       137.66       706.12 
1960-1964    100          280.31        69.17       349.48 
1960-1964    101          140.15        38.50       178.65 
1960-1964    102           82.32        26.83       109.16 
1960-1964    103           46.83        12.17        59.00 
1960-1964    104           24.83         4.33        29.17 
1960-1964    105           17.00         0.50        17.50 
1960-1964    106           10.33         0.50        10.83 
1960-1964    107            5.67         0.17         5.83 
1960-1964    108            3.67         0.00         3.67 
1960-1964    109            2.00         0.00         2.00 
1960-1964    110+           5.17         0.00         5.17 
1965-1969      0      4204637.43   4443033.89   8647671.32 
1965-1969      1      4088117.19   4290781.55   8378898.74 
1965-1969      2      3972823.10   4157663.28   8130486.38 
1965-1969      3      3940211.04   4114150.07   8054361.10 
1965-1969      4      3919381.32   4088107.91   8007489.23 
1965-1969      5      3867988.01   4030930.15   7898918.15 
1965-1969      6      3834456.00   3991193.23   7825649.23 
1965-1969      7      3811259.95   3961815.52   7773075.47 
1965-1969      8      3808585.77   3954504.35   7763090.12 
1965-1969      9      3843700.53   3988983.94   7832684.47 
1965-1969     10      3894244.23   4041803.99   7936048.22 
1965-1969     11      3970897.98   4119324.19   8090222.17 
1965-1969     12      4114352.77   4261744.34   8376097.12 
1965-1969     13      4313021.40   4458096.68   8771118.09 
1965-1969     14      4547215.01   4685340.33   9232555.33 
1965-1969     15      4847415.48   4972525.24   9819940.72 
1965-1969     16      5181118.45   5290031.56  10471150.01 
1965-1969     17      5449009.54   5539925.23  10988934.77 
1965-1969     18      5475179.29   5542480.84  11017660.13 
1965-1969     19      5242269.68   5278306.52  10520576.20 
1965-1969     20      4960139.90   4962505.66   9922645.55 
1965-1969     21      4697645.99   4670983.66   9368629.66 
1965-1969     22      4466274.96   4417090.50   8883365.46 
1965-1969     23      4427999.39   4362488.98   8790488.37 
1965-1969     24      4553077.18   4479437.90   9032515.08 
1965-1969     25      4558869.90   4486709.55   9045579.44 
1965-1969     26      4440792.32   4376149.48   8816941.80 
1965-1969     27      4331071.38   4275037.70   8606109.08 
1965-1969     28      4241025.22   4196124.07   8437149.29 
1965-1969     29      4177946.22   4147961.89   8325908.11 
1965-1969     30      4168291.30   4154394.57   8322685.87 
1965-1969     31      4187528.34   4188753.83   8376282.17 
1965-1969     32      4176735.74   4194290.74   8371026.48 
1965-1969     33      4131245.25   4161879.38   8293124.63 
1965-1969     34      4068653.05   4106351.88   8175004.93 
1965-1969     35      4006809.09   4047988.02   8054797.11 
1965-1969     36      3940462.99   3982047.77   7922510.76 
1965-1969     37      3857541.39   3891690.81   7749232.20 
1965-1969     38      3770612.32   3784706.43   7555318.75 
1965-1969     39      3688104.64   3665587.70   7353692.34 
1965-1969     40      3601305.69   3520702.04   7122007.73 
1965-1969     41      3507396.72   3332933.00   6840329.71 
1965-1969     42      3411219.26   3111627.82   6522847.08 
1965-1969     43      3299655.95   2873594.03   6173249.98 
1965-1969     44      3190433.63   2657079.29   5847512.93 
1965-1969     45      3077664.85   2476560.22   5554225.08 
1965-1969     46      2943753.90   2332621.82   5276375.72 
1965-1969     47      2821778.73   2244456.79   5066235.53 
1965-1969     48      2728258.03   2202520.05   4930778.08 
1965-1969     49      2638012.53   2170115.61   4808128.14 
1965-1969     50      2574164.57   2152909.96   4727074.54 
1965-1969     51      2551027.76   2160271.50   4711299.26 
1965-1969     52      2523751.28   2158477.12   4682228.40 
1965-1969     53      2477730.84   2137447.75   4615178.59 
1965-1969     54      2421234.65   2106557.52   4527792.17 
1965-1969     55      2364227.01   2073086.65   4437313.66 
1965-1969     56      2299413.25   2033841.18   4333254.43 
1965-1969     57      2225304.59   1992241.15   4217545.74 
1965-1969     58      2126234.98   1930188.07   4056423.05 
1965-1969     59      2014498.29   1849157.67   3863655.96 
1965-1969     60      1909041.90   1767125.55   3676167.45 
1965-1969     61      1818034.81   1693507.88   3511542.68 
1965-1969     62      1746801.88   1629296.98   3376098.86 
1965-1969     63      1697381.51   1577931.17   3275312.68 
1965-1969     64      1656467.57   1530874.38   3187341.95 
1965-1969     65      1599806.08   1467704.28   3067510.36 
1965-1969     66      1529317.16   1390113.32   2919430.48 
1965-1969     67      1446853.20   1301645.76   2748498.96 
1965-1969     68      1358281.76   1205953.08   2564234.84 
1965-1969     69      1270583.56   1110784.03   2381367.59 
1965-1969     70      1189751.55   1022310.11   2212061.67 
1965-1969     71      1110148.03    934992.96   2045140.99 
1965-1969     72      1028845.68    847586.98   1876432.67 
1965-1969     73       947318.20    761366.57   1708684.78 
1965-1969     74       868045.75    678325.79   1546371.55 
1965-1969     75       800702.19    605060.95   1405763.14 
1965-1969     76       738526.46    540333.98   1278860.45 
1965-1969     77       674336.98    476614.12   1150951.10 
1965-1969     78       607781.65    412628.99   1020410.64 
1965-1969     79       539752.09    351169.70    890921.79 
1965-1969     80       475489.09    293955.86    769444.95 
1965-1969     81       410426.74    239732.86    650159.60 
1965-1969     82       354098.08    195310.68    549408.76 
1965-1969     83       303206.05    158713.42    461919.48 
1965-1969     84       256292.46    127605.87    383898.33 
1965-1969     85       213181.08    100948.47    314129.56 
1965-1969     86       173409.15     77931.18    251340.34 
1965-1969     87       137527.21     58664.38    196191.59 
1965-1969     88       107104.10     43537.75    150641.84 
1965-1969     89        81288.63     31555.83    112844.46 
1965-1969     90        59856.50     22190.67     82047.17 
1965-1969     91        43020.03     15174.56     58194.59 
1965-1969     92        29775.37     10109.04     39884.40 
1965-1969     93        19540.97      6489.99     26030.96 
1965-1969     94        12439.74      4042.23     16481.98 
1965-1969     95         7769.32      2412.53     10181.85 
1965-1969     96         4740.79      1416.99      6157.77 
1965-1969     97         2774.50       801.40      3575.90 
1965-1969     98         1620.27       466.02      2086.30 
1965-1969     99          915.28       248.46      1163.74 
1965-1969    100          497.36       131.22       628.59 
1965-1969    101          258.84        65.94       324.78 
1965-1969    102          121.59        35.30       156.90 
1965-1969    103           62.61        16.65        79.26 
1965-1969    104           25.29         6.00        31.29 
1965-1969    105           11.81         3.67        15.47 
1965-1969    106            4.98         1.00         5.98 
1965-1969    107            2.49         0.00         2.49 
1965-1969    108            1.50         0.00         1.50 
1965-1969    109            1.17         0.00         1.17 
1965-1969    110+           5.17         0.00         5.17 
1970-1974      0      4808795.26   5099131.33   9907926.59 
1970-1974      1      4708684.28   4975606.47   9684290.75 
1970-1974      2      4612466.26   4863358.04   9475824.31 
1970-1974      3      4446786.20   4683305.76   9130091.96 
1970-1974      4      4302295.51   4523726.94   8826022.45 
1970-1974      5      4205923.76   4416662.85   8622586.61 
1970-1974      6      4115591.34   4316153.51   8431744.85 
1970-1974      7      4008210.70   4198153.88   8206364.58 
1970-1974      8      3957695.40   4142093.83   8099789.23 
1970-1974      9      3938662.22   4119877.88   8058540.10 
1970-1974     10      3890041.77   4065457.49   7955499.26 
1970-1974     11      3856863.80   4025992.46   7882856.26 
1970-1974     12      3833655.11   3996623.33   7830278.44 
1970-1974     13      3830783.03   3988369.55   7819152.58 
1970-1974     14      3865599.02   4017681.81   7883280.83 
1970-1974     15      3916777.95   4058812.76   7975590.70 
1970-1974     16      3991300.29   4116767.28   8108067.57 
1970-1974     17      4126594.37   4231684.66   8358279.03 
1970-1974     18      4312619.11   4395906.89   8708526.00 
1970-1974     19      4535972.57   4595153.52   9131126.09 
1970-1974     20      4829371.94   4862935.86   9692307.80 
1970-1974     21      5163263.31   5174661.23  10337924.55 
1970-1974     22      5442149.44   5439813.18  10881962.62 
1970-1974     23      5478310.37   5471585.23  10949895.59 
1970-1974     24      5248469.08   5242379.63  10490848.71 
1970-1974     25      4966927.73   4958580.87   9925508.60 
1970-1974     26      4707248.94   4691530.02   9398778.96 
1970-1974     27      4479101.33   4453822.42   8932923.74 
1970-1974     28      4444333.07   4412361.84   8856694.91 
1970-1974     29      4573014.33   4542016.82   9115031.15 
1970-1974     30      4577762.44   4554305.30   9132067.75 
1970-1974     31      4456255.26   4439580.41   8895835.67 
1970-1974     32      4342076.12   4328939.99   8671016.11 
1970-1974     33      4245473.27   4236766.72   8482239.99 
1970-1974     34      4176526.77   4175421.44   8351948.20 
1970-1974     35      4165771.70   4172033.58   8337805.28 
1970-1974     36      4184432.73   4198076.11   8382508.84 
1970-1974     37      4172912.29   4196373.35   8369285.64 
1970-1974     38      4125605.38   4156970.44   8282575.82 
1970-1974     39      4057813.90   4093131.81   8150945.71 
1970-1974     40      3985906.90   4022219.60   8008126.50 
1970-1974     41      3906211.58   3941031.74   7847243.32 
1970-1974     42      3815159.53   3840964.08   7656123.61 
1970-1974     43      3731116.20   3733002.56   7464118.77 
1970-1974     44      3659941.99   3620192.76   7280134.75 
1970-1974     45      3581652.70   3479398.62   7061051.32 
1970-1974     46      3488872.24   3291226.17   6780098.42 
1970-1974     47      3389212.89   3066816.70   6456029.59 
1970-1974     48      3272544.66   2825594.26   6098138.91 
1970-1974     49      3160750.55   2607515.53   5768266.08 
1970-1974     50      3045348.80   2425278.77   5470627.58 
1970-1974     51      2910066.03   2279655.38   5189721.41 
1970-1974     52      2785602.16   2187305.32   4972907.48 
1970-1974     53      2686262.11   2137535.19   4823797.30 
1970-1974     54      2584670.60   2093529.23   4678199.83 
1970-1974     55      2505614.69   2062737.84   4568352.53 
1970-1974     56      2472557.61   2058790.74   4531348.35 
1970-1974     57      2446009.30   2051487.53   4497496.83 
1970-1974     58      2410747.44   2031273.68   4442021.12 
1970-1974     59      2362314.63   1998164.63   4360479.27 
1970-1974     60      2303262.67   1954720.19   4257982.86 
1970-1974     61      2228963.38   1900263.29   4129226.67 
1970-1974     62      2141490.63   1838850.88   3980341.51 
1970-1974     63      2033543.35   1761353.80   3794897.15 
1970-1974     64      1915693.63   1670566.18   3586259.81 
1970-1974     65      1803709.69   1579686.56   3383396.25 
1970-1974     66      1707626.39   1496829.51   3204455.91 
1970-1974     67      1629826.62   1421577.23   3051403.85 
1970-1974     68      1569836.94   1356709.15   2926546.09 
1970-1974     69      1519332.42   1297437.52   2816769.94 
1970-1974     70      1453799.00   1224014.23   2677813.23 
1970-1974     71      1371095.82   1135801.66   2506897.48 
1970-1974     72      1276945.76   1039097.44   2316043.20 
1970-1974     73      1176112.72    939069.02   2115181.74 
1970-1974     74      1077063.03    841736.68   1918799.72 
1970-1974     75       987675.70    752358.62   1740034.32 
1970-1974     76       899501.55    666037.46   1565539.01 
1970-1974     77       810310.38    582121.72   1392432.10 
1970-1974     78       722325.84    502756.56   1225082.40 
1970-1974     79       638339.49    428796.35   1067135.85 
1970-1974     80       563799.83    364729.59    928529.41 
1970-1974     81       497383.06    308746.91    806129.97 
1970-1974     82       430895.23    255928.19    686823.42 
1970-1974     83       368712.69    208466.28    577178.97 
1970-1974     84       311646.69    166784.17    478430.86 
1970-1974     85       255657.14    129171.55    384828.69 
1970-1974     86       205786.07     97800.48    303586.54 
1970-1974     87       164457.15     73387.26    237844.41 
1970-1974     88       129783.55     54457.93    184241.48 
1970-1974     89       100743.32     39924.07    140667.39 
1970-1974     90        76309.43     28606.26    104915.69 
1970-1974     91        56191.27     19957.46     76148.73 
1970-1974     92        40142.66     13515.22     53657.88 
1970-1974     93        27846.31      8958.82     36805.13 
1970-1974     94        18886.23      5826.80     24713.03 
1970-1974     95        12356.89      3694.43     16051.32 
1970-1974     96         7885.57      2271.90     10157.47 
1970-1974     97         4838.42      1324.06      6162.48 
1970-1974     98         2857.15       733.98      3591.14 
1970-1974     99         1535.93       426.02      1961.95 
1970-1974    100          831.22       250.70      1081.92 
1970-1974    101          474.34       139.56       613.90 
1970-1974    102          243.18        88.07       331.25 
1970-1974    103          131.33        48.22       179.55 
1970-1974    104           66.85        24.61        91.46 
1970-1974    105           28.61        10.97        39.58 
1970-1974    106           12.30         5.65        17.95 
1970-1974    107            6.64         2.66         9.30 
1970-1974    108            3.14         1.83         4.98 
1970-1974    109            2.98         0.50         3.48 
1970-1974    110+           5.82         0.00         5.82 
1975-1979      0      4360972.03   4610306.14   8971278.17 
1975-1979      1      4524914.16   4771711.80   9296625.95 
1975-1979      2      4680141.07   4930032.99   9610174.06 
1975-1979      3      4791743.01   5045051.47   9836794.48 
1975-1979      4      4837866.03   5093402.91   9931268.94 
1975-1979      5      4818652.82   5074444.51   9893097.33 
1975-1979      6      4742820.28   4996285.28   9739105.55 
1975-1979      7      4650375.37   4899841.43   9550216.79 
1975-1979      8      4501003.63   4740814.72   9241818.36 
1975-1979      9      4342030.42   4569330.76   8911361.18 
1975-1979     10      4245669.82   4462513.40   8708183.22 
1975-1979     11      4153025.87   4360334.21   8513360.07 
1975-1979     12      4045137.35   4243085.71   8288223.06 
1975-1979     13      3994147.00   4186720.36   8180867.36 
1975-1979     14      3974058.55   4162039.70   8136098.24 
1975-1979     15      3925028.78   4103156.26   8028185.04 
1975-1979     16      3892389.58   4056807.80   7949197.38 
1975-1979     17      3868016.15   4015257.51   7883273.66 
1975-1979     18      3861526.85   3989808.48   7851335.33 
1975-1979     19      3888940.43   3999123.48   7888063.92 
1975-1979     20      3928554.92   4022974.98   7951529.91 
1975-1979     21      3992282.53   4071390.27   8063672.80 
1975-1979     22      4122842.53   4188597.35   8311439.88 
1975-1979     23      4312094.04   4367675.38   8679769.42 
1975-1979     24      4544087.92   4591720.80   9135808.72 
1975-1979     25      4845767.67   4887991.91   9733759.58 
1975-1979     26      5182464.35   5225872.52  10408336.87 
1975-1979     27      5457393.25   5509342.37  10966735.62 
1975-1979     28      5486983.61   5547735.52  11034719.13 
1975-1979     29      5253572.68   5313530.83  10567103.52 
1975-1979     30      4977262.18   5026902.00  10004164.19 
1975-1979     31      4724334.10   4759417.67   9483751.77 
1975-1979     32      4500892.82   4519576.82   9020469.64 
1975-1979     33      4469347.89   4474198.50   8943546.39 
1975-1979     34      4598639.43   4596850.43   9195489.86 
1975-1979     35      4599692.88   4596942.21   9196635.09 
1975-1979     36      4471440.71   4468444.91   8939885.63 
1975-1979     37      4349639.47   4344942.69   8694582.17 
1975-1979     38      4247135.49   4242461.26   8489596.75 
1975-1979     39      4177856.81   4176033.63   8353890.44 
1975-1979     40      4168574.09   4169633.51   8338207.60 
1975-1979     41      4185518.80   4190053.04   8375571.85 
1975-1979     42      4170955.26   4180911.10   8351866.36 
1975-1979     43      4120248.26   4133058.56   8253306.81 
1975-1979     44      4049561.28   4060628.61   8110189.89 
1975-1979     45      3979547.09   3985749.63   7965296.72 
1975-1979     46      3907490.81   3905966.85   7813457.66 
1975-1979     47      3822069.91   3805813.75   7627883.66 
1975-1979     48      3736574.27   3693041.51   7429615.79 
1975-1979     49      3656941.73   3571573.14   7228514.86 
1975-1979     50      3567147.40   3421036.09   6988183.49 
1975-1979     51      3461732.47   3223049.66   6684782.14 
1975-1979     52      3348827.06   2990824.98   6339652.05 
1975-1979     53      3226273.22   2746985.66   5973258.89 
1975-1979     54      3115309.45   2529709.27   5645018.72 
1975-1979     55      2999080.79   2346616.64   5345697.43 
1975-1979     56      2861510.68   2198372.59   5059883.27 
1975-1979     57      2734673.38   2102668.41   4837341.79 
1975-1979     58      2631915.71   2047912.00   4679827.71 
1975-1979     59      2530706.54   2000502.14   4531208.68 
1975-1979     60      2457939.80   1969036.91   4426976.71 
1975-1979     61      2428227.73   1960738.12   4388965.84 
1975-1979     62      2396911.03   1943322.48   4340233.50 
1975-1979     63      2348643.35   1905840.16   4254483.52 
1975-1979     64      2287001.22   1854866.57   4141867.79 
1975-1979     65      2215517.44   1795133.33   4010650.77 
1975-1979     66      2129109.43   1725658.25   3854767.68 
1975-1979     67      2032263.00   1651189.98   3683452.98 
1975-1979     68      1918870.92   1562541.04   3481411.96 
1975-1979     69      1793456.95   1459557.81   3253014.76 
1975-1979     70      1672047.36   1357365.54   3029412.91 
1975-1979     71      1565327.58   1263511.17   2828838.75 
1975-1979     72      1473061.40   1175848.30   2648909.70 
1975-1979     73      1397701.25   1097904.07   2495605.33 
1975-1979     74      1328747.36   1023891.92   2352639.28 
1975-1979     75      1244225.57    939424.27   2183649.84 
1975-1979     76      1147519.98    846251.82   1993771.80 
1975-1979     77      1043982.03    750452.63   1794434.66 
1975-1979     78       937727.97    655247.48   1592975.45 
1975-1979     79       834261.50    565076.69   1399338.19 
1975-1979     80       738541.76    484278.44   1222820.20 
1975-1979     81       642248.30    407287.14   1049535.44 
1975-1979     82       549503.63    336460.07    885963.70 
1975-1979     83       464646.29    273520.12    738166.41 
1975-1979     84       387083.03    218714.65    605797.68 
1975-1979     85       321201.14    173023.89    494225.03 
1975-1979     86       265215.97    135996.77    401212.74 
1975-1979     87       213664.26    104342.83    318007.09 
1975-1979     88       168974.46     78076.94    247051.40 
1975-1979     89       131262.24     57133.09    188395.33 
1975-1979     90        98403.92     40134.85    138538.77 
1975-1979     91        71166.01     27291.29     98457.30 
1975-1979     92        50705.36     18385.25     69090.61 
1975-1979     93        35862.70     12241.09     48103.79 
1975-1979     94        24663.88      7913.89     32577.77 
1975-1979     95        16517.30      5073.37     21590.67 
1975-1979     96        10642.44      3110.37     13752.81 
1975-1979     97         6629.73      1853.58      8483.31 
1975-1979     98         4044.13      1053.96      5098.09 
1975-1979     99         2432.03       584.75      3016.78 
1975-1979    100         1387.85       305.71      1693.56 
1975-1979    101          745.24       155.40       900.63 
1975-1979    102          392.34        79.00       471.35 
1975-1979    103          196.33        42.34       238.67 
1975-1979    104           98.83        22.17       121.00 
1975-1979    105           46.17        11.33        57.50 
1975-1979    106           25.50         6.67        32.17 
1975-1979    107           11.83         5.33        17.17 
1975-1979    108            5.50         1.33         6.83 
1975-1979    109            0.33         1.50         1.83 
1975-1979    110+           1.67         5.33         7.00 
1980-1984      0      3724896.49   3929014.56   7653911.05 
1980-1984      1      3794426.31   3997128.46   7791554.77 
1980-1984      2      3892667.35   4098608.46   7991275.81 
1980-1984      3      4018916.66   4230357.81   8249274.47 
1980-1984      4      4169260.92   4387370.20   8556631.12 
1980-1984      5      4341672.38   4568133.29   8909805.66 
1980-1984      6      4525133.00   4760236.10   9285369.11 
1980-1984      7      4687308.63   4930793.36   9618101.99 
1980-1984      8      4801258.55   5051309.35   9852567.90 
1980-1984      9      4850515.94   5104448.28   9954964.22 
1980-1984     10      4831110.33   5086076.19   9917186.51 
1980-1984     11      4755883.40   5009334.84   9765218.24 
1980-1984     12      4662769.08   4913425.83   9576194.91 
1980-1984     13      4511800.58   4753868.86   9265669.44 
1980-1984     14      4351891.75   4581232.35   8933124.11 
1980-1984     15      4254547.72   4471528.72   8726076.45 
1980-1984     16      4161675.28   4364411.84   8526087.11 
1980-1984     17      4052652.13   4237939.83   8290591.96 
1980-1984     18      3999012.39   4168816.54   8167828.93 
1980-1984     19      3972852.57   4127591.94   8100444.50 
1980-1984     20      3914563.63   4051955.64   7966519.27 
1980-1984     21      3872902.17   3992093.14   7864995.30 
1980-1984     22      3842706.73   3943796.68   7786503.41 
1980-1984     23      3833910.20   3919504.60   7753414.80 
1980-1984     24      3861980.52   3936765.30   7798745.82 
1980-1984     25      3905285.85   3973504.18   7878790.02 
1980-1984     26      3976267.94   4039782.28   8016050.22 
1980-1984     27      4114062.43   4173847.74   8287910.17 
1980-1984     28      4307226.55   4365129.28   8672355.82 
1980-1984     29      4538175.73   4594939.52   9133115.25 
1980-1984     30      4836158.75   4892003.28   9728162.03 
1980-1984     31      5169854.52   5228285.51  10398140.03 
1980-1984     32      5444166.73   5508966.93  10953133.66 
1980-1984     33      5473852.17   5541965.90  11015818.07 
1980-1984     34      5240985.56   5301910.04  10542895.60 
1980-1984     35      4964979.94   5010643.31   9975623.25 
1980-1984     36      4713019.28   4740394.90   9453414.18 
1980-1984     37      4489943.32   4497811.46   8987754.79 
1980-1984     38      4456988.75   4448789.62   8905778.36 
1980-1984     39      4581372.53   4565175.74   9146548.27 
1980-1984     40      4576859.84   4558440.41   9135300.25 
1980-1984     41      4445127.32   4425032.57   8870159.90 
1980-1984     42      4321163.76   4297308.08   8618471.84 
1980-1984     43      4217886.51   4191139.87   8409026.38 
1980-1984     44      4148304.98   4120708.56   8269013.55 
1980-1984     45      4136589.62   4107286.50   8243876.12 
1980-1984     46      4150910.86   4119327.40   8270238.26 
1980-1984     47      4133847.21   4101662.03   8235509.23 
1980-1984     48      4079870.44   4045693.03   8125563.48 
1980-1984     49      4006073.77   3966299.22   7972372.99 
1980-1984     50      3933122.47   3885299.23   7818421.71 
1980-1984     51      3858474.82   3800357.13   7658831.95 
1980-1984     52      3773490.75   3697108.98   7470599.73 
1980-1984     53      3686796.00   3581331.22   7268127.22 
1980-1984     54      3601679.73   3455742.07   7057421.80 
1980-1984     55      3508200.09   3302506.99   6810707.08 
1980-1984     56      3399931.22   3103892.01   6503823.23 
1980-1984     57      3285507.06   2873483.72   6158990.78 
1980-1984     58      3163123.65   2633577.51   5796701.16 
1980-1984     59      3050017.63   2418033.51   5468051.14 
1980-1984     60      2930206.32   2234602.16   5164808.48 
1980-1984     61      2789077.75   2084292.71   4873370.46 
1980-1984     62      2657649.28   1983217.57   4640866.85 
1980-1984     63      2549003.56   1920037.81   4469041.37 
1980-1984     64      2441761.33   1863033.03   4304794.36 
1980-1984     65      2361592.36   1819562.69   4181155.05 
1980-1984     66      2322477.73   1796062.94   4118540.68 
1980-1984     67      2280017.53   1762440.00   4042457.53 
1980-1984     68      2220829.98   1710798.00   3931627.99 
1980-1984     69      2149388.77   1646682.50   3796071.27 
1980-1984     70      2067590.38   1572502.57   3640092.95 
1980-1984     71      1970520.48   1488196.06   3458716.54 
1980-1984     72      1862341.89   1399087.22   3261429.10 
1980-1984     73      1736388.94   1298490.06   3034879.00 
1980-1984     74      1600061.81   1187690.77   2787752.58 
1980-1984     75      1468200.86   1078074.42   2546275.27 
1980-1984     76      1349087.03    976194.19   2325281.22 
1980-1984     77      1243087.02    881316.77   2124403.79 
1980-1984     78      1150896.82    795968.52   1946865.33 
1980-1984     79      1063696.11    715790.66   1779486.77 
1980-1984     80       952607.80    631576.87   1584184.67 
1980-1984     81       851191.19    545903.34   1397094.53 
1980-1984     82       746697.10    461030.80   1207727.90 
1980-1984     83       640791.28    381096.81   1021888.10 
1980-1984     84       543419.14    310829.02    854248.16 
1980-1984     85       455844.14    250615.86    706460.00 
1980-1984     86       373061.49    197404.06    570465.55 
1980-1984     87       298772.86    152299.54    451072.40 
1980-1984     88       234859.44    114910.60    349770.04 
1980-1984     89       180320.80     84505.75    264826.55 
1980-1984     90       137759.43     61124.02    198883.45 
1980-1984     91       103957.39     43536.97    147494.36 
1980-1984     92        75589.17     30092.23    105681.40 
1980-1984     93        53580.89     20245.18     73826.07 
1980-1984     94        37176.76     13346.79     50523.56 
1980-1984     95        24683.75      8415.34     33099.10 
1980-1984     96        15806.63      5065.79     20872.42 
1980-1984     97        10033.46      3027.10     13060.56 
1980-1984     98         6185.84      1817.71      8003.54 
1980-1984     99         3705.50      1043.86      4749.36 
1980-1984    100         2139.19       563.10      2702.29 
1980-1984    101         1225.67       298.06      1523.74 
1980-1984    102          679.89       170.96       850.85 
1980-1984    103          369.84        84.03       453.87 
1980-1984    104          191.50        37.00       228.50 
1980-1984    105          101.00        16.33       117.33 
1980-1984    106           42.83         5.83        48.67 
1980-1984    107           14.00         5.33        19.33 
1980-1984    108            7.83         2.50        10.33 
1980-1984    109            4.50         1.33         5.83 
1980-1984    110+           1.17         5.00         6.17 
1985-1989      0      3311811.73   3492269.79   6804081.52 
1985-1989      1      3402156.72   3580848.11   6983004.84 
1985-1989      2      3489377.55   3667097.24   7156474.79 
1985-1989      3      3566388.64   3745320.96   7311709.61 
1985-1989      4      3640680.55   3823246.71   7463927.26 
1985-1989      5      3714072.23   3902943.41   7617015.64 
1985-1989      6      3795586.22   3991033.91   7786620.13 
1985-1989      7      3897456.45   4099248.42   7996704.87 
1985-1989      8      4025336.89   4234803.81   8260140.71 
1985-1989      9      4176184.11   4394199.46   8570383.57 
1985-1989     10      4348064.83   4575231.44   8923296.27 
1985-1989     11      4530502.25   4767176.80   9297679.05 
1985-1989     12      4692174.25   4938024.23   9630198.48 
1985-1989     13      4805643.45   5058401.25   9864044.69 
1985-1989     14      4853930.29   5110556.87   9964487.15 
1985-1989     15      4834011.46   5090172.52   9924183.98 
1985-1989     16      4757644.23   5007351.39   9764995.62 
1985-1989     17      4661980.24   4899500.49   9561480.73 
1985-1989     18      4506994.94   4724534.77   9231529.72 
1985-1989     19      4340791.63   4533572.01   8874363.65 
1985-1989     20      4236077.25   4405804.23   8641881.48 
1985-1989     21      4134027.70   4284585.26   8418612.96 
1985-1989     22      4016372.42   4150040.70   8166413.12 
1985-1989     23      3956545.80   4077358.68   8033904.49 
1985-1989     24      3928309.91   4039542.01   7967851.92 
1985-1989     25      3873717.13   3974918.87   7848636.01 
1985-1989     26      3838278.35   3929602.93   7767881.28 
1985-1989     27      3815123.96   3898396.03   7713519.99 
1985-1989     28      3813964.81   3891129.36   7705094.17 
1985-1989     29      3848875.04   3923181.93   7772056.96 
1985-1989     30      3897335.93   3971047.09   7868383.02 
1985-1989     31      3970362.33   4042027.07   8012389.40 
1985-1989     32      4107907.40   4175565.48   8283472.87 
1985-1989     33      4299452.71   4362420.68   8661873.40 
1985-1989     34      4529397.91   4586728.08   9116125.98 
1985-1989     35      4826391.25   4878392.28   9704783.52 
1985-1989     36      5158252.67   5208887.35  10367140.02 
1985-1989     37      5429941.47   5484812.78  10914754.24 
1985-1989     38      5457273.24   5514565.63  10971838.87 
1985-1989     39      5223812.52   5273596.09  10497408.61 
1985-1989     40      4947282.85   4981238.85   9928521.71 
1985-1989     41      4692693.77   4707232.12   9399925.88 
1985-1989     42      4466520.03   4460408.40   8926928.43 
1985-1989     43      4429657.65   4405853.00   8835510.64 
1985-1989     44      4549754.34   4515451.25   9065205.59 
1985-1989     45      4543081.63   4503946.50   9047028.12 
1985-1989     46      4410149.19   4366822.86   8776972.04 
1985-1989     47      4283698.55   4233859.70   8517558.25 
1985-1989     48      4178037.42   4121656.32   8299693.74 
1985-1989     49      4107525.76   4046026.38   8153552.14 
1985-1989     50      4094909.03   4026456.59   8121365.61 
1985-1989     51      4105694.28   4029508.25   8135202.52 
1985-1989     52      4084020.14   4001080.49   8085100.64 
1985-1989     53      4026570.50   3934974.25   7961544.75 
1985-1989     54      3950636.66   3847858.07   7798494.73 
1985-1989     55      3876846.28   3761118.78   7637965.06 
1985-1989     56      3801047.76   3670984.51   7472032.27 
1985-1989     57      3713203.53   3562068.43   7275271.96 
1985-1989     58      3621993.39   3440757.91   7062751.30 
1985-1989     59      3534958.47   3311530.71   6846489.19 
1985-1989     60      3439320.87   3156548.58   6595869.45 
1985-1989     61      3327276.60   2957214.22   6284490.82 
1985-1989     62      3208994.52   2727088.81   5936083.32 
1985-1989     63      3081340.49   2487585.27   5568925.76 
1985-1989     64      2961943.55   2272523.25   5234466.80 
1985-1989     65      2836510.48   2087755.37   4924265.85 
1985-1989     66      2689911.06   1933872.23   4623783.29 
1985-1989     67      2552349.05   1825416.82   4377765.87 
1985-1989     68      2436218.71   1751113.34   4187332.05 
1985-1989     69      2321056.73   1682055.31   4003112.04 
1985-1989     70      2231485.40   1625017.61   3856503.02 
1985-1989     71      2179551.69   1584763.36   3764315.05 
1985-1989     72      2123103.77   1533435.58   3656539.35 
1985-1989     73      2050827.68   1464925.54   3515753.22 
1985-1989     74      1964293.56   1383922.05   3348215.62 
1985-1989     75      1865837.03   1293709.22   3159546.25 
1985-1989     76      1751038.61   1195051.19   2946089.80 
1985-1989     77      1624736.24   1092367.48   2717103.72 
1985-1989     78      1484260.61    982996.52   2467257.13 
1985-1989     79      1336308.79    869014.59   2205323.39 
1985-1989     80      1179851.35    759624.14   1939475.48 
1985-1989     81      1047531.20    658789.96   1706321.16 
1985-1989     82       926382.95    567754.85   1494137.80 
1985-1989     83       826710.27    489139.77   1315850.04 
1985-1989     84       732940.45    417458.55   1150399.00 
1985-1989     85       631627.74    347747.21    979374.96 
1985-1989     86       535258.85    282529.42    817788.27 
1985-1989     87       442350.88    223289.93    665640.81 
1985-1989     88       355432.13    171878.68    527310.81 
1985-1989     89       280020.94    130072.58    410093.52 
1985-1989     90       217263.44     96788.32    314051.76 
1985-1989     91       163080.60     70025.96    233106.56 
1985-1989     92       119193.12     49201.24    168394.36 
1985-1989     93        85160.27     33717.55    118877.82 
1985-1989     94        58867.02     22420.27     81287.29 
1985-1989     95        39954.65     14544.11     54498.76 
1985-1989     96        26767.49      9280.51     36048.00 
1985-1989     97        17308.73      5727.90     23036.64 
1985-1989     98        10866.45      3415.64     14282.10 
1985-1989     99         6656.62      1941.04      8597.65 
1985-1989    100         3916.41      1092.53      5008.94 
1985-1989    101         2219.73       586.37      2806.10 
1985-1989    102         1230.54       292.57      1523.11 
1985-1989    103          651.89       146.42       798.32 
1985-1989    104          332.50        69.85       402.35 
1985-1989    105          172.17        36.34       208.50 
1985-1989    106           90.00        19.17       109.17 
1985-1989    107           45.83         9.67        55.50 
1985-1989    108           25.33         4.00        29.33 
1985-1989    109           13.33         2.00        15.33 
1985-1989    110+           9.50         3.67        13.17 
1990-1994      0      2944144.94   3105567.64   6049712.58 
1990-1994      1      2973622.48   3132221.50   6105843.97 
1990-1994      2      3029177.88   3188351.86   6217529.73 
1990-1994      3      3100341.83   3261592.56   6361934.40 
1990-1994      4      3189593.78   3355234.44   6544828.22 
1990-1994      5      3293665.69   3464641.99   6758307.69 
1990-1994      6      3398459.66   3573203.11   6971662.77 
1990-1994      7      3490605.03   3667800.43   7158405.46 
1990-1994      8      3570018.81   3749914.64   7319933.45 
1990-1994      9      3645268.31   3829348.40   7474616.71 
1990-1994     10      3718778.59   3909413.01   7628191.61 
1990-1994     11      3800193.23   3998301.67   7798494.89 
1990-1994     12      3901582.59   4107733.65   8009316.24 
1990-1994     13      4028677.17   4244190.17   8272867.34 
1990-1994     14      4178873.92   4403611.71   8582485.62 
1990-1994     15      4349376.67   4582625.93   8932002.60 
1990-1994     16      4529339.36   4769507.04   9298846.40 
1990-1994     17      4686278.71   4930106.79   9616385.50 
1990-1994     18      4791251.33   5032753.63   9824004.96 
1990-1994     19      4827346.54   5060707.88   9888054.42 
1990-1994     20      4793718.56   5012619.00   9806337.56 
1990-1994     21      4704850.25   4902980.82   9607831.06 
1990-1994     22      4600204.26   4776877.81   9377082.08 
1990-1994     23      4440587.18   4595135.58   9035722.76 
1990-1994     24      4274533.97   4409169.58   8683703.55 
1990-1994     25      4172031.07   4292230.36   8464261.43 
1990-1994     26      4075421.18   4185882.63   8261303.81 
1990-1994     27      3966157.97   4068685.18   8034843.14 
1990-1994     28      3914773.15   4013318.76   7928091.90 
1990-1994     29      3894456.89   3990925.27   7885382.16 
1990-1994     30      3847157.68   3939305.83   7786463.51 
1990-1994     31      3817845.41   3904638.17   7722483.59 
1990-1994     32      3799404.48   3880633.42   7680037.91 
1990-1994     33      3801807.56   3878062.58   7679870.13 
1990-1994     34      3838642.29   3911769.20   7750411.48 
1990-1994     35      3887281.37   3958293.00   7845574.37 
1990-1994     36      3960868.21   4027932.18   7988800.39 
1990-1994     37      4098656.23   4160187.61   8258843.84 
1990-1994     38      4288812.38   4345412.66   8634225.04 
1990-1994     39      4516003.29   4567458.41   9083461.70 
1990-1994     40      4810131.23   4857070.72   9667201.95 
1990-1994     41      5139164.25   5185305.61  10324469.85 
1990-1994     42      5407941.06   5457611.72  10865552.78 
1990-1994     43      5433161.74   5484331.39  10917493.12 
1990-1994     44      5198195.02   5241127.43  10439322.45 
1990-1994     45      4918053.00   4943527.68   9861580.68 
1990-1994     46      4659670.50   4662898.22   9322568.72 
1990-1994     47      4431813.24   4412124.75   8843937.99 
1990-1994     48      4391780.73   4352096.67   8743877.39 
1990-1994     49      4506922.45   4453415.77   8960338.22 
1990-1994     50      4497106.24   4435495.93   8932602.17 
1990-1994     51      4363215.16   4293901.10   8657116.26 
1990-1994     52      4237453.15   4157365.12   8394818.27 
1990-1994     53      4132534.80   4041664.07   8174198.88 
1990-1994     54      4059739.84   3958274.23   8018014.07 
1990-1994     55      4042586.77   3926594.78   7969181.55 
1990-1994     56      4050266.31   3917515.17   7967781.48 
1990-1994     57      4026650.97   3878709.35   7905360.32 
1990-1994     58      3966694.21   3803022.97   7769717.19 
1990-1994     59      3886234.33   3705121.49   7591355.82 
1990-1994     60      3806972.36   3607591.52   7414563.88 
1990-1994     61      3726142.10   3507300.20   7233442.30 
1990-1994     62      3633535.55   3390511.40   7024046.95 
1990-1994     63      3538271.97   3261511.97   6799783.94 
1990-1994     64      3445704.10   3123393.31   6569097.41 
1990-1994     65      3342493.79   2959482.77   6301976.57 
1990-1994     66      3223880.46   2754824.27   5978704.72 
1990-1994     67      3099953.19   2523280.42   5623233.61 
1990-1994     68      2965464.76   2284732.40   5250197.16 
1990-1994     69      2836496.44   2068788.40   4905284.83 
1990-1994     70      2701897.16   1881913.00   4583810.16 
1990-1994     71      2547159.84   1724658.16   4271818.00 
1990-1994     72      2399772.83   1608056.66   4007829.49 
1990-1994     73      2271637.31   1520618.90   3792256.22 
1990-1994     74      2145294.77   1437079.51   3582374.28 
1990-1994     75      2041363.33   1363468.40   3404831.73 
1990-1994     76      1970660.41   1302512.38   3273172.78 
1990-1994     77      1893211.00   1231100.82   3124311.82 
1990-1994     78      1797792.02   1144858.39   2942650.41 
1990-1994     79      1687515.63   1048239.47   2735755.10 
1990-1994     80      1544877.82    941097.68   2485975.50 
1990-1994     81      1413093.20    836440.94   2249534.15 
1990-1994     82      1278282.28    735117.58   2013399.87 
1990-1994     83      1124890.34    631151.12   1756041.46 
1990-1994     84       969078.41    529567.93   1498646.34 
1990-1994     85       829125.47    438192.32   1267317.79 
1990-1994     86       700045.35    357552.24   1057597.59 
1990-1994     87       585595.50    288516.06    874111.57 
1990-1994     88       491242.38    231687.14    722929.52 
1990-1994     89       407616.12    183513.37    591129.49 
1990-1994     90       326015.91    141093.11    467109.02 
1990-1994     91       254549.11    105120.58    359669.69 
1990-1994     92       192736.54     75719.70    268456.24 
1990-1994     93       140951.33     52815.33    193766.66 
1990-1994     94       100276.56     36161.84    136438.39 
1990-1994     95        70106.68     24346.62     94453.29 
1990-1994     96        47131.71     15886.93     63018.64 
1990-1994     97        30660.19      9967.36     40627.55 
1990-1994     98        19461.36      6036.26     25497.62 
1990-1994     99        11946.35      3514.55     15460.89 
1990-1994    100         7150.24      1943.21      9093.45 
1990-1994    101         4144.89      1064.27      5209.16 
1990-1994    102         2346.49       580.76      2927.24 
1990-1994    103         1300.09       290.28      1590.37 
1990-1994    104          664.77       139.28       804.05 
1990-1994    105          330.52        66.53       397.06 
1990-1994    106          152.17        32.17       184.34 
1990-1994    107           77.67        15.83        93.50 
1990-1994    108           40.33         5.67        46.00 
1990-1994    109           23.83         2.17        26.00 
1990-1994    110+          30.00         0.83        30.83 
1995-1999      0      2897620.91   3050209.54   5947830.44 
1995-1999      1      2878498.95   3026646.95   5905145.90 
1995-1999      2      2879776.57   3027000.96   5906777.52 
1995-1999      3      2887482.44   3034194.85   5921677.29 
1995-1999      4      2902360.56   3048682.09   5951042.65 
1995-1999      5      2930042.20   3078450.66   6008492.86 
1995-1999      6      2973334.66   3124085.16   6097419.82 
1995-1999      7      3034905.78   3189083.43   6223989.21 
1995-1999      8      3109359.14   3266472.50   6375831.65 
1995-1999      9      3197890.36   3359711.92   6557602.27 
1995-1999     10      3299956.19   3466390.03   6766346.22 
1995-1999     11      3401646.36   3571739.40   6973385.76 
1995-1999     12      3494044.65   3666936.30   7160980.95 
1995-1999     13      3572634.16   3749246.99   7321881.14 
1995-1999     14      3648929.92   3830172.27   7479102.19 
1995-1999     15      3724439.90   3913874.49   7638314.39 
1995-1999     16      3798744.74   3999341.12   7798085.87 
1995-1999     17      3899440.99   4106712.68   8006153.67 
1995-1999     18      4031831.70   4240962.67   8272794.37 
1995-1999     19      4173752.95   4390407.75   8564160.70 
1995-1999     20      4334048.68   4555002.73   8889051.41 
1995-1999     21      4496710.84   4719943.43   9216654.27 
1995-1999     22      4643715.91   4860527.02   9504242.93 
1995-1999     23      4736871.04   4946752.46   9683623.49 
1995-1999     24      4763650.96   4964604.83   9728255.79 
1995-1999     25      4732264.56   4915353.38   9647617.94 
1995-1999     26      4655296.61   4816828.18   9472124.79 
1995-1999     27      4565297.56   4709458.85   9274756.40 
1995-1999     28      4416148.05   4547929.09   8964077.14 
1995-1999     29      4258008.24   4379323.81   8637332.05 
1995-1999     30      4161000.32   4275819.52   8436819.84 
1995-1999     31      4068274.75   4176639.41   8244914.17 
1995-1999     32      3961325.42   4063758.82   8025084.24 
1995-1999     33      3911584.55   4010925.52   7922510.07 
1995-1999     34      3894377.14   3989542.86   7883920.00 
1995-1999     35      3848096.81   3937896.33   7785993.14 
1995-1999     36      3819404.83   3901661.61   7721066.44 
1995-1999     37      3800125.19   3876186.04   7676311.23 
1995-1999     38      3802255.60   3871548.55   7673804.15 
1995-1999     39      3838854.70   3902656.03   7741510.72 
1995-1999     40      3886492.12   3945378.21   7831870.33 
1995-1999     41      3958476.83   4012905.83   7971382.66 
1995-1999     42      4093946.58   4142932.80   8236879.38 
1995-1999     43      4281917.72   4324553.12   8606470.84 
1995-1999     44      4506081.68   4541577.80   9047659.48 
1995-1999     45      4796844.74   4827080.77   9623925.51 
1995-1999     46      5120284.15   5147957.16  10268241.30 
1995-1999     47      5381725.37   5409664.56  10791389.93 
1995-1999     48      5401788.79   5426191.93  10827980.72 
1995-1999     49      5163317.60   5174649.02  10337966.62 
1995-1999     50      4881128.33   4869862.04   9750990.36 
1995-1999     51      4620543.54   4584448.01   9204991.55 
1995-1999     52      4391338.81   4331639.29   8722978.10 
1995-1999     53      4347288.14   4264264.88   8611553.03 
1995-1999     54      4460259.39   4357069.14   8817328.53 
1995-1999     55      4449065.91   4332660.29   8781726.20 
1995-1999     56      4314079.55   4186285.82   8500365.37 
1995-1999     57      4186130.01   4044537.64   8230667.65 
1995-1999     58      4078108.48   3921601.64   7999710.12 
1995-1999     59      4001172.90   3826765.61   7827938.51 
1995-1999     60      3978302.16   3780899.43   7759201.59 
1995-1999     61      3978621.13   3754907.27   7733528.40 
1995-1999     62      3947713.81   3698686.62   7646400.43 
1995-1999     63      3879992.93   3605614.92   7485607.85 
1995-1999     64      3791911.50   3491927.41   7283838.91 
1995-1999     65      3706065.18   3379596.06   7085661.23 
1995-1999     66      3618770.21   3264974.04   6883744.25 
1995-1999     67      3518061.06   3134817.14   6652878.19 
1995-1999     68      3414047.37   2993581.43   6407628.80 
1995-1999     69      3313697.82   2843625.61   6157323.43 
1995-1999     70      3202274.72   2671582.98   5873857.71 
1995-1999     71      3073684.15   2462849.59   5536533.74 
1995-1999     72      2939658.22   2230628.01   5170286.23 
1995-1999     73      2793114.13   1994362.44   4787476.57 
1995-1999     74      2649896.95   1780963.00   4430859.95 
1995-1999     75      2499900.37   1594074.89   4093975.26 
1995-1999     76      2331963.83   1434028.44   3765992.28 
1995-1999     77      2171153.32   1308924.12   3480077.44 
1995-1999     78      2026050.80   1207942.26   3233993.06 
1995-1999     79      1881887.84   1110556.87   2992444.71 
1995-1999     80      1755592.86   1019106.52   2774699.38 
1995-1999     81      1655870.11    940606.03   2596476.14 
1995-1999     82      1543962.02    853987.14   2397949.16 
1995-1999     83      1420302.26    760102.24   2180404.50 
1995-1999     84      1288034.15    664726.27   1952760.41 
1995-1999     85      1146947.28    568569.99   1715517.27 
1995-1999     86      1004816.99    477436.72   1482253.72 
1995-1999     87       865755.08    394432.84   1260187.92 
1995-1999     88       722388.87    316456.87   1038845.75 
1995-1999     89       586346.60    246823.14    833169.74 
1995-1999     90       469505.21    189127.74    658632.96 
1995-1999     91       368322.68    141613.85    509936.53 
1995-1999     92       283810.57    104119.12    387929.68 
1995-1999     93       217981.10     75974.85    293955.95 
1995-1999     94       164524.98     54222.59    218747.57 
1995-1999     95       119156.41     37287.17    156443.58 
1995-1999     96        83712.58     24822.78    108535.36 
1995-1999     97        56874.84     15994.21     72869.05 
1995-1999     98        36948.46      9878.41     46826.86 
1995-1999     99        23387.14      5973.90     29361.04 
1995-1999    100        14536.93      3589.80     18126.72 
1995-1999    101         8553.29      2013.14     10566.43 
1995-1999    102         4840.31      1093.57      5933.88 
1995-1999    103         2715.53       570.94      3286.47 
1995-1999    104         1453.27       279.76      1733.03 
1995-1999    105          727.11       135.10       862.21 
1995-1999    106          357.19        54.85       412.04 
1995-1999    107          169.17        29.17       198.34 
1995-1999    108           78.33        13.33        91.67 
1995-1999    109           36.33         6.83        43.17 
1995-1999    110+          43.17         7.83        51.00 
2000-2004      0      2787870.06   2938709.09   5726579.15 
2000-2004      1      2801241.40   2951595.03   5752836.43 
2000-2004      2      2828607.49   2976979.85   5805587.35 
2000-2004      3      2846501.82   2992406.42   5838908.23 
2000-2004      4      2860740.29   3002991.09   5863731.38 
2000-2004      5      2882275.22   3024623.94   5906899.16 
2000-2004      6      2892360.64   3034556.56   5926917.20 
2000-2004      7      2896614.03   3041104.50   5937718.53 
2000-2004      8      2906878.65   3053718.42   5960597.07 
2000-2004      9      2920749.94   3068943.58   5989693.52 
2000-2004     10      2943415.24   3093460.81   6036876.05 
2000-2004     11      2978971.27   3131538.24   6110509.51 
2000-2004     12      3039356.70   3194093.25   6233449.95 
2000-2004     13      3112016.52   3270235.00   6382251.52 
2000-2004     14      3197049.91   3360605.44   6557655.34 
2000-2004     15      3299198.23   3470256.98   6769455.21 
2000-2004     16      3395571.58   3576576.67   6972148.25 
2000-2004     17      3482291.31   3669553.41   7151844.72 
2000-2004     18      3565066.05   3749721.50   7314787.55 
2000-2004     19      3629436.42   3821004.77   7450441.19 
2000-2004     20      3688828.48   3895480.41   7584308.89 
2000-2004     21      3748133.60   3964894.21   7713027.81 
2000-2004     22      3836002.06   4051579.51   7887581.58 
2000-2004     23      3949893.66   4161191.60   8111085.25 
2000-2004     24      4081006.39   4286872.69   8367879.08 
2000-2004     25      4234045.24   4428044.33   8662089.57 
2000-2004     26      4404963.22   4584979.90   8989943.11 
2000-2004     27      4565776.64   4730169.82   9295946.46 
2000-2004     28      4681273.09   4834433.96   9515707.05 
2000-2004     29      4732252.07   4877538.67   9609790.73 
2000-2004     30      4719251.86   4858296.91   9577548.77 
2000-2004     31      4651801.55   4782730.65   9434532.20 
2000-2004     32      4566638.39   4689310.50   9255948.89 
2000-2004     33      4420211.16   4534493.05   8954704.21 
2000-2004     34      4266767.08   4368159.44   8634926.53 
2000-2004     35      4170220.56   4263170.63   8433391.20 
2000-2004     36      4079105.13   4166811.38   8245916.51 
2000-2004     37      3973783.76   4056096.56   8029880.32 
2000-2004     38      3924974.70   4003568.81   7928543.51 
2000-2004     39      3907941.89   3983394.99   7891336.88 
2000-2004     40      3860986.20   3929995.20   7790981.40 
2000-2004     41      3830883.00   3891669.58   7722552.58 
2000-2004     42      3808288.73   3863750.12   7672038.85 
2000-2004     43      3807757.82   3857417.92   7665175.74 
2000-2004     44      3839776.45   3883609.93   7723386.38 
2000-2004     45      3882019.79   3921913.69   7803933.48 
2000-2004     46      3947283.80   3982591.82   7929875.61 
2000-2004     47      4075588.19   4103014.40   8178602.60 
2000-2004     48      4255964.70   4272400.04   8528364.74 
2000-2004     49      4470981.18   4477583.10   8948564.27 
2000-2004     50      4755068.19   4749393.80   9504461.99 
2000-2004     51      5069104.82   5050779.37  10119884.18 
2000-2004     52      5325799.49   5298416.41  10624215.90 
2000-2004     53      5341880.08   5302627.11  10644507.19 
2000-2004     54      5103471.67   5046317.37  10149789.05 
2000-2004     55      4823993.99   4742335.83   9566329.82 
2000-2004     56      4567240.78   4459585.10   9026825.88 
2000-2004     57      4339817.75   4205402.47   8545220.22 
2000-2004     58      4297362.82   4135248.54   8432611.36 
2000-2004     59      4405113.91   4215254.86   8620368.77 
2000-2004     60      4390945.17   4182070.29   8573015.46 
2000-2004     61      4255380.90   4033603.18   8288984.08 
2000-2004     62      4125923.84   3886775.15   8012698.99 
2000-2004     63      4019022.29   3759399.84   7778422.13 
2000-2004     64      3938486.25   3656235.65   7594721.90 
2000-2004     65      3908609.37   3595701.86   7504311.23 
2000-2004     66      3897132.43   3548630.70   7445763.13 
2000-2004     67      3851607.38   3468353.76   7319961.15 
2000-2004     68      3768482.29   3351395.32   7119877.61 
2000-2004     69      3667063.81   3215518.63   6882582.44 
2000-2004     70      3567978.25   3083844.60   6651822.85 
2000-2004     71      3467501.45   2949907.65   6417409.10 
2000-2004     72      3355273.46   2803326.40   6158599.85 
2000-2004     73      3239521.69   2647066.57   5886588.26 
2000-2004     74      3127350.23   2487164.11   5614514.34 
2000-2004     75      3004119.74   2307123.75   5311243.48 
2000-2004     76      2862443.47   2100040.31   4962483.78 
2000-2004     77      2714120.38   1874553.90   4588674.29 
2000-2004     78      2549756.89   1645310.58   4195067.46 
2000-2004     79      2386336.69   1437411.24   3823747.93 
2000-2004     80      2235754.90   1238772.11   3474527.01 
2000-2004     81      2044059.51   1077517.62   3121577.13 
2000-2004     82      1860656.00    950478.13   2811134.13 
2000-2004     83      1690798.94    843946.28   2534745.21 
2000-2004     84      1520780.56    741967.32   2262747.88 
2000-2004     85      1375075.40    651128.89   2026204.28 
2000-2004     86      1253195.51    571514.11   1824709.62 
2000-2004     87      1123201.81    491084.48   1614286.29 
2000-2004     88       986980.83    411192.34   1398173.18 
2000-2004     89       850489.48    336550.44   1187039.92 
2000-2004     90       715070.16    267755.91    982826.07 
2000-2004     91       587469.89    207541.21    795011.10 
2000-2004     92       471574.54    157481.65    629056.19 
2000-2004     93       364670.92    115429.44    480100.36 
2000-2004     94       272075.42     81588.06    353663.48 
2000-2004     95       199273.82     56297.63    255571.45 
2000-2004     96       141757.24     37786.39    179543.64 
2000-2004     97        98184.26     24687.76    122872.01 
2000-2004     98        67485.59     15909.32     83394.91 
2000-2004     99        45516.46     10026.74     55543.19 
2000-2004    100        29209.55      6023.22     35232.77 
2000-2004    101        18193.54      3493.27     21686.80 
2000-2004    102        10755.36      1928.95     12684.31 
2000-2004    103         6071.45      1016.76      7088.20 
2000-2004    104         3344.47       552.65      3897.12 
2000-2004    105         1828.34       281.06      2109.40 
2000-2004    106          918.65       142.93      1061.59 
2000-2004    107          425.53        67.36       492.89 
2000-2004    108          190.50        32.17       222.67 
2000-2004    109           87.67        13.50       101.17 
2000-2004    110+          76.00        12.67        88.67 
2005-2009      0      2626168.26   2763768.29   5389936.55 
2005-2009      1      2627758.22   2762649.32   5390407.54 
2005-2009      2      2644422.60   2779469.65   5423892.25 
2005-2009      3      2677322.42   2814513.91   5491836.33 
2005-2009      4      2722162.60   2862353.46   5584516.05 
2005-2009      5      2765636.72   2908952.02   5674588.74 
2005-2009      6      2804060.63   2949471.29   5753531.92 
2005-2009      7      2835529.79   2980913.60   5816443.39 
2005-2009      8      2855334.65   2999980.11   5855314.76 
2005-2009      9      2870763.90   3013980.26   5884744.16 
2005-2009     10      2887880.29   3030173.50   5918053.79 
2005-2009     11      2898654.85   3042656.00   5941310.85 
2005-2009     12      2904828.70   3053299.41   5958128.11 
2005-2009     13      2916619.72   3070372.09   5986991.81 
2005-2009     14      2931266.34   3087954.56   6019220.89 
2005-2009     15      2946224.63   3103589.25   6049813.88 
2005-2009     16      2975127.43   3133839.20   6108966.63 
2005-2009     17      3022230.32   3182721.65   6204951.97 
2005-2009     18      3080974.28   3244429.98   6325404.25 
2005-2009     19      3155343.75   3323891.39   6479235.14 
2005-2009     20      3245886.93   3419971.93   6665858.86 
2005-2009     21      3338003.66   3515275.70   6853279.37 
2005-2009     22      3418094.95   3594977.56   7013072.52 
2005-2009     23      3487317.28   3660853.54   7148170.82 
2005-2009     24      3554560.10   3726932.30   7281492.41 
2005-2009     25      3621184.00   3794543.64   7415727.63 
2005-2009     26      3695324.10   3867735.59   7563059.69 
2005-2009     27      3790060.10   3959547.05   7749607.16 
2005-2009     28      3912848.13   4078223.46   7991071.59 
2005-2009     29      4060050.67   4219784.82   8279835.49 
2005-2009     30      4229438.52   4383825.52   8613264.04 
2005-2009     31      4412017.75   4561393.76   8973411.52 
2005-2009     32      4575498.95   4721984.67   9297483.62 
2005-2009     33      4691210.62   4836594.16   9527804.79 
2005-2009     34      4744069.63   4887433.21   9631502.84 
2005-2009     35      4729907.72   4868503.85   9598411.57 
2005-2009     36      4660713.27   4791958.31   9452671.58 
2005-2009     37      4574104.21   4696651.81   9270756.02 
2005-2009     38      4429090.71   4539876.79   8968967.50 
2005-2009     39      4274260.56   4372771.64   8647032.21 
2005-2009     40      4179706.26   4268859.80   8448566.06 
2005-2009     41      4087437.29   4169295.97   8256733.26 
2005-2009     42      3980772.85   4054567.02   8035339.87 
2005-2009     43      3931059.29   3998394.30   7929453.60 
2005-2009     44      3910120.96   3972948.59   7883069.55 
2005-2009     45      3860396.65   3915584.33   7775980.98 
2005-2009     46      3826730.82   3872051.53   7698782.35 
2005-2009     47      3801984.33   3838606.78   7640591.11 
2005-2009     48      3797602.47   3825813.39   7623415.86 
2005-2009     49      3826126.49   3846024.42   7672150.90 
2005-2009     50      3865027.89   3877669.84   7742697.73 
2005-2009     51      3927731.09   3931758.05   7859489.14 
2005-2009     52      4052719.35   4044556.84   8097276.19 
2005-2009     53      4228535.65   4207362.66   8435898.31 
2005-2009     54      4441150.65   4404427.72   8845578.37 
2005-2009     55      4719594.18   4662046.32   9381640.49 
2005-2009     56      5030991.57   4951793.14   9982784.71 
2005-2009     57      5282906.90   5185080.50  10467987.41 
2005-2009     58      5298815.45   5184012.64  10482828.09 
2005-2009     59      5061711.18   4927491.71   9989202.90 
2005-2009     60      4781220.92   4620555.06   9401775.97 
2005-2009     61      4522715.73   4333256.02   8855971.75 
2005-2009     62      4292843.88   4074330.90   8367174.78 
2005-2009     63      4243904.61   3990630.56   8234535.17 
2005-2009     64      4345286.42   4055654.47   8400940.88 
2005-2009     65      4324957.75   4010992.92   8335950.67 
2005-2009     66      4182590.97   3850670.25   8033261.22 
2005-2009     67      4045950.52   3691411.62   7737362.14 
2005-2009     68      3925970.63   3545098.59   7471069.22 
2005-2009     69      3834203.49   3419835.80   7254039.29 
2005-2009     70      3791930.52   3332860.99   7124791.52 
2005-2009     71      3767270.52   3257181.80   7024452.32 
2005-2009     72      3708634.25   3149931.92   6858566.17 
2005-2009     73      3613960.92   3009746.99   6623707.90 
2005-2009     74      3498425.34   2852871.97   6351297.31 
2005-2009     75      3382982.45   2696338.69   6079321.14 
2005-2009     76      3266464.32   2538645.20   5805109.53 
2005-2009     77      3135753.60   2370505.96   5506259.56 
2005-2009     78      3000655.22   2196598.79   5197254.01 
2005-2009     79      2868424.40   2020806.69   4889231.08 
2005-2009     80      2719215.01   1831182.55   4550397.55 
2005-2009     81      2553161.47   1621197.40   4174358.86 
2005-2009     82      2378667.58   1399189.79   3777857.37 
2005-2009     83      2191196.53   1183000.67   3374197.19 
2005-2009     84      2004576.57    991214.56   2995791.13 
2005-2009     85      1811971.48    825686.15   2637657.63 
2005-2009     86      1607474.78    685078.91   2292553.69 
2005-2009     87      1413049.66    573557.51   1986607.18 
2005-2009     88      1233259.96    480759.74   1714019.70 
2005-2009     89      1059601.92    396197.61   1455799.53 
2005-2009     90       909617.12    324170.47   1233787.59 
2005-2009     91       782145.81    263783.60   1045929.41 
2005-2009     92       657284.00    208811.38    866095.38 
2005-2009     93       537335.12    160145.59    697480.71 
2005-2009     94       427085.16    119148.94    546234.10 
2005-2009     95       329269.28     85358.48    414627.75 
2005-2009     96       245631.80     58972.60    304604.40 
2005-2009     97       178157.39     39665.10    217822.49 
2005-2009     98       123838.15     25589.61    149427.76 
2005-2009     99        82424.22     15893.36     98317.58 
2005-2009    100        53145.87      9579.83     62725.69 
2005-2009    101        32949.39      5611.19     38560.58 
2005-2009    102        19872.20      3142.05     23014.25 
2005-2009    103        11764.05      1721.73     13485.78 
2005-2009    104         6780.09       895.48      7675.57 
2005-2009    105         3745.72       454.04      4199.76 
2005-2009    106         2031.56       212.44      2244.01 
2005-2009    107         1048.28        92.69      1140.97 
2005-2009    108          516.41        47.00       563.41 
2005-2009    109          243.48        21.67       265.14 
2005-2009    110+         176.17        14.83       191.00 
2010-2014      0      2526893.94   2658192.97   5185086.91 
2010-2014      1      2538965.84   2667366.72   5206332.56 
2010-2014      2      2552845.61   2680360.26   5233205.87 
2010-2014      3      2562082.35   2688037.22   5250119.57 
2010-2014      4      2564852.42   2688992.00   5253844.42 
2010-2014      5      2578953.55   2703210.18   5282163.73 
2010-2014      6      2601468.78   2726991.63   5328460.41 
2010-2014      7      2630633.16   2758723.90   5389357.05 
2010-2014      8      2671278.31   2802491.25   5473769.56 
2010-2014      9      2721680.29   2857151.68   5578831.97 
2010-2014     10      2769798.44   2910244.88   5680043.33 
2010-2014     11      2810475.27   2953422.73   5763898.00 
2010-2014     12      2843324.33   2986545.66   5829869.99 
2010-2014     13      2862469.23   3005651.16   5868120.38 
2010-2014     14      2877823.08   3021022.45   5898845.53 
2010-2014     15      2897737.78   3043547.36   5941285.13 
2010-2014     16      2909847.67   3061610.77   5971458.44 
2010-2014     17      2915620.87   3073841.63   5989462.50 
2010-2014     18      2926321.43   3087318.82   6013640.24 
2010-2014     19      2926036.85   3090263.02   6016299.87 
2010-2014     20      2919154.40   3085514.44   6004668.84 
2010-2014     21      2933860.95   3095536.74   6029397.69 
2010-2014     22      2977297.45   3130405.84   6107703.29 
2010-2014     23      3030521.48   3180564.95   6211086.43 
2010-2014     24      3103305.08   3252234.41   6355539.49 
2010-2014     25      3193334.48   3340475.17   6533809.66 
2010-2014     26      3286996.10   3431753.71   6718749.80 
2010-2014     27      3373168.45   3513611.85   6886780.30 
2010-2014     28      3450160.00   3585174.28   7035334.29 
2010-2014     29      3524809.00   3656765.11   7181574.11 
2010-2014     30      3599261.17   3731135.39   7330396.56 
2010-2014     31      3682404.97   3816024.97   7498429.94 
2010-2014     32      3788201.36   3923449.91   7711651.27 
2010-2014     33      3919611.38   4058111.24   7977722.62 
2010-2014     34      4070778.26   4214521.20   8285299.46 
2010-2014     35      4242096.18   4390830.98   8632927.15 
2010-2014     36      4423717.65   4576560.13   9000277.78 
2010-2014     37      4584376.33   4741846.76   9326223.10 
2010-2014     38      4697205.82   4857699.51   9554905.34 
2010-2014     39      4746262.66   4906205.05   9652467.71 
2010-2014     40      4729969.47   4884102.73   9614072.19 
2010-2014     41      4660917.37   4805495.55   9466412.92 
2010-2014     42      4573867.75   4706933.91   9280801.66 
2010-2014     43      4428425.91   4546554.37   8974980.28 
2010-2014     44      4273381.96   4375179.46   8648561.42 
2010-2014     45      4176726.46   4265610.66   8442337.13 
2010-2014     46      4081700.58   4160886.38   8242586.97 
2010-2014     47      3972727.22   4042085.16   8014812.38 
2010-2014     48      3921325.09   3981550.94   7902876.03 
2010-2014     49      3897525.43   3950396.56   7847921.99 
2010-2014     50      3845026.79   3887131.63   7732158.42 
2010-2014     51      3808667.84   3837571.11   7646238.95 
2010-2014     52      3781865.79   3798057.70   7579923.50 
2010-2014     53      3775259.28   3778728.49   7553987.77 
2010-2014     54      3801407.84   3792553.82   7593961.66 
2010-2014     55      3838455.13   3818557.38   7657012.52 
2010-2014     56      3899506.90   3867068.33   7766575.23 
2010-2014     57      4022228.69   3973445.00   7995673.68 
2010-2014     58      4196084.00   4127165.99   8323249.99 
2010-2014     59      4406222.03   4313121.54   8719343.57 
2010-2014     60      4679356.67   4556803.28   9236159.95 
2010-2014     61      4983936.65   4828381.03   9812317.67 
2010-2014     62      5229049.69   5041688.06  10270737.75 
2010-2014     63      5239143.87   5024610.30  10263754.18 
2010-2014     64      4997511.10   4757127.92   9754639.02 
2010-2014     65      4713172.13   4442660.02   9155832.15 
2010-2014     66      4451156.83   4149362.34   8600519.17 
2010-2014     67      4216996.51   3883077.87   8100074.38 
2010-2014     68      4161066.72   3784702.68   7945769.40 
2010-2014     69      4248339.47   3823322.86   8071662.34 
2010-2014     70      4214055.13   3754565.03   7968620.16 
2010-2014     71      4060714.41   3576770.85   7637485.26 
2010-2014     72      3911777.69   3398551.64   7310329.33 
2010-2014     73      3779342.79   3229899.80   7009242.60 
2010-2014     74      3674688.38   3081074.16   6755762.54 
2010-2014     75      3615356.99   2965030.51   6580387.49 
2010-2014     76      3569741.75   2856636.44   6426378.19 
2010-2014     77      3490372.75   2718343.72   6208716.46 
2010-2014     78      3373171.08   2548544.98   5921716.06 
2010-2014     79      3232597.86   2362779.34   5595377.20 
2010-2014     80      3090376.29   2177925.73   5268302.02 
2010-2014     81      2944499.85   1994701.41   4939201.26 
2010-2014     82      2783451.95   1806160.62   4589612.57 
2010-2014     83      2617021.97   1619239.05   4236261.01 
2010-2014     84      2449435.23   1434229.88   3883665.11 
2010-2014     85      2261240.68   1245915.65   3507156.33 
2010-2014     86      2058105.11   1053257.89   3111363.00 
2010-2014     87      1850006.15    863594.31   2713600.46 
2010-2014     88      1635919.10    689477.37   2325396.47 
2010-2014     89      1429526.57    543501.42   1973027.99 
2010-2014     90      1228455.87    423154.59   1651610.46 
2010-2014     91      1029098.33    325003.90   1354102.23 
2010-2014     92       848022.68    250520.55   1098543.23 
2010-2014     93       688820.53    191765.17    880585.69 
2010-2014     94       546754.02    143662.46    690416.48 
2010-2014     95       429836.41    105528.26    535364.67 
2010-2014     96       336126.01     76628.75    412754.76 
2010-2014     97       254476.06     53525.85    308001.91 
2010-2014     98       185790.63     35779.92    221570.55 
2010-2014     99       131100.39     23066.41    154166.79 
2010-2014    100        88621.08     14295.53    102916.61 
2010-2014    101        57394.12      8437.06     65831.18 
2010-2014    102        35701.18      4787.13     40488.31 
2010-2014    103        21196.57      2623.40     23819.97 
2010-2014    104        11962.58      1356.72     13319.31 
2010-2014    105         6506.77       657.82      7164.59 
2010-2014    106         3405.54       322.04      3727.57 
2010-2014    107         1696.68       140.28      1836.97 
2010-2014    108          843.65        60.91       904.55 
2010-2014    109          391.94        26.82       418.75 
2010-2014    110+         323.15        18.23       341.38 
