Luxembourg, Exposure to risk (period 1x5)     Last modified: 19-Oct-2015, MPv5 (May07)

   Year      Age       Female          Male         Total
1960-1964      0        12348.70     12842.47     25191.17 
1960-1964      1        12262.56     12702.14     24964.70 
1960-1964      2        12176.54     12728.89     24905.43 
1960-1964      3        12110.92     12684.67     24795.59 
1960-1964      4        11998.45     12552.84     24551.29 
1960-1964      5        11865.29     12393.91     24259.19 
1960-1964      6        11760.50     12166.63     23927.13 
1960-1964      7        11623.44     11933.65     23557.08 
1960-1964      8        11350.28     11700.53     23050.81 
1960-1964      9        11023.79     11450.53     22474.32 
1960-1964     10        10730.01     11147.14     21877.15 
1960-1964     11        10452.74     10861.64     21314.38 
1960-1964     12        10284.68     10664.42     20949.09 
1960-1964     13        10224.93     10577.65     20802.58 
1960-1964     14        10114.74     10486.14     20600.88 
1960-1964     15         9991.92     10391.53     20383.45 
1960-1964     16         9976.83     10376.56     20353.39 
1960-1964     17        10003.52     10416.42     20419.94 
1960-1964     18        10024.19     10413.31     20437.49 
1960-1964     19        10108.10     10509.86     20617.96 
1960-1964     20        10292.74     10853.43     21146.17 
1960-1964     21        10465.01     11104.38     21569.39 
1960-1964     22        10519.59     11187.15     21706.74 
1960-1964     23        10577.34     11354.45     21931.79 
1960-1964     24        10694.52     11546.29     22240.81 
1960-1964     25        10757.18     11577.61     22334.79 
1960-1964     26        10761.05     11617.43     22378.47 
1960-1964     27        10815.09     11722.60     22537.69 
1960-1964     28        11023.64     11894.99     22918.62 
1960-1964     29        11353.69     12220.21     23573.90 
1960-1964     30        11688.44     12640.42     24328.86 
1960-1964     31        11940.38     13011.22     24951.60 
1960-1964     32        12164.35     13231.68     25396.03 
1960-1964     33        12252.77     13173.68     25426.45 
1960-1964     34        12129.87     12759.20     24889.07 
1960-1964     35        11982.05     12099.40     24081.44 
1960-1964     36        11952.26     11385.17     23337.43 
1960-1964     37        11854.45     10670.94     22525.39 
1960-1964     38        11682.71     10126.22     21808.93 
1960-1964     39        11667.95      9869.47     21537.42 
1960-1964     40        11512.21      9751.28     21263.49 
1960-1964     41        10894.86      9503.59     20398.46 
1960-1964     42        10198.85      9211.46     19410.31 
1960-1964     43         9644.83      8976.60     18621.43 
1960-1964     44         9169.55      8833.42     18002.97 
1960-1964     45         9136.90      9056.33     18193.22 
1960-1964     46         9658.09      9582.86     19240.95 
1960-1964     47        10378.15     10252.96     20631.11 
1960-1964     48        11026.77     10866.70     21893.47 
1960-1964     49        11418.02     11253.19     22671.21 
1960-1964     50        11513.97     11398.04     22912.01 
1960-1964     51        11548.70     11426.78     22975.49 
1960-1964     52        11580.61     11398.47     22979.08 
1960-1964     53        11562.92     11360.77     22923.69 
1960-1964     54        11551.58     11298.61     22850.19 
1960-1964     55        11496.27     11112.07     22608.34 
1960-1964     56        11310.42     10823.89     22134.32 
1960-1964     57        11111.83     10496.83     21608.65 
1960-1964     58        10940.50     10208.65     21149.15 
1960-1964     59        10711.66      9908.87     20620.53 
1960-1964     60        10467.74      9523.68     19991.42 
1960-1964     61        10177.60      9087.37     19264.97 
1960-1964     62         9765.23      8615.63     18380.86 
1960-1964     63         9300.37      8073.79     17374.15 
1960-1964     64         8868.60      7513.33     16381.93 
1960-1964     65         8437.48      7031.31     15468.79 
1960-1964     66         8052.49      6618.12     14670.62 
1960-1964     67         7630.02      6211.39     13841.40 
1960-1964     68         7141.65      5799.27     12940.92 
1960-1964     69         6666.60      5413.12     12079.71 
1960-1964     70         6235.19      5017.22     11252.41 
1960-1964     71         5807.11      4610.38     10417.50 
1960-1964     72         5422.15      4264.65      9686.79 
1960-1964     73         5122.98      3970.81      9093.79 
1960-1964     74         4797.62      3669.39      8467.01 
1960-1964     75         4448.18      3366.66      7814.84 
1960-1964     76         4098.70      3069.32      7168.03 
1960-1964     77         3756.34      2768.97      6525.31 
1960-1964     78         3413.00      2469.20      5882.20 
1960-1964     79         3067.02      2196.78      5263.80 
1960-1964     80         2730.00      1960.77      4690.78 
1960-1964     81         2373.77      1692.68      4066.45 
1960-1964     82         2013.39      1430.16      3443.55 
1960-1964     83         1688.20      1187.49      2875.69 
1960-1964     84         1421.96       976.12      2398.08 
1960-1964     85         1173.53       781.43      1954.96 
1960-1964     86          931.84       609.03      1540.87 
1960-1964     87          718.71       473.80      1192.52 
1960-1964     88          536.12       358.95       895.07 
1960-1964     89          386.81       255.83       642.64 
1960-1964     90          272.67       174.15       446.82 
1960-1964     91          192.97       111.91       304.88 
1960-1964     92          127.22        67.68       194.90 
1960-1964     93           82.03        39.66       121.69 
1960-1964     94           58.17        23.45        81.61 
1960-1964     95           40.73        14.18        54.91 
1960-1964     96           29.57         7.93        37.50 
1960-1964     97           20.47         3.21        23.68 
1960-1964     98           11.05         1.25        12.30 
1960-1964     99            4.01         1.00         5.01 
1960-1964    100            1.07         0.48         1.55 
1960-1964    101            0.09         0.00         0.09 
1960-1964    102            0.00         0.00         0.00 
1960-1964    103            0.00         0.00         0.00 
1960-1964    104            0.00         0.00         0.00 
1960-1964    105            0.00         0.00         0.00 
1960-1964    106            0.00         0.00         0.00 
1960-1964    107            0.00         0.00         0.00 
1960-1964    108            0.00         0.00         0.00 
1960-1964    109            0.00         0.00         0.00 
1960-1964    110+           0.00         0.00         0.00 
1965-1969      0        12040.32     12708.97     24749.29 
1965-1969      1        12248.95     12934.90     25183.85 
1965-1969      2        12491.56     13114.05     25605.61 
1965-1969      3        12648.73     13192.09     25840.82 
1965-1969      4        12697.59     13190.82     25888.41 
1965-1969      5        12720.83     13117.60     25838.44 
1965-1969      6        12672.78     13043.92     25716.70 
1965-1969      7        12559.14     13029.59     25588.72 
1965-1969      8        12461.41     12976.50     25437.91 
1965-1969      9        12336.84     12851.39     25188.23 
1965-1969     10        12193.33     12696.57     24889.90 
1965-1969     11        12082.17     12469.86     24552.04 
1965-1969     12        11959.71     12246.69     24206.40 
1965-1969     13        11740.42     12044.65     23785.07 
1965-1969     14        11528.92     11862.41     23391.33 
1965-1969     15        11374.54     11647.04     23021.58 
1965-1969     16        11210.96     11504.76     22715.73 
1965-1969     17        11101.79     11437.77     22539.56 
1965-1969     18        11013.39     11416.94     22430.33 
1965-1969     19        10859.86     11358.08     22217.94 
1965-1969     20        10682.99     11279.33     21962.32 
1965-1969     21        10609.91     11273.35     21883.26 
1965-1969     22        10593.21     11355.24     21948.45 
1965-1969     23        10589.01     11355.93     21944.93 
1965-1969     24        10663.77     11394.09     22057.86 
1965-1969     25        10889.59     11654.67     22544.27 
1965-1969     26        11075.88     11807.93     22883.82 
1965-1969     27        11115.96     11814.34     22930.31 
1965-1969     28        11155.25     11929.54     23084.79 
1965-1969     29        11234.66     12076.39     23311.04 
1965-1969     30        11236.04     12034.20     23270.24 
1965-1969     31        11170.13     11970.57     23140.70 
1965-1969     32        11177.39     11982.99     23160.39 
1965-1969     33        11340.55     12107.68     23448.22 
1965-1969     34        11654.60     12414.03     24068.62 
1965-1969     35        11987.29     12795.90     24783.19 
1965-1969     36        12215.60     13130.17     25345.76 
1965-1969     37        12404.34     13331.21     25735.55 
1965-1969     38        12480.28     13270.13     25750.41 
1965-1969     39        12367.17     12853.74     25220.90 
1965-1969     40        12181.88     12171.21     24353.08 
1965-1969     41        12099.20     11420.50     23519.70 
1965-1969     42        11959.10     10679.57     22638.67 
1965-1969     43        11781.90     10081.55     21863.46 
1965-1969     44        11761.97      9769.79     21531.76 
1965-1969     45        11573.41      9628.50     21201.90 
1965-1969     46        10925.72      9366.59     20292.30 
1965-1969     47        10196.23      9056.44     19252.67 
1965-1969     48         9605.84      8807.27     18413.12 
1965-1969     49         9105.96      8655.75     17761.71 
1965-1969     50         9052.97      8837.66     17890.63 
1965-1969     51         9532.92      9308.14     18841.06 
1965-1969     52        10214.79      9903.88     20118.67 
1965-1969     53        10809.68     10394.90     21204.58 
1965-1969     54        11145.23     10651.14     21796.36 
1965-1969     55        11211.54     10692.90     21904.44 
1965-1969     56        11227.40     10631.96     21859.35 
1965-1969     57        11228.89     10564.10     21792.99 
1965-1969     58        11182.77     10461.11     21643.88 
1965-1969     59        11164.64     10280.00     21444.64 
1965-1969     60        11065.92      9987.50     21053.42 
1965-1969     61        10816.43      9627.68     20444.11 
1965-1969     62        10568.41      9212.93     19781.34 
1965-1969     63        10346.28      8832.46     19178.74 
1965-1969     64        10061.60      8499.61     18561.20 
1965-1969     65         9727.99      8109.38     17837.37 
1965-1969     66         9346.44      7672.43     17018.87 
1965-1969     67         8868.11      7214.18     16082.30 
1965-1969     68         8348.02      6663.68     15011.70 
1965-1969     69         7879.24      6073.31     13952.55 
1965-1969     70         7384.56      5583.36     12967.92 
1965-1969     71         6902.14      5156.72     12058.86 
1965-1969     72         6430.39      4705.10     11135.49 
1965-1969     73         5928.60      4280.92     10209.51 
1965-1969     74         5427.83      3901.95      9329.78 
1965-1969     75         4965.66      3501.87      8467.54 
1965-1969     76         4515.62      3133.62      7649.24 
1965-1969     77         4085.71      2807.17      6892.89 
1965-1969     78         3720.15      2515.22      6235.37 
1965-1969     79         3330.08      2261.72      5591.80 
1965-1969     80         2971.70      2005.64      4977.33 
1965-1969     81         2617.83      1720.05      4337.88 
1965-1969     82         2256.91      1452.86      3709.77 
1965-1969     83         1904.95      1215.61      3120.56 
1965-1969     84         1584.06      1019.71      2603.78 
1965-1969     85         1299.16       843.64      2142.80 
1965-1969     86         1055.20       674.07      1729.27 
1965-1969     87          841.33       520.13      1361.45 
1965-1969     88          657.47       396.93      1054.40 
1965-1969     89          508.68       304.30       812.98 
1965-1969     90          382.71       228.66       611.37 
1965-1969     91          285.96       167.31       453.27 
1965-1969     92          204.99       119.46       324.45 
1965-1969     93          137.91        85.66       223.57 
1965-1969     94           89.12        57.67       146.79 
1965-1969     95           53.35        32.56        85.92 
1965-1969     96           27.80        19.21        47.01 
1965-1969     97           17.50        10.71        28.22 
1965-1969     98           13.75         4.43        18.18 
1965-1969     99            8.83         0.96         9.79 
1965-1969    100            3.62         0.00         3.62 
1965-1969    101            0.91         0.00         0.91 
1965-1969    102            0.07         0.00         0.07 
1965-1969    103            0.00         0.00         0.00 
1965-1969    104            0.00         0.00         0.00 
1965-1969    105            0.00         0.00         0.00 
1965-1969    106            0.00         0.00         0.00 
1965-1969    107            0.00         0.00         0.00 
1965-1969    108            0.00         0.00         0.00 
1965-1969    109            0.00         0.00         0.00 
1965-1969    110+           0.00         0.00         0.00 
1970-1974      0        10082.59     10817.19     20899.78 
1970-1974      1        10492.83     11184.34     21677.17 
1970-1974      2        10996.47     11665.06     22661.53 
1970-1974      3        11446.65     12053.66     23500.31 
1970-1974      4        11856.76     12441.80     24298.56 
1970-1974      5        12202.79     12879.19     25081.98 
1970-1974      6        12477.61     13202.07     25679.68 
1970-1974      7        12694.57     13300.14     25994.72 
1970-1974      8        12816.68     13327.30     26143.97 
1970-1974      9        12841.51     13336.73     26178.24 
1970-1974     10        12879.33     13284.03     26163.36 
1970-1974     11        12866.80     13280.61     26147.41 
1970-1974     12        12781.97     13320.06     26102.02 
1970-1974     13        12703.29     13303.79     26007.08 
1970-1974     14        12628.15     13178.19     25806.34 
1970-1974     15        12586.52     13070.89     25657.41 
1970-1974     16        12629.84     13024.79     25654.63 
1970-1974     17        12658.24     13121.21     25779.45 
1970-1974     18        12568.79     13256.58     25825.37 
1970-1974     19        12449.28     13169.60     25618.88 
1970-1974     20        12305.57     12792.21     25097.78 
1970-1974     21        12100.17     12390.93     24491.10 
1970-1974     22        11952.11     12142.07     24094.18 
1970-1974     23        11869.95     12167.88     24037.83 
1970-1974     24        11750.61     12361.51     24112.12 
1970-1974     25        11537.80     12503.16     24040.96 
1970-1974     26        11416.47     12563.70     23980.17 
1970-1974     27        11336.71     12536.40     23873.10 
1970-1974     28        11196.03     12338.33     23534.36 
1970-1974     29        11188.07     12203.99     23392.05 
1970-1974     30        11336.81     12296.68     23633.48 
1970-1974     31        11449.67     12283.89     23733.56 
1970-1974     32        11454.98     12215.62     23670.61 
1970-1974     33        11462.34     12277.10     23739.43 
1970-1974     34        11480.39     12362.45     23842.84 
1970-1974     35        11427.97     12310.36     23738.33 
1970-1974     36        11326.71     12226.79     23553.50 
1970-1974     37        11299.80     12193.68     23493.47 
1970-1974     38        11468.67     12283.87     23752.54 
1970-1974     39        11770.94     12585.33     24356.27 
1970-1974     40        12105.89     12951.06     25056.95 
1970-1974     41        12352.13     13278.93     25631.06 
1970-1974     42        12526.98     13471.39     25998.37 
1970-1974     43        12550.36     13374.98     25925.34 
1970-1974     44        12380.78     12898.00     25278.78 
1970-1974     45        12182.77     12138.88     24321.65 
1970-1974     46        12056.79     11360.96     23417.75 
1970-1974     47        11888.24     10587.14     22475.38 
1970-1974     48        11691.36      9931.67     21623.03 
1970-1974     49        11617.81      9604.92     21222.73 
1970-1974     50        11380.89      9420.78     20801.66 
1970-1974     51        10733.50      9106.63     19840.13 
1970-1974     52         9993.33      8729.59     18722.93 
1970-1974     53         9371.70      8422.78     17794.49 
1970-1974     54         8842.50      8204.26     17046.76 
1970-1974     55         8759.48      8262.79     17022.27 
1970-1974     56         9218.86      8624.11     17842.97 
1970-1974     57         9877.20      9081.66     18958.87 
1970-1974     58        10443.49      9463.17     19906.66 
1970-1974     59        10710.73      9633.55     20344.28 
1970-1974     60        10751.52      9579.13     20330.65 
1970-1974     61        10726.78      9424.77     20151.55 
1970-1974     62        10638.46      9247.96     19886.42 
1970-1974     63        10525.17      9044.23     19569.40 
1970-1974     64        10423.52      8744.85     19168.37 
1970-1974     65        10242.54      8396.25     18638.80 
1970-1974     66         9926.65      8027.66     17954.31 
1970-1974     67         9610.56      7561.69     17172.25 
1970-1974     68         9311.16      7146.17     16457.33 
1970-1974     69         8945.78      6786.30     15732.08 
1970-1974     70         8553.21      6344.69     14897.90 
1970-1974     71         8112.29      5869.49     13981.78 
1970-1974     72         7558.98      5374.10     12933.08 
1970-1974     73         6991.58      4823.98     11815.56 
1970-1974     74         6466.36      4291.75     10758.11 
1970-1974     75         5920.60      3847.96      9768.56 
1970-1974     76         5405.49      3449.28      8854.77 
1970-1974     77         4871.32      3079.66      7950.98 
1970-1974     78         4320.31      2725.44      7045.76 
1970-1974     79         3816.65      2387.81      6204.46 
1970-1974     80         3360.08      2014.49      5374.56 
1970-1974     81         2912.64      1720.08      4632.72 
1970-1974     82         2522.87      1475.51      3998.38 
1970-1974     83         2160.85      1257.28      3418.13 
1970-1974     84         1808.28      1056.23      2864.51 
1970-1974     85         1502.38       859.86      2362.24 
1970-1974     86         1233.70       691.61      1925.31 
1970-1974     87          982.03       551.57      1533.60 
1970-1974     88          760.44       426.06      1186.50 
1970-1974     89          577.02       317.87       894.89 
1970-1974     90          429.05       234.28       663.33 
1970-1974     91          315.48       170.37       485.85 
1970-1974     92          229.15       117.65       346.80 
1970-1974     93          161.99        82.02       244.01 
1970-1974     94          109.33        60.38       169.71 
1970-1974     95           72.25        43.94       116.19 
1970-1974     96           46.96        28.42        75.38 
1970-1974     97           31.06        16.99        48.05 
1970-1974     98           20.50        10.55        31.05 
1970-1974     99           10.72         6.99        17.71 
1970-1974    100            4.92         3.17         8.09 
1970-1974    101            1.29         0.59         1.88 
1970-1974    102            0.05         0.00         0.05 
1970-1974    103            0.00         0.00         0.00 
1970-1974    104            0.00         0.00         0.00 
1970-1974    105            0.00         0.00         0.00 
1970-1974    106            0.00         0.00         0.00 
1970-1974    107            0.00         0.00         0.00 
1970-1974    108            0.00         0.00         0.00 
1970-1974    109            0.00         0.00         0.00 
1970-1974    110+           0.00         0.00         0.00 
1975-1979      0         9868.82     10414.18     20283.00 
1975-1979      1         9687.50     10193.11     19880.61 
1975-1979      2         9730.08     10258.52     19988.60 
1975-1979      3        10005.64     10614.03     20619.68 
1975-1979      4        10347.32     10984.55     21331.86 
1975-1979      5        10760.52     11372.98     22133.51 
1975-1979      6        11227.40     11830.29     23057.69 
1975-1979      7        11693.61     12280.48     23974.09 
1975-1979      8        12107.88     12646.01     24753.89 
1975-1979      9        12512.58     13000.90     25513.48 
1975-1979     10        12823.92     13367.60     26191.53 
1975-1979     11        13039.82     13648.03     26687.85 
1975-1979     12        13226.68     13719.02     26945.70 
1975-1979     13        13322.83     13827.13     27149.97 
1975-1979     14        13417.60     13863.09     27280.69 
1975-1979     15        13515.40     13894.72     27410.12 
1975-1979     16        13615.68     13961.05     27576.73 
1975-1979     17        13718.08     14065.89     27783.97 
1975-1979     18        13839.42     14119.86     27959.28 
1975-1979     19        13937.10     14061.26     27998.37 
1975-1979     20        13986.74     14068.75     28055.49 
1975-1979     21        14103.62     14137.55     28241.17 
1975-1979     22        14134.32     14189.89     28324.21 
1975-1979     23        14021.26     14099.54     28120.80 
1975-1979     24        13855.78     13959.13     27814.91 
1975-1979     25        13690.42     13881.99     27572.41 
1975-1979     26        13514.53     13871.44     27385.97 
1975-1979     27        13310.72     14020.11     27330.83 
1975-1979     28        13130.57     14218.30     27348.87 
1975-1979     29        12889.33     14212.75     27102.08 
1975-1979     30        12527.40     13938.08     26465.48 
1975-1979     31        12296.20     13676.30     25972.51 
1975-1979     32        12073.82     13441.31     25515.13 
1975-1979     33        11851.11     13086.31     24937.43 
1975-1979     34        11732.34     12822.95     24555.29 
1975-1979     35        11763.12     12699.16     24462.28 
1975-1979     36        11810.28     12605.38     24415.66 
1975-1979     37        11807.39     12521.18     24328.56 
1975-1979     38        11739.71     12543.60     24283.31 
1975-1979     39        11686.29     12546.09     24232.38 
1975-1979     40        11625.08     12472.16     24097.24 
1975-1979     41        11481.89     12341.62     23823.51 
1975-1979     42        11478.53     12307.14     23785.66 
1975-1979     43        11649.72     12398.51     24048.23 
1975-1979     44        11913.72     12646.21     24559.93 
1975-1979     45        12175.81     13005.35     25181.16 
1975-1979     46        12379.40     13218.04     25597.45 
1975-1979     47        12456.06     13285.46     25741.52 
1975-1979     48        12403.65     13070.34     25474.00 
1975-1979     49        12253.96     12549.60     24803.56 
1975-1979     50        12036.39     11823.06     23859.45 
1975-1979     51        11828.64     10971.18     22799.82 
1975-1979     52        11606.41     10138.03     21744.44 
1975-1979     53        11387.93      9528.00     20915.93 
1975-1979     54        11294.90      9193.17     20488.07 
1975-1979     55        11097.42      8909.78     20007.19 
1975-1979     56        10432.16      8535.97     18968.13 
1975-1979     57         9639.10      8085.73     17724.83 
1975-1979     58         8973.10      7727.43     16700.53 
1975-1979     59         8430.65      7410.64     15841.29 
1975-1979     60         8428.58      7474.72     15903.30 
1975-1979     61         8845.91      7752.39     16598.30 
1975-1979     62         9414.89      8051.66     17466.55 
1975-1979     63         9847.84      8274.31     18122.15 
1975-1979     64        10026.77      8291.33     18318.10 
1975-1979     65        10030.13      8166.70     18196.83 
1975-1979     66         9911.95      7928.48     17840.43 
1975-1979     67         9748.87      7709.82     17458.69 
1975-1979     68         9551.53      7455.17     17006.70 
1975-1979     69         9331.19      7093.05     16424.24 
1975-1979     70         9039.52      6706.89     15746.41 
1975-1979     71         8669.99      6240.62     14910.61 
1975-1979     72         8301.80      5746.39     14048.19 
1975-1979     73         7868.15      5286.92     13155.07 
1975-1979     74         7385.72      4832.76     12218.47 
1975-1979     75         6878.34      4345.07     11223.42 
1975-1979     76         6369.93      3891.40     10261.33 
1975-1979     77         5798.67      3445.32      9243.99 
1975-1979     78         5223.89      3016.86      8240.75 
1975-1979     79         4638.78      2589.28      7228.07 
1975-1979     80         4107.72      2265.17      6372.89 
1975-1979     81         3588.73      1929.03      5517.76 
1975-1979     82         3092.45      1613.77      4706.23 
1975-1979     83         2622.35      1335.18      3957.53 
1975-1979     84         2180.44      1072.07      3252.51 
1975-1979     85         1780.16       832.83      2612.98 
1975-1979     86         1428.77       660.77      2089.54 
1975-1979     87         1132.11       539.82      1671.93 
1975-1979     88          888.42       436.31      1324.73 
1975-1979     89          679.79       339.29      1019.08 
1975-1979     90          511.80       246.99       758.79 
1975-1979     91          376.31       174.05       550.36 
1975-1979     92          262.93       120.95       383.89 
1975-1979     93          184.08        86.72       270.80 
1975-1979     94          127.01        63.18       190.19 
1975-1979     95           85.02        45.72       130.75 
1975-1979     96           52.46        31.55        84.02 
1975-1979     97           32.05        21.47        53.53 
1975-1979     98           21.63        14.03        35.67 
1975-1979     99           13.18         7.41        20.58 
1975-1979    100            5.53         2.67         8.20 
1975-1979    101            1.04         0.08         1.13 
1975-1979    102            0.07         0.00         0.07 
1975-1979    103            0.00         0.00         0.00 
1975-1979    104            0.00         0.00         0.00 
1975-1979    105            0.00         0.00         0.00 
1975-1979    106            0.00         0.00         0.00 
1975-1979    107            0.00         0.00         0.00 
1975-1979    108            0.00         0.00         0.00 
1975-1979    109            0.00         0.00         0.00 
1975-1979    110+           0.00         0.00         0.00 
1980-1984      0        10397.44     10852.60     21250.05 
1980-1984      1        10448.35     10852.22     21300.57 
1980-1984      2        10339.79     10805.01     21144.80 
1980-1984      3        10195.58     10680.58     20876.15 
1980-1984      4        10092.58     10567.94     20660.52 
1980-1984      5        10004.85     10551.57     20556.42 
1980-1984      6         9953.97     10540.59     20494.55 
1980-1984      7         9972.11     10589.13     20561.24 
1980-1984      8        10158.32     10768.65     20926.97 
1980-1984      9        10471.30     11072.58     21543.88 
1980-1984     10        10862.09     11490.76     22352.85 
1980-1984     11        11407.62     12007.21     23414.83 
1980-1984     12        11952.82     12507.56     24460.38 
1980-1984     13        12387.89     12820.63     25208.52 
1980-1984     14        12720.27     13164.31     25884.59 
1980-1984     15        13024.69     13575.06     26599.75 
1980-1984     16        13300.89     13868.97     27169.86 
1980-1984     17        13531.27     14037.88     27569.15 
1980-1984     18        13825.87     14184.72     28010.59 
1980-1984     19        14145.08     14319.25     28464.33 
1980-1984     20        14498.44     14370.65     28869.09 
1980-1984     21        14713.60     14363.88     29077.48 
1980-1984     22        14826.83     14449.12     29275.95 
1980-1984     23        14939.85     14617.64     29557.49 
1980-1984     24        15010.18     14767.91     29778.09 
1980-1984     25        15078.86     14897.70     29976.56 
1980-1984     26        15046.18     14940.56     29986.75 
1980-1984     27        14945.62     14840.40     29786.03 
1980-1984     28        14766.47     14834.23     29600.70 
1980-1984     29        14545.06     14833.41     29378.47 
1980-1984     30        14338.83     14757.89     29096.72 
1980-1984     31        14052.92     14701.86     28754.78 
1980-1984     32        13784.91     14732.57     28517.47 
1980-1984     33        13555.38     14756.92     28312.30 
1980-1984     34        13268.53     14620.16     27888.69 
1980-1984     35        12849.83     14266.77     27116.60 
1980-1984     36        12491.72     13819.36     26311.07 
1980-1984     37        12207.17     13357.79     25564.96 
1980-1984     38        11925.95     12928.27     24854.22 
1980-1984     39        11782.33     12640.32     24422.65 
1980-1984     40        11728.62     12492.54     24221.16 
1980-1984     41        11769.33     12318.96     24088.29 
1980-1984     42        11768.02     12208.00     23976.02 
1980-1984     43        11726.51     12204.70     23931.21 
1980-1984     44        11721.16     12218.93     23940.09 
1980-1984     45        11598.23     12062.47     23660.70 
1980-1984     46        11430.66     11945.92     23376.58 
1980-1984     47        11385.82     11904.20     23290.03 
1980-1984     48        11486.46     11942.33     23428.79 
1980-1984     49        11673.00     12084.12     23757.12 
1980-1984     50        11902.81     12303.96     24206.77 
1980-1984     51        12102.49     12523.27     24625.76 
1980-1984     52        12218.31     12548.10     24766.41 
1980-1984     53        12171.39     12324.61     24496.00 
1980-1984     54        11930.08     11825.68     23755.76 
1980-1984     55        11674.78     11111.87     22786.64 
1980-1984     56        11482.28     10257.07     21739.35 
1980-1984     57        11256.65      9405.78     20662.43 
1980-1984     58        11081.84      8699.10     19780.94 
1980-1984     59        10953.22      8251.68     19204.90 
1980-1984     60        10565.49      7925.50     18490.99 
1980-1984     61         9977.58      7578.64     17556.22 
1980-1984     62         9279.02      7114.75     16393.77 
1980-1984     63         8540.71      6716.35     15257.06 
1980-1984     64         7982.24      6444.37     14426.60 
1980-1984     65         7864.05      6366.80     14230.86 
1980-1984     66         8232.80      6536.00     14768.80 
1980-1984     67         8726.38      6727.03     15453.41 
1980-1984     68         9115.06      6810.56     15925.63 
1980-1984     69         9320.02      6773.78     16093.81 
1980-1984     70         9205.84      6594.81     15800.65 
1980-1984     71         8940.86      6297.23     15238.09 
1980-1984     72         8631.23      5955.45     14586.69 
1980-1984     73         8359.76      5616.77     13976.53 
1980-1984     74         8078.11      5263.84     13341.95 
1980-1984     75         7662.27      4820.51     12482.78 
1980-1984     76         7140.31      4307.68     11447.99 
1980-1984     77         6630.55      3782.29     10412.84 
1980-1984     78         6119.42      3330.13      9449.56 
1980-1984     79         5578.87      2949.86      8528.73 
1980-1984     80         4822.79      2599.64      7422.43 
1980-1984     81         4301.55      2244.68      6546.24 
1980-1984     82         3761.57      1881.90      5643.47 
1980-1984     83         3226.09      1543.74      4769.83 
1980-1984     84         2719.63      1255.64      3975.27 
1980-1984     85         2248.50      1008.82      3257.32 
1980-1984     86         1835.31       803.69      2638.99 
1980-1984     87         1491.70       629.74      2121.44 
1980-1984     88         1174.22       474.97      1649.18 
1980-1984     89          889.91       349.95      1239.86 
1980-1984     90          648.80       258.66       907.46 
1980-1984     91          466.48       196.35       662.83 
1980-1984     92          341.38       151.16       492.55 
1980-1984     93          241.65       106.74       348.39 
1980-1984     94          170.33        63.19       233.53 
1980-1984     95          117.76        28.96       146.72 
1980-1984     96           77.70        14.97        92.68 
1980-1984     97           48.24        12.05        60.29 
1980-1984     98           26.29        10.55        36.84 
1980-1984     99           14.80         7.69        22.50 
1980-1984    100            6.82         2.63         9.45 
1980-1984    101            1.41         0.10         1.51 
1980-1984    102            0.11         0.00         0.11 
1980-1984    103            0.00         0.00         0.00 
1980-1984    104            0.00         0.00         0.00 
1980-1984    105            0.00         0.00         0.00 
1980-1984    106            0.00         0.00         0.00 
1980-1984    107            0.00         0.00         0.00 
1980-1984    108            0.00         0.00         0.00 
1980-1984    109            0.00         0.00         0.00 
1980-1984    110+           0.00         0.00         0.00 
1985-1989      0        10624.16     11109.96     21734.13 
1985-1989      1        10526.16     11055.53     21581.69 
1985-1989      2        10417.30     10991.30     21408.60 
1985-1989      3        10353.29     10977.79     21331.08 
1985-1989      4        10415.75     10972.80     21388.55 
1985-1989      5        10528.79     10954.30     21483.09 
1985-1989      6        10443.52     10934.27     21377.79 
1985-1989      7        10321.52     10892.56     21214.08 
1985-1989      8        10219.74     10703.79     20923.53 
1985-1989      9        10081.52     10551.50     20633.02 
1985-1989     10         9961.02     10499.76     20460.78 
1985-1989     11         9872.74     10404.02     20276.77 
1985-1989     12         9901.26     10485.25     20386.51 
1985-1989     13        10092.76     10757.50     20850.26 
1985-1989     14        10447.99     11079.02     21527.01 
1985-1989     15        10888.25     11458.51     22346.77 
1985-1989     16        11410.25     11974.00     23384.25 
1985-1989     17        11981.01     12552.00     24533.01 
1985-1989     18        12511.75     13030.54     25542.29 
1985-1989     19        13030.27     13468.34     26498.61 
1985-1989     20        13608.79     14021.62     27630.41 
1985-1989     21        14176.79     14516.37     28693.16 
1985-1989     22        14656.00     14927.77     29583.77 
1985-1989     23        15116.07     15205.65     30321.72 
1985-1989     24        15426.30     15505.57     30931.87 
1985-1989     25        15670.28     15593.81     31264.09 
1985-1989     26        15825.78     15570.95     31396.73 
1985-1989     27        15885.08     15630.06     31515.14 
1985-1989     28        15829.10     15756.87     31585.97 
1985-1989     29        15723.08     15748.06     31471.14 
1985-1989     30        15619.55     15745.27     31364.82 
1985-1989     31        15507.35     15670.25     31177.59 
1985-1989     32        15353.88     15490.44     30844.32 
1985-1989     33        15080.30     15345.94     30426.24 
1985-1989     34        14725.39     15263.68     29989.07 
1985-1989     35        14390.32     15053.47     29443.79 
1985-1989     36        14061.55     14943.91     29005.46 
1985-1989     37        13798.80     14851.21     28650.02 
1985-1989     38        13556.29     14741.91     28298.20 
1985-1989     39        13240.32     14422.96     27663.28 
1985-1989     40        12777.36     13936.17     26713.53 
1985-1989     41        12401.39     13494.92     25896.30 
1985-1989     42        12118.89     13087.14     25206.03 
1985-1989     43        11778.68     12622.41     24401.10 
1985-1989     44        11593.14     12293.93     23887.07 
1985-1989     45        11655.18     12221.40     23876.58 
1985-1989     46        11711.35     12051.16     23762.51 
1985-1989     47        11636.46     11864.15     23500.61 
1985-1989     48        11561.72     11853.22     23414.94 
1985-1989     49        11559.72     11834.50     23394.22 
1985-1989     50        11414.51     11645.71     23060.21 
1985-1989     51        11207.19     11459.81     22667.00 
1985-1989     52        11112.53     11355.80     22468.33 
1985-1989     53        11183.31     11301.34     22484.65 
1985-1989     54        11402.44     11423.85     22826.30 
1985-1989     55        11597.88     11593.71     23191.59 
1985-1989     56        11717.27     11702.72     23419.99 
1985-1989     57        11781.93     11687.02     23468.95 
1985-1989     58        11743.98     11439.84     23183.82 
1985-1989     59        11495.37     10863.57     22358.94 
1985-1989     60        11194.61     10030.79     21225.40 
1985-1989     61        10990.65      9168.19     20158.84 
1985-1989     62        10770.40      8359.52     19129.92 
1985-1989     63        10508.40      7645.28     18153.68 
1985-1989     64        10364.15      7203.00     17567.16 
1985-1989     65        10071.62      6903.95     16975.57 
1985-1989     66         9350.10      6456.46     15806.56 
1985-1989     67         8579.33      5990.89     14570.23 
1985-1989     68         7928.64      5650.68     13579.32 
1985-1989     69         7390.54      5359.18     12749.72 
1985-1989     70         7257.33      5278.86     12536.19 
1985-1989     71         7506.34      5353.87     12860.21 
1985-1989     72         7861.68      5425.14     13286.81 
1985-1989     73         8100.71      5387.95     13488.66 
1985-1989     74         8098.12      5202.44     13300.56 
1985-1989     75         7860.85      4894.56     12755.41 
1985-1989     76         7549.27      4504.75     12054.02 
1985-1989     77         7166.27      4148.49     11314.76 
1985-1989     78         6765.08      3774.72     10539.79 
1985-1989     79         6356.08      3318.02      9674.10 
1985-1989     80         5549.66      2843.72      8393.38 
1985-1989     81         4949.20      2463.13      7412.33 
1985-1989     82         4363.84      2095.57      6459.42 
1985-1989     83         3810.70      1759.42      5570.13 
1985-1989     84         3290.90      1479.54      4770.45 
1985-1989     85         2816.22      1230.75      4046.97 
1985-1989     86         2361.66       990.33      3352.00 
1985-1989     87         1920.41       779.28      2699.70 
1985-1989     88         1531.87       596.28      2128.16 
1985-1989     89         1203.15       444.28      1647.43 
1985-1989     90          901.88       330.08      1231.96 
1985-1989     91          652.44       235.88       888.32 
1985-1989     92          463.81       158.48       622.29 
1985-1989     93          323.82       108.71       432.53 
1985-1989     94          226.87        79.40       306.26 
1985-1989     95          147.98        50.91       198.89 
1985-1989     96           91.88        27.82       119.70 
1985-1989     97           59.97        15.20        75.16 
1985-1989     98           39.45         6.40        45.86 
1985-1989     99           26.16         2.97        29.13 
1985-1989    100           16.71         1.29        18.00 
1985-1989    101            8.25         0.00         8.25 
1985-1989    102            2.96         0.00         2.96 
1985-1989    103            0.41         0.00         0.41 
1985-1989    104            0.00         0.00         0.00 
1985-1989    105            0.00         0.00         0.00 
1985-1989    106            0.00         0.00         0.00 
1985-1989    107            0.00         0.00         0.00 
1985-1989    108            0.00         0.00         0.00 
1985-1989    109            0.00         0.00         0.00 
1985-1989    110+           0.00         0.00         0.00 
1990-1994      0        12404.59     13198.84     25603.43 
1990-1994      1        12556.55     13261.61     25818.16 
1990-1994      2        12324.58     12913.09     25237.67 
1990-1994      3        12081.01     12667.05     24748.07 
1990-1994      4        11819.05     12340.04     24159.09 
1990-1994      5        11473.54     12003.58     23477.12 
1990-1994      6        11203.04     11775.52     22978.56 
1990-1994      7        10989.52     11607.54     22597.05 
1990-1994      8        10854.00     11484.55     22338.55 
1990-1994      9        10872.52     11441.53     22314.05 
1990-1994     10        10996.00     11420.53     22416.54 
1990-1994     11        10899.51     11386.01     22285.51 
1990-1994     12        10784.01     11309.04     22093.06 
1990-1994     13        10621.00     11109.51     21730.51 
1990-1994     14        10430.51     10932.01     21362.52 
1990-1994     15        10283.01     10838.51     21121.52 
1990-1994     16        10197.53     10799.03     20996.55 
1990-1994     17        10312.00     10941.04     21253.04 
1990-1994     18        10738.02     11377.01     22115.03 
1990-1994     19        11402.02     11940.55     23342.57 
1990-1994     20        12219.53     12679.14     24898.67 
1990-1994     21        12709.53     13299.21     26008.74 
1990-1994     22        13355.03     13972.17     27327.20 
1990-1994     23        14051.04     14763.65     28814.68 
1990-1994     24        14778.53     15508.64     30287.16 
1990-1994     25        15438.01     16291.18     31729.19 
1990-1994     26        16050.52     16972.69     33023.22 
1990-1994     27        16432.54     17317.80     33750.34 
1990-1994     28        16739.54     17489.24     34228.78 
1990-1994     29        17014.58     17567.81     34582.39 
1990-1994     30        16987.58     17460.77     34448.35 
1990-1994     31        16942.09     17313.81     34255.91 
1990-1994     32        16797.57     17171.76     33969.33 
1990-1994     33        16596.16     17024.28     33620.44 
1990-1994     34        16346.10     16905.32     33251.42 
1990-1994     35        16160.59     16780.27     32940.86 
1990-1994     36        15921.72     16539.31     32461.03 
1990-1994     37        15729.59     16256.72     31986.31 
1990-1994     38        15362.63     15981.88     31344.51 
1990-1994     39        14914.18     15703.77     30617.96 
1990-1994     40        14554.65     15462.69     30017.34 
1990-1994     41        14206.62     15232.18     29438.81 
1990-1994     42        13881.15     15060.29     28941.44 
1990-1994     43        13612.13     14911.75     28523.87 
1990-1994     44        13278.67     14575.76     27854.43 
1990-1994     45        12819.15     14030.70     26849.85 
1990-1994     46        12401.73     13511.25     25912.98 
1990-1994     47        12127.65     13072.17     25199.81 
1990-1994     48        11764.70     12573.24     24337.94 
1990-1994     49        11544.71     12167.80     23712.51 
1990-1994     50        11564.27     12031.27     23595.54 
1990-1994     51        11599.26     11865.32     23464.57 
1990-1994     52        11478.19     11602.38     23080.57 
1990-1994     53        11402.79     11506.41     22909.20 
1990-1994     54        11317.84     11404.91     22722.75 
1990-1994     55        11123.30     11124.92     22248.22 
1990-1994     56        10910.38     10851.01     21761.39 
1990-1994     57        10781.85     10658.98     21440.84 
1990-1994     58        10819.78     10510.58     21330.36 
1990-1994     59        11021.43     10544.08     21565.51 
1990-1994     60        11175.88     10684.59     21860.47 
1990-1994     61        11256.38     10734.53     21990.91 
1990-1994     62        11265.88     10682.64     21948.52 
1990-1994     63        11176.96     10365.82     21542.79 
1990-1994     64        10952.48      9725.25     20677.73 
1990-1994     65        10672.38      8901.55     19573.93 
1990-1994     66        10415.38      8098.21     18513.59 
1990-1994     67        10184.39      7288.15     17472.54 
1990-1994     68         9872.43      6574.16     16446.59 
1990-1994     69         9641.52      6138.21     15779.73 
1990-1994     70         9276.41      5769.56     15045.97 
1990-1994     71         8578.86      5356.49     13935.35 
1990-1994     72         7810.92      4944.62     12755.55 
1990-1994     73         7143.87      4530.66     11674.53 
1990-1994     74         6571.42      4162.63     10734.05 
1990-1994     75         6319.24      4011.86     10331.10 
1990-1994     76         6454.25      3981.40     10435.65 
1990-1994     77         6652.83      3960.43     10613.26 
1990-1994     78         6693.41      3817.02     10510.43 
1990-1994     79         6544.40      3521.99     10066.39 
1990-1994     80         5878.64      3111.71      8990.35 
1990-1994     81         5476.00      2736.51      8212.51 
1990-1994     82         5015.39      2398.79      7414.18 
1990-1994     83         4508.55      2065.25      6573.81 
1990-1994     84         3994.52      1733.82      5728.34 
1990-1994     85         3461.54      1431.24      4892.78 
1990-1994     86         2916.05      1164.71      4080.77 
1990-1994     87         2386.05       936.61      3322.66 
1990-1994     88         1903.69       727.08      2630.77 
1990-1994     89         1510.48       549.20      2059.68 
1990-1994     90         1193.33       424.16      1617.49 
1990-1994     91          915.39       325.12      1240.50 
1990-1994     92          679.47       236.42       915.89 
1990-1994     93          474.44       162.86       637.30 
1990-1994     94          322.80       104.68       427.47 
1990-1994     95          223.14        66.78       289.92 
1990-1994     96          138.51        43.16       181.67 
1990-1994     97           82.45        25.00       107.45 
1990-1994     98           56.22        11.18        67.40 
1990-1994     99           38.54         4.91        43.45 
1990-1994    100           22.84         2.33        25.18 
1990-1994    101           11.33         0.30        11.63 
1990-1994    102            5.25         0.00         5.25 
1990-1994    103            1.80         0.00         1.80 
1990-1994    104            0.29         0.00         0.29 
1990-1994    105            0.00         0.00         0.00 
1990-1994    106            0.00         0.00         0.00 
1990-1994    107            0.00         0.00         0.00 
1990-1994    108            0.00         0.00         0.00 
1990-1994    109            0.00         0.00         0.00 
1990-1994    110+           0.00         0.00         0.00 
1995-1999      0        13243.24     14188.03     27431.26 
1995-1999      1        13429.03     14376.52     27805.55 
1995-1999      2        13876.06     14800.16     28676.23 
1995-1999      3        13781.56     14637.06     28418.62 
1995-1999      4        13576.05     14396.55     27972.61 
1995-1999      5        13389.07     14169.53     27558.59 
1995-1999      6        13196.51     13838.04     27034.55 
1995-1999      7        12910.03     13504.03     26414.05 
1995-1999      8        12686.50     13283.50     25970.00 
1995-1999      9        12375.51     12921.52     25297.03 
1995-1999     10        11972.51     12554.51     24527.02 
1995-1999     11        11654.01     12306.02     23960.03 
1995-1999     12        11456.50     12118.53     23575.03 
1995-1999     13        11304.00     12001.52     23305.52 
1995-1999     14        11302.51     11932.02     23234.53 
1995-1999     15        11368.52     11832.02     23200.54 
1995-1999     16        11265.02     11822.05     23087.07 
1995-1999     17        11214.03     11813.52     23027.55 
1995-1999     18        11195.53     11699.53     22895.06 
1995-1999     19        11264.04     11663.57     22927.61 
1995-1999     20        11545.54     11799.13     23344.67 
1995-1999     21        11942.52     12040.70     23983.22 
1995-1999     22        12187.51     12460.65     24648.16 
1995-1999     23        12774.55     13066.11     25840.66 
1995-1999     24        13623.55     13894.22     27517.76 
1995-1999     25        14430.55     14812.18     29242.73 
1995-1999     26        15378.05     15740.12     31118.17 
1995-1999     27        16201.56     16536.71     32738.27 
1995-1999     28        16750.55     17131.29     33881.84 
1995-1999     29        17191.56     17659.81     34851.36 
1995-1999     30        17607.03     18178.23     35785.26 
1995-1999     31        17889.60     18662.78     36552.38 
1995-1999     32        18129.62     18904.78     37034.40 
1995-1999     33        18245.10     18943.78     37188.88 
1995-1999     34        18197.15     18799.88     36997.03 
1995-1999     35        17938.63     18540.81     36479.44 
1995-1999     36        17724.09     18166.74     35890.82 
1995-1999     37        17384.63     17893.77     35278.40 
1995-1999     38        17138.61     17643.25     34781.86 
1995-1999     39        16844.13     17337.37     34181.50 
1995-1999     40        16497.09     17100.81     33597.91 
1995-1999     41        16219.67     16802.86     33022.54 
1995-1999     42        15949.23     16417.33     32366.56 
1995-1999     43        15565.74     16137.93     31703.67 
1995-1999     44        15093.74     15812.73     30906.47 
1995-1999     45        14707.77     15496.35     30204.12 
1995-1999     46        14310.80     15284.83     29595.63 
1995-1999     47        13913.86     15114.80     29028.66 
1995-1999     48        13661.25     14874.84     28536.09 
1995-1999     49        13346.80     14525.35     27872.15 
1995-1999     50        12851.80     13914.92     26766.72 
1995-1999     51        12421.74     13360.51     25782.25 
1995-1999     52        12095.31     12861.92     24957.24 
1995-1999     53        11703.31     12246.98     23950.29 
1995-1999     54        11445.82     11821.02     23266.84 
1995-1999     55        11476.40     11661.54     23137.94 
1995-1999     56        11431.36     11425.63     22856.99 
1995-1999     57        11275.87     11099.24     22375.10 
1995-1999     58        11140.83     10932.57     22073.41 
1995-1999     59        11020.93     10777.76     21798.69 
1995-1999     60        10819.37     10383.80     21203.17 
1995-1999     61        10600.47     10039.77     20640.24 
1995-1999     62        10432.98      9808.91     20241.88 
1995-1999     63        10453.04      9637.46     20090.50 
1995-1999     64        10592.01      9621.47     20213.48 
1995-1999     65        10697.02      9660.49     20357.52 
1995-1999     66        10725.40      9638.46     20363.86 
1995-1999     67        10737.14      9516.56     20253.69 
1995-1999     68        10607.16      9128.18     19735.34 
1995-1999     69        10335.74      8511.21     18846.95 
1995-1999     70         9977.11      7673.04     17650.14 
1995-1999     71         9669.11      6843.41     16512.52 
1995-1999     72         9392.68      6078.91     15471.59 
1995-1999     73         9040.23      5386.54     14426.78 
1995-1999     74         8724.82      4934.93     13659.74 
1995-1999     75         8274.18      4553.33     12827.50 
1995-1999     76         7522.66      4112.24     11634.90 
1995-1999     77         6737.10      3639.17     10376.27 
1995-1999     78         6060.24      3250.29      9310.54 
1995-1999     79         5433.16      2878.77      8311.93 
1995-1999     80         4830.42      2629.76      7460.17 
1995-1999     81         4725.10      2486.98      7212.08 
1995-1999     82         4688.76      2362.03      7050.79 
1995-1999     83         4560.73      2195.24      6755.97 
1995-1999     84         4273.62      1946.07      6219.69 
1995-1999     85         3831.32      1647.39      5478.70 
1995-1999     86         3364.05      1352.59      4716.64 
1995-1999     87         2909.30      1099.75      4009.06 
1995-1999     88         2463.70       893.86      3357.56 
1995-1999     89         2015.20       707.72      2722.92 
1995-1999     90         1587.78       534.81      2122.59 
1995-1999     91         1199.27       391.59      1590.86 
1995-1999     92          863.52       282.69      1146.21 
1995-1999     93          623.23       199.55       822.78 
1995-1999     94          452.12       137.85       589.97 
1995-1999     95          315.96        89.77       405.73 
1995-1999     96          217.37        52.50       269.86 
1995-1999     97          145.45        31.70       177.15 
1995-1999     98           91.11        19.14       110.26 
1995-1999     99           52.33         9.12        61.44 
1995-1999    100           29.34         3.84        33.18 
1995-1999    101           18.11         2.00        20.11 
1995-1999    102           10.75         1.46        12.21 
1995-1999    103            7.72         1.00         8.73 
1995-1999    104            6.71         0.46         7.17 
1995-1999    105            4.40         0.00         4.40 
1995-1999    106            1.93         0.00         1.93 
1995-1999    107            1.00         0.00         1.00 
1995-1999    108            0.47         0.00         0.47 
1995-1999    109            0.00         0.00         0.00 
1995-1999    110+           0.00         0.00         0.00 
2000-2004      0        13095.78     14080.58     27176.36 
2000-2004      1        13319.02     14277.06     27596.07 
2000-2004      2        13746.54     14587.05     28333.59 
2000-2004      3        13993.53     14794.55     28788.08 
2000-2004      4        14038.04     14862.08     28900.13 
2000-2004      5        14056.51     14844.01     28900.52 
2000-2004      6        14105.50     14865.01     28970.51 
2000-2004      7        14194.01     14830.03     29024.05 
2000-2004      8        14063.53     14656.03     28719.56 
2000-2004      9        13870.00     14553.53     28423.53 
2000-2004     10        13658.02     14397.01     28055.03 
2000-2004     11        13485.00     14189.52     27674.52 
2000-2004     12        13260.51     13903.04     27163.54 
2000-2004     13        13100.53     13711.03     26811.56 
2000-2004     14        12798.02     13328.04     26126.06 
2000-2004     15        12538.03     13028.51     25566.54 
2000-2004     16        12369.52     12812.01     25181.53 
2000-2004     17        12158.01     12741.52     24899.53 
2000-2004     18        12153.52     12845.05     24998.56 
2000-2004     19        12292.52     12923.06     25215.58 
2000-2004     20        12517.51     13053.16     25570.67 
2000-2004     21        12711.07     13178.20     25889.27 
2000-2004     22        12835.53     13168.71     26004.24 
2000-2004     23        12973.04     13278.61     26251.65 
2000-2004     24        13525.52     13573.13     27098.65 
2000-2004     25        13975.57     14172.70     28148.27 
2000-2004     26        14557.52     14744.25     29301.77 
2000-2004     27        15282.55     15309.21     30591.76 
2000-2004     28        16084.53     15922.21     32006.74 
2000-2004     29        16785.06     16663.77     33448.83 
2000-2004     30        17466.59     17301.65     34768.23 
2000-2004     31        18076.57     17990.11     36066.68 
2000-2004     32        18523.58     18647.71     37171.28 
2000-2004     33        18906.56     19102.23     38008.79 
2000-2004     34        19307.60     19529.25     38836.85 
2000-2004     35        19443.56     19926.62     39370.18 
2000-2004     36        19646.07     20252.17     39898.24 
2000-2004     37        19478.08     20203.23     39681.30 
2000-2004     38        19295.17     20031.80     39326.97 
2000-2004     39        19008.57     19719.78     38728.35 
2000-2004     40        18742.60     19299.21     38041.81 
2000-2004     41        18299.66     18900.74     37200.40 
2000-2004     42        17836.21     18558.79     36395.00 
2000-2004     43        17565.29     18228.79     35794.08 
2000-2004     44        17201.75     17788.79     34990.54 
2000-2004     45        16774.20     17379.33     34153.53 
2000-2004     46        16449.21     16862.30     33311.51 
2000-2004     47        16031.33     16367.38     32398.70 
2000-2004     48        15469.32     15976.47     31445.79 
2000-2004     49        14926.33     15580.40     30506.73 
2000-2004     50        14521.84     15275.91     29797.75 
2000-2004     51        14024.71     14955.95     28980.66 
2000-2004     52        13663.33     14636.99     28300.32 
2000-2004     53        13419.33     14378.90     27798.23 
2000-2004     54        13017.29     13876.46     26893.75 
2000-2004     55        12508.76     13304.48     25813.24 
2000-2004     56        12032.46     12745.07     24777.53 
2000-2004     57        11558.01     12090.57     23648.58 
2000-2004     58        11129.53     11429.09     22558.62 
2000-2004     59        10846.43     10994.10     21840.53 
2000-2004     60        10816.86     10750.61     21567.47 
2000-2004     61        10788.95     10392.14     21181.08 
2000-2004     62        10620.43     10055.18     20675.61 
2000-2004     63        10449.99      9807.25     20257.24 
2000-2004     64        10337.49      9591.79     19929.29 
2000-2004     65        10132.90      9240.11     19373.00 
2000-2004     66         9873.86      8927.74     18801.61 
2000-2004     67         9723.56      8709.33     18432.89 
2000-2004     68         9756.03      8472.31     18228.35 
2000-2004     69         9827.14      8392.46     18219.61 
2000-2004     70         9899.62      8402.26     18301.88 
2000-2004     71         9915.60      8260.89     18176.49 
2000-2004     72         9776.27      8051.01     17827.27 
2000-2004     73         9616.72      7641.47     17258.19 
2000-2004     74         9258.44      6913.13     16171.58 
2000-2004     75         8788.69      6092.25     14880.93 
2000-2004     76         8422.72      5402.74     13825.46 
2000-2004     77         8037.33      4671.71     12709.03 
2000-2004     78         7577.90      4052.24     11630.14 
2000-2004     79         7134.89      3598.11     10733.00 
2000-2004     80         6546.54      3126.31      9672.86 
2000-2004     81         5813.27      2690.37      8503.64 
2000-2004     82         4996.73      2288.18      7284.91 
2000-2004     83         4314.89      1932.13      6247.02 
2000-2004     84         3736.78      1648.11      5384.89 
2000-2004     85         3307.31      1438.42      4745.74 
2000-2004     86         3072.35      1268.42      4340.77 
2000-2004     87         2863.83      1118.32      3982.15 
2000-2004     88         2592.25       962.23      3554.48 
2000-2004     89         2237.90       795.75      3033.65 
2000-2004     90         1841.77       624.25      2466.02 
2000-2004     91         1490.83       471.06      1961.89 
2000-2004     92         1198.08       341.45      1539.52 
2000-2004     93          928.13       245.09      1173.22 
2000-2004     94          684.45       176.75       861.20 
2000-2004     95          477.97       126.95       604.92 
2000-2004     96          314.46        84.51       398.98 
2000-2004     97          200.82        46.83       247.65 
2000-2004     98          126.46        26.51       152.97 
2000-2004     99           77.03        17.93        94.95 
2000-2004    100           44.25         9.45        53.70 
2000-2004    101           24.83         3.71        28.54 
2000-2004    102           14.63         1.39        16.02 
2000-2004    103            7.04         0.21         7.25 
2000-2004    104            1.91         0.00         1.91 
2000-2004    105            0.47         0.00         0.47 
2000-2004    106            0.00         0.00         0.00 
2000-2004    107            0.00         0.00         0.00 
2000-2004    108            0.00         0.00         0.00 
2000-2004    109            0.00         0.00         0.00 
2000-2004    110+           0.00         0.00         0.00 
2005-2009      0        13381.40     14092.57     27473.97 
2005-2009      1        13456.50     14312.17     27768.67 
2005-2009      2        13585.83     14586.18     28172.02 
2005-2009      3        13657.18     14693.85     28351.03 
2005-2009      4        13833.35     14918.00     28751.35 
2005-2009      5        14016.00     15008.68     29024.68 
2005-2009      6        14257.50     15060.83     29318.33 
2005-2009      7        14400.50     15109.50     29510.00 
2005-2009      8        14565.51     15263.51     29829.02 
2005-2009      9        14609.19     15350.50     29959.69 
2005-2009     10        14627.51     15384.17     30011.67 
2005-2009     11        14737.33     15390.83     30128.17 
2005-2009     12        14731.33     15404.19     30135.53 
2005-2009     13        14551.50     15223.51     29775.01 
2005-2009     14        14398.50     15063.34     29461.84 
2005-2009     15        14152.67     14911.50     29064.17 
2005-2009     16        13948.01     14687.83     28635.84 
2005-2009     17        13734.33     14409.17     28143.50 
2005-2009     18        13569.33     14208.51     27777.84 
2005-2009     19        13477.67     14066.51     27544.18 
2005-2009     20        13467.52     14066.04     27533.55 
2005-2009     21        13597.50     14265.25     27862.75 
2005-2009     22        13779.33     14486.18     28265.51 
2005-2009     23        14216.19     14803.54     29019.73 
2005-2009     24        14649.18     15243.92     29893.09 
2005-2009     25        15229.18     15601.71     30830.89 
2005-2009     26        15761.17     15971.85     31733.02 
2005-2009     27        16295.02     16408.73     32703.75 
2005-2009     28        16606.00     16667.33     33273.33 
2005-2009     29        17001.02     16903.71     33904.74 
2005-2009     30        17353.51     17321.25     34674.77 
2005-2009     31        17620.33     17579.21     35199.55 
2005-2009     32        17924.67     17859.00     35783.67 
2005-2009     33        18320.00     18189.68     36509.68 
2005-2009     34        18724.18     18592.24     37316.42 
2005-2009     35        19150.01     18983.20     38133.21 
2005-2009     36        19513.70     19537.88     39051.58 
2005-2009     37        19912.35     20062.55     39974.90 
2005-2009     38        20247.36     20424.43     40671.79 
2005-2009     39        20335.19     20752.54     41087.74 
2005-2009     40        20388.04     21029.86     41417.89 
2005-2009     41        20385.69     21194.06     41579.75 
2005-2009     42        20142.53     21092.05     41234.58 
2005-2009     43        19869.52     20833.75     40703.26 
2005-2009     44        19529.87     20450.26     39980.13 
2005-2009     45        19160.72     19982.22     39142.94 
2005-2009     46        18701.54     19460.25     38161.80 
2005-2009     47        18277.21     19047.23     37324.44 
2005-2009     48        17828.20     18530.65     36358.85 
2005-2009     49        17347.22     17994.78     35342.00 
2005-2009     50        16905.92     17502.16     34408.08 
2005-2009     51        16520.08     16994.11     33514.19 
2005-2009     52        16065.20     16448.97     32514.17 
2005-2009     53        15452.17     15926.63     31378.80 
2005-2009     54        14875.85     15486.48     30362.33 
2005-2009     55        14426.91     15011.55     29438.46 
2005-2009     56        13946.96     14696.87     28643.83 
2005-2009     57        13522.92     14343.14     27866.06 
2005-2009     58        13186.43     13900.82     27087.25 
2005-2009     59        12778.47     13359.36     26137.83 
2005-2009     60        12159.40     12662.40     24821.80 
2005-2009     61        11589.58     11947.49     23537.07 
2005-2009     62        11087.46     11281.60     22369.06 
2005-2009     63        10657.57     10605.82     21263.39 
2005-2009     64        10389.79     10081.57     20471.36 
2005-2009     65        10339.45      9780.22     20119.66 
2005-2009     66        10318.31      9425.06     19743.37 
2005-2009     67        10102.62      9058.38     19161.00 
2005-2009     68         9935.76      8869.02     18804.78 
2005-2009     69         9798.26      8639.42     18437.68 
2005-2009     70         9614.45      8264.37     17878.82 
2005-2009     71         9314.62      7941.15     17255.77 
2005-2009     72         9111.98      7616.69     16728.67 
2005-2009     73         9057.19      7333.71     16390.90 
2005-2009     74         9065.54      7205.25     16270.79 
2005-2009     75         9062.17      7076.37     16138.53 
2005-2009     76         8949.67      6810.02     15759.69 
2005-2009     77         8729.06      6489.11     15218.17 
2005-2009     78         8408.21      6001.24     14409.45 
2005-2009     79         7926.25      5305.18     13231.43 
2005-2009     80         7390.10      4548.15     11938.25 
2005-2009     81         6878.08      3892.65     10770.73 
2005-2009     82         6370.81      3206.31      9577.12 
2005-2009     83         5764.17      2653.67      8417.84 
2005-2009     84         5229.66      2249.07      7478.72 
2005-2009     85         4687.10      1881.01      6568.12 
2005-2009     86         3979.67      1521.84      5501.51 
2005-2009     87         3233.86      1223.93      4457.79 
2005-2009     88         2610.82       917.15      3527.97 
2005-2009     89         2103.19       695.70      2798.89 
2005-2009     90         1689.68       536.47      2226.16 
2005-2009     91         1410.78       427.60      1838.39 
2005-2009     92         1216.11       349.65      1565.76 
2005-2009     93          996.60       268.34      1264.94 
2005-2009     94          801.40       198.92      1000.32 
2005-2009     95          592.11       132.38       724.50 
2005-2009     96          420.15        90.25       510.40 
2005-2009     97          287.57        61.59       349.17 
2005-2009     98          190.85        42.94       233.79 
2005-2009     99          116.50        28.32       144.82 
2005-2009    100           68.94        19.62        88.55 
2005-2009    101           38.89        13.52        52.41 
2005-2009    102           17.67         8.36        26.02 
2005-2009    103            9.55         3.24        12.79 
2005-2009    104            7.32         1.00         8.31 
2005-2009    105            3.17         1.00         4.17 
2005-2009    106            1.17         0.50         1.67 
2005-2009    107            0.17         0.00         0.17 
2005-2009    108            0.00         0.00         0.00 
2005-2009    109            0.00         0.00         0.00 
2005-2009    110+           0.00         0.00         0.00 
2010-2014      0        14480.17     15204.17     29684.33 
2010-2014      1        14645.67     15421.83     30067.50 
2010-2014      2        14771.50     15556.67     30328.17 
2010-2014      3        14785.50     15489.17     30274.67 
2010-2014      4        14655.33     15388.83     30044.17 
2010-2014      5        14571.50     15269.83     29841.33 
2010-2014      6        14555.00     15441.83     29996.83 
2010-2014      7        14446.50     15383.83     29830.33 
2010-2014      8        14459.50     15508.33     29967.83 
2010-2014      9        14519.67     15578.50     30098.17 
2010-2014     10        14830.50     15660.17     30490.67 
2010-2014     11        14993.33     15796.83     30790.17 
2010-2014     12        15023.00     15784.33     30807.33 
2010-2014     13        15294.00     16057.67     31351.67 
2010-2014     14        15366.67     16306.67     31673.33 
2010-2014     15        15449.33     16250.33     31699.67 
2010-2014     16        15539.33     16184.00     31723.33 
2010-2014     17        15453.00     16246.33     31699.33 
2010-2014     18        15262.50     16042.67     31305.17 
2010-2014     19        15246.33     16049.50     31295.83 
2010-2014     20        15319.00     16112.00     31431.00 
2010-2014     21        15492.83     16331.83     31824.67 
2010-2014     22        15698.33     16501.17     32199.50 
2010-2014     23        16071.50     16800.17     32871.67 
2010-2014     24        16482.00     17153.67     33635.67 
2010-2014     25        17227.83     17941.67     35169.50 
2010-2014     26        17700.17     18636.00     36336.17 
2010-2014     27        18361.83     18819.67     37181.50 
2010-2014     28        18984.17     19131.33     38115.50 
2010-2014     29        19523.17     19527.00     39050.17 
2010-2014     30        19785.83     19757.00     39542.83 
2010-2014     31        20068.00     20009.67     40077.67 
2010-2014     32        20337.17     20105.17     40442.33 
2010-2014     33        20245.83     20307.17     40553.00 
2010-2014     34        20245.00     20262.67     40507.67 
2010-2014     35        20291.00     20425.83     40716.83 
2010-2014     36        20288.50     20196.67     40485.17 
2010-2014     37        20163.50     20288.00     40451.50 
2010-2014     38        20245.17     20507.00     40752.17 
2010-2014     39        20540.83     20818.33     41359.17 
2010-2014     40        20703.00     21282.33     41985.33 
2010-2014     41        20939.33     21633.00     42572.33 
2010-2014     42        21193.83     22088.00     43281.83 
2010-2014     43        21342.50     22333.50     43676.00 
2010-2014     44        21364.50     22391.00     43755.50 
2010-2014     45        21235.17     22651.83     43887.00 
2010-2014     46        21160.67     22776.67     43937.33 
2010-2014     47        20761.00     22524.50     43285.50 
2010-2014     48        20521.17     22245.83     42767.00 
2010-2014     49        20163.50     21566.33     41729.83 
2010-2014     50        19748.50     20959.83     40708.33 
2010-2014     51        19191.67     20295.83     39487.50 
2010-2014     52        18639.67     19716.67     38356.33 
2010-2014     53        18172.50     19046.50     37219.00 
2010-2014     54        17518.17     18399.50     35917.67 
2010-2014     55        16987.83     17804.83     34792.67 
2010-2014     56        16449.50     17104.50     33554.00 
2010-2014     57        15916.50     16452.17     32368.67 
2010-2014     58        15321.67     15806.83     31128.50 
2010-2014     59        14665.00     15324.17     29989.17 
2010-2014     60        14127.67     14658.17     28785.83 
2010-2014     61        13642.67     14109.00     27751.67 
2010-2014     62        13223.50     13617.67     26841.17 
2010-2014     63        12814.00     13051.17     25865.17 
2010-2014     64        12355.00     12533.17     24888.17 
2010-2014     65        11715.33     11786.67     23502.00 
2010-2014     66        11062.67     11082.67     22145.33 
2010-2014     67        10643.67     10406.67     21050.33 
2010-2014     68        10225.00      9729.33     19954.33 
2010-2014     69         9954.17      9216.33     19170.50 
2010-2014     70         9889.17      8910.83     18800.00 
2010-2014     71         9820.50      8560.67     18381.17 
2010-2014     72         9653.83      8197.67     17851.50 
2010-2014     73         9446.17      7938.00     17384.17 
2010-2014     74         9259.83      7574.50     16834.33 
2010-2014     75         8887.50      7154.33     16041.83 
2010-2014     76         8527.83      6803.00     15330.83 
2010-2014     77         8260.00      6354.17     14614.17 
2010-2014     78         8143.83      6035.00     14178.83 
2010-2014     79         8008.00      5833.83     13841.83 
2010-2014     80         7795.33      5550.17     13345.50 
2010-2014     81         7575.67      5216.67     12792.33 
2010-2014     82         7205.33      4806.67     12012.00 
2010-2014     83         6702.17      4248.00     10950.17 
2010-2014     84         6141.67      3519.00      9660.67 
2010-2014     85         5559.77      2852.35      8412.11 
2010-2014     86         4933.40      2351.28      7284.68 
2010-2014     87         4359.56      1784.24      6143.79 
2010-2014     88         3720.85      1399.01      5119.86 
2010-2014     89         3108.52      1114.86      4223.38 
2010-2014     90         2577.00       851.77      3428.77 
2010-2014     91         2005.36       612.72      2618.08 
2010-2014     92         1493.24       430.10      1923.34 
2010-2014     93         1106.11       282.15      1388.25 
2010-2014     94          794.86       191.06       985.93 
2010-2014     95          598.34       131.87       730.21 
2010-2014     96          447.28        89.63       536.91 
2010-2014     97          319.87        62.56       382.43 
2010-2014     98          222.85        39.38       262.23 
2010-2014     99          146.07        27.62       173.69 
2010-2014    100           87.94        15.22       103.16 
2010-2014    101           48.74         8.57        57.31 
2010-2014    102           26.96         6.30        33.26 
2010-2014    103           11.15         4.17        15.32 
2010-2014    104            4.50         1.33         5.83 
2010-2014    105            3.23         0.17         3.40 
2010-2014    106            1.33         0.50         1.83 
2010-2014    107            0.17         1.00         1.17 
2010-2014    108            0.00         1.00         1.00 
2010-2014    109            0.00         1.00         1.00 
2010-2014    110+           0.00         0.17         0.17 
