Chile, Death rates (period 1x1)     Last modified: 25-Nov-2008, MPv5 (May07)

   Year      Age       Female       Male         Total
   1992        0     0.013823     0.016213     0.015045 
   1992        1     0.001108     0.001567     0.001343 
   1992        2     0.000674     0.000931     0.000805 
   1992        3     0.000362     0.000740     0.000555 
   1992        4     0.000299     0.000312     0.000306 
   1992        5     0.000219     0.000259     0.000239 
   1992        6     0.000289     0.000241     0.000264 
   1992        7     0.000223     0.000337     0.000281 
   1992        8     0.000242     0.000332     0.000288 
   1992        9     0.000204     0.000277     0.000241 
   1992       10     0.000181     0.000283     0.000233 
   1992       11     0.000185     0.000380     0.000284 
   1992       12     0.000209     0.000299     0.000254 
   1992       13     0.000213     0.000383     0.000299 
   1992       14     0.000276     0.000485     0.000382 
   1992       15     0.000331     0.000523     0.000429 
   1992       16     0.000431     0.000771     0.000604 
   1992       17     0.000404     0.000863     0.000637 
   1992       18     0.000352     0.000995     0.000678 
   1992       19     0.000420     0.001209     0.000816 
   1992       20     0.000452     0.001365     0.000905 
   1992       21     0.000430     0.001665     0.001044 
   1992       22     0.000590     0.001615     0.001101 
   1992       23     0.000468     0.001577     0.001018 
   1992       24     0.000397     0.001546     0.000964 
   1992       25     0.000509     0.001806     0.001146 
   1992       26     0.000562     0.001688     0.001113 
   1992       27     0.000459     0.001622     0.001029 
   1992       28     0.000629     0.001690     0.001150 
   1992       29     0.000514     0.001673     0.001083 
   1992       30     0.000509     0.001888     0.001184 
   1992       31     0.000649     0.001919     0.001271 
   1992       32     0.000541     0.002003     0.001255 
   1992       33     0.000638     0.001875     0.001245 
   1992       34     0.000834     0.002071     0.001442 
   1992       35     0.000954     0.002474     0.001696 
   1992       36     0.000918     0.002096     0.001490 
   1992       37     0.000942     0.002368     0.001633 
   1992       38     0.001359     0.002416     0.001872 
   1992       39     0.001250     0.002439     0.001829 
   1992       40     0.001119     0.002727     0.001899 
   1992       41     0.001736     0.003165     0.002432 
   1992       42     0.001627     0.003474     0.002532 
   1992       43     0.001866     0.003304     0.002566 
   1992       44     0.002104     0.003680     0.002866 
   1992       45     0.002251     0.004627     0.003394 
   1992       46     0.002508     0.004677     0.003560 
   1992       47     0.002413     0.004205     0.003287 
   1992       48     0.002610     0.004812     0.003681 
   1992       49     0.003423     0.005636     0.004496 
   1992       50     0.003302     0.006841     0.005000 
   1992       51     0.004064     0.006716     0.005346 
   1992       52     0.004410     0.006920     0.005633 
   1992       53     0.004485     0.006665     0.005533 
   1992       54     0.004763     0.008745     0.006648 
   1992       55     0.005381     0.010467     0.007772 
   1992       56     0.006290     0.010260     0.008174 
   1992       57     0.006790     0.010553     0.008589 
   1992       58     0.007135     0.012853     0.009855 
   1992       59     0.007668     0.013764     0.010520 
   1992       60     0.007217     0.015796     0.011127 
   1992       61     0.009441     0.018549     0.013654 
   1992       62     0.011138     0.019396     0.015008 
   1992       63     0.011413     0.019669     0.015225 
   1992       64     0.012857     0.022225     0.017204 
   1992       65     0.013344     0.021229     0.017014 
   1992       66     0.015407     0.023853     0.019298 
   1992       67     0.017251     0.029954     0.023073 
   1992       68     0.019317     0.032468     0.025290 
   1992       69     0.023101     0.036371     0.029041 
   1992       70     0.023694     0.040843     0.031278 
   1992       71     0.027072     0.044268     0.034716 
   1992       72     0.028640     0.045217     0.035983 
   1992       73     0.030292     0.048458     0.038124 
   1992       74     0.035530     0.055840     0.044136 
   1992       75     0.040243     0.060359     0.048665 
   1992       76     0.042536     0.068606     0.053385 
   1992       77     0.050689     0.071165     0.059206 
   1992       78     0.054523     0.079150     0.064633 
   1992       79     0.056848     0.087985     0.069320 
   1992       80     0.059905     0.083967     0.069366 
   1992       81     0.069469     0.097588     0.080410 
   1992       82     0.079903     0.109048     0.090980 
   1992       83     0.084967     0.117785     0.097151 
   1992       84     0.094670     0.136202     0.109766 
   1992       85     0.101851     0.140566     0.115378 
   1992       86     0.115351     0.162439     0.130977 
   1992       87     0.125880     0.167503     0.139345 
   1992       88     0.137614     0.187614     0.153629 
   1992       89     0.154699     0.187933     0.165072 
   1992       90     0.177644     0.187002     0.180501 
   1992       91     0.201551     0.241398     0.213459 
   1992       92     0.194190     0.244598     0.208674 
   1992       93     0.232001     0.233530     0.232414 
   1992       94     0.221382     0.332184     0.248535 
   1992       95     0.282696     0.255855     0.276379 
   1992       96     0.329055     0.300048     0.321915 
   1992       97     0.318914     0.292091     0.312680 
   1992       98     0.292157     0.305736     0.295054 
   1992       99     0.374402     0.440698     0.389404 
   1992      100     0.377785     0.458490     0.396207 
   1992      101     0.442347     0.515661     0.457353 
   1992      102     0.374394     0.588483     0.418836 
   1992      103     0.377294     0.370028     0.375328 
   1992      104     0.397840     0.569395     0.446791 
   1992      105     0.649267     0.344432     0.585242 
   1992      106     0.750851     0.000000     0.618224 
   1992      107     0.918857     0.000000     0.783244 
   1992      108     1.353191     0.000000     1.218391 
   1992      109     2.502242            .     2.502242 
   1992      110+    6.000000            .     6.000000 
   1993        0     0.012399     0.015044     0.013752 
   1993        1     0.001027     0.001369     0.001202 
   1993        2     0.000714     0.000599     0.000655 
   1993        3     0.000369     0.000471     0.000421 
   1993        4     0.000209     0.000381     0.000297 
   1993        5     0.000322     0.000282     0.000301 
   1993        6     0.000249     0.000358     0.000305 
   1993        7     0.000192     0.000341     0.000267 
   1993        8     0.000165     0.000360     0.000264 
   1993        9     0.000225     0.000266     0.000246 
   1993       10     0.000220     0.000316     0.000269 
   1993       11     0.000276     0.000306     0.000291 
   1993       12     0.000161     0.000326     0.000245 
   1993       13     0.000242     0.000372     0.000308 
   1993       14     0.000256     0.000483     0.000371 
   1993       15     0.000302     0.000546     0.000426 
   1993       16     0.000463     0.000746     0.000606 
   1993       17     0.000345     0.000967     0.000660 
   1993       18     0.000363     0.001130     0.000752 
   1993       19     0.000393     0.001255     0.000830 
   1993       20     0.000477     0.001524     0.001003 
   1993       21     0.000394     0.001555     0.000971 
   1993       22     0.000372     0.001423     0.000895 
   1993       23     0.000383     0.001811     0.001094 
   1993       24     0.000410     0.001636     0.001018 
   1993       25     0.000422     0.002041     0.001221 
   1993       26     0.000542     0.001852     0.001186 
   1993       27     0.000481     0.001955     0.001203 
   1993       28     0.000530     0.001793     0.001149 
   1993       29     0.000493     0.001828     0.001149 
   1993       30     0.000626     0.001920     0.001262 
   1993       31     0.000638     0.001906     0.001259 
   1993       32     0.000573     0.002025     0.001283 
   1993       33     0.000625     0.001843     0.001221 
   1993       34     0.000706     0.001898     0.001291 
   1993       35     0.000939     0.002245     0.001581 
   1993       36     0.000870     0.002350     0.001593 
   1993       37     0.001081     0.002419     0.001731 
   1993       38     0.001162     0.002349     0.001737 
   1993       39     0.001330     0.002633     0.001963 
   1993       40     0.001321     0.002801     0.002043 
   1993       41     0.001503     0.003037     0.002247 
   1993       42     0.001788     0.003378     0.002563 
   1993       43     0.001494     0.003273     0.002366 
   1993       44     0.001769     0.003426     0.002575 
   1993       45     0.002384     0.004528     0.003421 
   1993       46     0.002574     0.004423     0.003464 
   1993       47     0.002929     0.004926     0.003898 
   1993       48     0.002898     0.004954     0.003902 
   1993       49     0.003248     0.005211     0.004203 
   1993       50     0.003534     0.005856     0.004658 
   1993       51     0.004262     0.006390     0.005282 
   1993       52     0.003999     0.007782     0.005825 
   1993       53     0.005132     0.007566     0.006317 
   1993       54     0.004744     0.008354     0.006478 
   1993       55     0.005093     0.010075     0.007450 
   1993       56     0.005579     0.011016     0.008134 
   1993       57     0.006643     0.011914     0.009141 
   1993       58     0.007140     0.012529     0.009711 
   1993       59     0.007665     0.013905     0.010627 
   1993       60     0.008342     0.016056     0.011942 
   1993       61     0.008345     0.016332     0.011981 
   1993       62     0.010903     0.020175     0.015185 
   1993       63     0.011674     0.020313     0.015710 
   1993       64     0.012448     0.022314     0.016988 
   1993       65     0.014290     0.025048     0.019258 
   1993       66     0.015474     0.023365     0.019130 
   1993       67     0.016169     0.027829     0.021514 
   1993       68     0.017769     0.033137     0.024773 
   1993       69     0.021069     0.035348     0.027519 
   1993       70     0.024175     0.040432     0.031408 
   1993       71     0.025738     0.041467     0.032644 
   1993       72     0.029205     0.049718     0.038247 
   1993       73     0.030884     0.048206     0.038482 
   1993       74     0.032383     0.053078     0.041210 
   1993       75     0.040213     0.065406     0.050763 
   1993       76     0.043918     0.071363     0.055259 
   1993       77     0.050050     0.068791     0.057748 
   1993       78     0.055311     0.078493     0.064821 
   1993       79     0.061252     0.086759     0.071552 
   1993       80     0.060425     0.089174     0.071710 
   1993       81     0.064952     0.091445     0.075197 
   1993       82     0.080334     0.114163     0.093263 
   1993       83     0.088590     0.126627     0.102749 
   1993       84     0.086488     0.134571     0.103889 
   1993       85     0.105719     0.144041     0.119281 
   1993       86     0.115779     0.168463     0.133672 
   1993       87     0.126230     0.171413     0.140736 
   1993       88     0.142495     0.164755     0.149499 
   1993       89     0.161940     0.223837     0.181224 
   1993       90     0.175813     0.215130     0.187765 
   1993       91     0.179594     0.243270     0.198540 
   1993       92     0.225815     0.240848     0.230175 
   1993       93     0.219905     0.267522     0.233317 
   1993       94     0.238401     0.230562     0.236337 
   1993       95     0.270984     0.290544     0.275655 
   1993       96     0.288276     0.255201     0.280427 
   1993       97     0.270913     0.500933     0.326739 
   1993       98     0.338104     0.280041     0.325205 
   1993       99     0.378552     0.489883     0.401621 
   1993      100     0.371086     0.291908     0.353811 
   1993      101     0.437839     0.184971     0.377177 
   1993      102     0.308110     0.447761     0.335659 
   1993      103     0.274669     0.416474     0.300225 
   1993      104     0.558565     0.568586     0.561202 
   1993      105     0.352490     0.726005     0.457136 
   1993      106     0.358737     0.844991     0.462563 
   1993      107     0.399793     1.390244     0.572890 
   1993      108     0.522699     4.164706     0.866667 
   1993      109     0.000000            .     0.000000 
   1993      110+           .            .            . 
   1994        0     0.011762     0.013602     0.012701 
   1994        1     0.000901     0.001190     0.001049 
   1994        2     0.000367     0.000681     0.000527 
   1994        3     0.000426     0.000506     0.000467 
   1994        4     0.000259     0.000387     0.000324 
   1994        5     0.000300     0.000409     0.000356 
   1994        6     0.000248     0.000297     0.000273 
   1994        7     0.000205     0.000239     0.000223 
   1994        8     0.000191     0.000262     0.000227 
   1994        9     0.000190     0.000311     0.000252 
   1994       10     0.000192     0.000257     0.000225 
   1994       11     0.000220     0.000316     0.000269 
   1994       12     0.000213     0.000353     0.000284 
   1994       13     0.000233     0.000350     0.000293 
   1994       14     0.000234     0.000461     0.000349 
   1994       15     0.000453     0.000492     0.000472 
   1994       16     0.000346     0.000784     0.000568 
   1994       17     0.000306     0.001142     0.000729 
   1994       18     0.000362     0.001013     0.000691 
   1994       19     0.000264     0.001046     0.000659 
   1994       20     0.000321     0.001253     0.000792 
   1994       21     0.000413     0.001463     0.000940 
   1994       22     0.000369     0.001570     0.000965 
   1994       23     0.000422     0.001592     0.001003 
   1994       24     0.000399     0.001394     0.000895 
   1994       25     0.000468     0.001604     0.001031 
   1994       26     0.000325     0.001853     0.001079 
   1994       27     0.000414     0.001881     0.001135 
   1994       28     0.000553     0.001863     0.001195 
   1994       29     0.000505     0.001873     0.001175 
   1994       30     0.000563     0.001948     0.001243 
   1994       31     0.000577     0.001477     0.001019 
   1994       32     0.000614     0.002100     0.001341 
   1994       33     0.000581     0.002147     0.001347 
   1994       34     0.000657     0.001967     0.001298 
   1994       35     0.000748     0.002183     0.001452 
   1994       36     0.000914     0.002373     0.001631 
   1994       37     0.001130     0.002474     0.001786 
   1994       38     0.001135     0.002564     0.001829 
   1994       39     0.001227     0.002604     0.001895 
   1994       40     0.001290     0.002589     0.001922 
   1994       41     0.001586     0.003081     0.002315 
   1994       42     0.001518     0.003463     0.002462 
   1994       43     0.001765     0.003144     0.002437 
   1994       44     0.002195     0.003260     0.002718 
   1994       45     0.002249     0.004103     0.003152 
   1994       46     0.002664     0.005149     0.003866 
   1994       47     0.003133     0.005365     0.004208 
   1994       48     0.003225     0.005569     0.004364 
   1994       49     0.002949     0.005997     0.004437 
   1994       50     0.003729     0.006555     0.005104 
   1994       51     0.003886     0.006472     0.005137 
   1994       52     0.003952     0.007798     0.005791 
   1994       53     0.004713     0.008598     0.006585 
   1994       54     0.005065     0.008824     0.006893 
   1994       55     0.005116     0.009387     0.007165 
   1994       56     0.006372     0.010882     0.008505 
   1994       57     0.006617     0.011113     0.008729 
   1994       58     0.006979     0.012865     0.009763 
   1994       59     0.007893     0.014407     0.010995 
   1994       60     0.008463     0.015341     0.011720 
   1994       61     0.009749     0.017787     0.013492 
   1994       62     0.010005     0.017678     0.013496 
   1994       63     0.011048     0.020628     0.015466 
   1994       64     0.012362     0.020285     0.016053 
   1994       65     0.012480     0.022024     0.016857 
   1994       66     0.014734     0.026619     0.020195 
   1994       67     0.015445     0.027033     0.020783 
   1994       68     0.017138     0.030160     0.023073 
   1994       69     0.021624     0.033544     0.027027 
   1994       70     0.021479     0.038189     0.028988 
   1994       71     0.025041     0.043607     0.033249 
   1994       72     0.026618     0.048200     0.036016 
   1994       73     0.029507     0.050851     0.038821 
   1994       74     0.032244     0.051722     0.040696 
   1994       75     0.034188     0.053971     0.042528 
   1994       76     0.040460     0.066186     0.051090 
   1994       77     0.039942     0.065915     0.050538 
   1994       78     0.050511     0.075858     0.060786 
   1994       79     0.058807     0.084350     0.069117 
   1994       80     0.059076     0.087375     0.070305 
   1994       81     0.063988     0.089271     0.073747 
   1994       82     0.068993     0.091856     0.077686 
   1994       83     0.080253     0.120397     0.095283 
   1994       84     0.088383     0.117451     0.098941 
   1994       85     0.100600     0.128828     0.110579 
   1994       86     0.105826     0.153904     0.122399 
   1994       87     0.126150     0.161501     0.137800 
   1994       88     0.133666     0.165365     0.143594 
   1994       89     0.157069     0.196657     0.169199 
   1994       90     0.159546     0.190430     0.168883 
   1994       91     0.182115     0.242099     0.199752 
   1994       92     0.192016     0.222833     0.200902 
   1994       93     0.200959     0.260786     0.217873 
   1994       94     0.229310     0.257829     0.237148 
   1994       95     0.239867     0.250887     0.242745 
   1994       96     0.282617     0.264301     0.278266 
   1994       97     0.242675     0.341438     0.265012 
   1994       98     0.247393     0.327900     0.265575 
   1994       99     0.319614     0.402586     0.337403 
   1994      100     0.386811     0.220311     0.352869 
   1994      101     0.392281     0.334448     0.378143 
   1994      102     0.229422     0.518807     0.299842 
   1994      103     0.485388     0.141210     0.424522 
   1994      104     0.468092     0.000000     0.377169 
   1994      105     0.579751     0.527716     0.565451 
   1994      106     0.653558     0.627229     0.647186 
   1994      107     0.746399     0.404908     0.686331 
   1994      108     1.047716     0.000000     0.890423 
   1994      109     1.798220            .     1.798220 
   1994      110+    6.000000            .     6.000000 
   1995        0     0.010558     0.012654     0.011628 
   1995        1     0.001291     0.001280     0.001285 
   1995        2     0.000574     0.000649     0.000612 
   1995        3     0.000315     0.000499     0.000409 
   1995        4     0.000453     0.000448     0.000450 
   1995        5     0.000201     0.000337     0.000270 
   1995        6     0.000252     0.000235     0.000243 
   1995        7     0.000208     0.000253     0.000231 
   1995        8     0.000191     0.000290     0.000241 
   1995        9     0.000175     0.000285     0.000230 
   1995       10     0.000223     0.000215     0.000219 
   1995       11     0.000233     0.000184     0.000208 
   1995       12     0.000203     0.000252     0.000228 
   1995       13     0.000261     0.000339     0.000300 
   1995       14     0.000298     0.000570     0.000436 
   1995       15     0.000284     0.000745     0.000518 
   1995       16     0.000316     0.000659     0.000490 
   1995       17     0.000321     0.000813     0.000570 
   1995       18     0.000351     0.001062     0.000711 
   1995       19     0.000353     0.001254     0.000807 
   1995       20     0.000453     0.001259     0.000860 
   1995       21     0.000353     0.001415     0.000890 
   1995       22     0.000429     0.001749     0.001090 
   1995       23     0.000409     0.001693     0.001046 
   1995       24     0.000364     0.001577     0.000966 
   1995       25     0.000433     0.001397     0.000912 
   1995       26     0.000435     0.001688     0.001056 
   1995       27     0.000481     0.001799     0.001132 
   1995       28     0.000536     0.001927     0.001220 
   1995       29     0.000497     0.001737     0.001104 
   1995       30     0.000559     0.001797     0.001166 
   1995       31     0.000428     0.001952     0.001176 
   1995       32     0.000704     0.001789     0.001237 
   1995       33     0.000622     0.002085     0.001338 
   1995       34     0.000783     0.002094     0.001424 
   1995       35     0.000943     0.001967     0.001444 
   1995       36     0.000910     0.002072     0.001480 
   1995       37     0.001107     0.002571     0.001825 
   1995       38     0.001234     0.002578     0.001890 
   1995       39     0.001189     0.002816     0.001980 
   1995       40     0.001188     0.002960     0.002048 
   1995       41     0.001434     0.003001     0.002196 
   1995       42     0.001523     0.003591     0.002532 
   1995       43     0.001606     0.003688     0.002616 
   1995       44     0.002181     0.003896     0.003017 
   1995       45     0.002027     0.004065     0.003027 
   1995       46     0.002178     0.004692     0.003403 
   1995       47     0.002567     0.005192     0.003838 
   1995       48     0.003053     0.006168     0.004554 
   1995       49     0.003303     0.006411     0.004813 
   1995       50     0.003329     0.006951     0.005097 
   1995       51     0.003387     0.006476     0.004889 
   1995       52     0.004114     0.008076     0.006029 
   1995       53     0.004315     0.008641     0.006380 
   1995       54     0.005420     0.009324     0.007297 
   1995       55     0.005720     0.009781     0.007691 
   1995       56     0.005861     0.010805     0.008229 
   1995       57     0.006457     0.011948     0.009053 
   1995       58     0.006768     0.013362     0.009864 
   1995       59     0.007380     0.014195     0.010596 
   1995       60     0.009285     0.016375     0.012653 
   1995       61     0.009288     0.017946     0.013375 
   1995       62     0.010252     0.018797     0.014221 
   1995       63     0.011107     0.021865     0.015997 
   1995       64     0.013926     0.023516     0.018341 
   1995       65     0.012810     0.023790     0.017910 
   1995       66     0.014039     0.027170     0.020034 
   1995       67     0.016566     0.030386     0.022874 
   1995       68     0.016975     0.027234     0.021670 
   1995       69     0.018816     0.033613     0.025520 
   1995       70     0.022126     0.040761     0.030519 
   1995       71     0.025158     0.041424     0.032418 
   1995       72     0.029656     0.047222     0.037366 
   1995       73     0.030197     0.047820     0.037808 
   1995       74     0.035898     0.060821     0.046661 
   1995       75     0.033793     0.056298     0.043443 
   1995       76     0.039120     0.059730     0.047701 
   1995       77     0.044177     0.065103     0.052714 
   1995       78     0.051373     0.076506     0.061499 
   1995       79     0.056381     0.084626     0.067661 
   1995       80     0.054469     0.084946     0.066691 
   1995       81     0.063898     0.089037     0.073709 
   1995       82     0.072616     0.098969     0.082632 
   1995       83     0.075290     0.112874     0.089301 
   1995       84     0.089087     0.120923     0.100748 
   1995       85     0.100347     0.137416     0.113541 
   1995       86     0.106144     0.148112     0.120608 
   1995       87     0.122103     0.164162     0.136211 
   1995       88     0.134146     0.178548     0.148405 
   1995       89     0.147171     0.177989     0.156568 
   1995       90     0.160229     0.198672     0.171718 
   1995       91     0.177169     0.242194     0.196188 
   1995       92     0.207602     0.207554     0.207588 
   1995       93     0.204237     0.277559     0.224819 
   1995       94     0.225148     0.282325     0.240655 
   1995       95     0.228492     0.333130     0.256238 
   1995       96     0.226918     0.288028     0.242368 
   1995       97     0.294512     0.295127     0.294653 
   1995       98     0.349312     0.265604     0.330825 
   1995       99     0.280920     0.448048     0.317342 
   1995      100     0.363560     0.348448     0.360434 
   1995      101     0.392064     0.123975     0.332200 
   1995      102     0.348118     0.404585     0.362275 
   1995      103     0.489147     0.482859     0.487635 
   1995      104     0.233481     0.183094     0.223242 
   1995      105     0.508059     0.789908     0.566609 
   1995      106     0.568154     1.313758     0.738905 
   1995      107     0.639960     2.790274     0.944110 
   1995      108     0.734013     2.393443     0.974643 
   1995      109     1.526132     6.000000     1.884615 
   1995      110+           .            .            . 
   1996        0     0.010662     0.012862     0.011787 
   1996        1     0.000852     0.001128     0.000993 
   1996        2     0.000325     0.000515     0.000422 
   1996        3     0.000343     0.000436     0.000390 
   1996        4     0.000263     0.000316     0.000290 
   1996        5     0.000240     0.000314     0.000278 
   1996        6     0.000207     0.000295     0.000252 
   1996        7     0.000182     0.000263     0.000223 
   1996        8     0.000182     0.000275     0.000230 
   1996        9     0.000169     0.000269     0.000220 
   1996       10     0.000206     0.000314     0.000261 
   1996       11     0.000182     0.000262     0.000223 
   1996       12     0.000225     0.000296     0.000261 
   1996       13     0.000203     0.000441     0.000324 
   1996       14     0.000261     0.000564     0.000414 
   1996       15     0.000194     0.000580     0.000390 
   1996       16     0.000293     0.000754     0.000527 
   1996       17     0.000367     0.000878     0.000625 
   1996       18     0.000487     0.001021     0.000757 
   1996       19     0.000325     0.001267     0.000800 
   1996       20     0.000344     0.001429     0.000890 
   1996       21     0.000370     0.001621     0.001000 
   1996       22     0.000362     0.001705     0.001040 
   1996       23     0.000478     0.001696     0.001088 
   1996       24     0.000327     0.001666     0.000992 
   1996       25     0.000348     0.001511     0.000925 
   1996       26     0.000391     0.001821     0.001102 
   1996       27     0.000509     0.001555     0.001028 
   1996       28     0.000483     0.001593     0.001031 
   1996       29     0.000538     0.001729     0.001123 
   1996       30     0.000545     0.002287     0.001398 
   1996       31     0.000582     0.001779     0.001168 
   1996       32     0.000664     0.001867     0.001255 
   1996       33     0.000784     0.001752     0.001260 
   1996       34     0.000889     0.002077     0.001470 
   1996       35     0.000673     0.002233     0.001436 
   1996       36     0.000719     0.002134     0.001412 
   1996       37     0.000874     0.002122     0.001486 
   1996       38     0.001272     0.002732     0.001988 
   1996       39     0.001220     0.002643     0.001915 
   1996       40     0.001305     0.002716     0.001991 
   1996       41     0.001253     0.002852     0.002030 
   1996       42     0.001362     0.003539     0.002422 
   1996       43     0.001677     0.003411     0.002523 
   1996       44     0.001742     0.003826     0.002753 
   1996       45     0.001995     0.004270     0.003105 
   1996       46     0.002141     0.004171     0.003138 
   1996       47     0.002447     0.004579     0.003486 
   1996       48     0.002666     0.005996     0.004278 
   1996       49     0.003294     0.006207     0.004699 
   1996       50     0.003337     0.006508     0.004878 
   1996       51     0.003987     0.007671     0.005785 
   1996       52     0.004095     0.007369     0.005685 
   1996       53     0.004604     0.008264     0.006371 
   1996       54     0.004784     0.009688     0.007119 
   1996       55     0.005124     0.010055     0.007490 
   1996       56     0.006069     0.011074     0.008493 
   1996       57     0.005753     0.010775     0.008154 
   1996       58     0.005647     0.012547     0.008907 
   1996       59     0.007039     0.013485     0.010061 
   1996       60     0.008753     0.014443     0.011432 
   1996       61     0.009004     0.016545     0.012577 
   1996       62     0.009234     0.019027     0.013841 
   1996       63     0.011102     0.021858     0.016081 
   1996       64     0.011176     0.022549     0.016338 
   1996       65     0.013796     0.026184     0.019485 
   1996       66     0.014610     0.026148     0.019947 
   1996       67     0.015027     0.027166     0.020541 
   1996       68     0.017167     0.030807     0.023353 
   1996       69     0.018274     0.031152     0.024127 
   1996       70     0.020741     0.034949     0.027133 
   1996       71     0.024478     0.043502     0.032984 
   1996       72     0.027050     0.046966     0.035877 
   1996       73     0.029718     0.049666     0.038410 
   1996       74     0.031280     0.053465     0.040772 
   1996       75     0.035816     0.062725     0.047295 
   1996       76     0.038500     0.058643     0.047030 
   1996       77     0.041102     0.062075     0.049732 
   1996       78     0.049877     0.079222     0.061692 
   1996       79     0.054511     0.087806     0.067723 
   1996       80     0.058856     0.079964     0.067248 
   1996       81     0.062049     0.087741     0.072200 
   1996       82     0.066943     0.094421     0.077496 
   1996       83     0.078555     0.105774     0.088712 
   1996       84     0.090494     0.113994     0.099088 
   1996       85     0.104639     0.136083     0.115932 
   1996       86     0.102119     0.146363     0.117480 
   1996       87     0.120794     0.150336     0.130708 
   1996       88     0.134695     0.167674     0.145492 
   1996       89     0.152397     0.177626     0.160315 
   1996       90     0.161069     0.188844     0.169347 
   1996       91     0.168690     0.212844     0.181490 
   1996       92     0.194074     0.236923     0.206254 
   1996       93     0.213173     0.213644     0.213305 
   1996       94     0.212198     0.295171     0.234640 
   1996       95     0.255564     0.288802     0.264106 
   1996       96     0.247621     0.269371     0.253168 
   1996       97     0.264101     0.316410     0.277018 
   1996       98     0.324290     0.296651     0.317914 
   1996       99     0.293392     0.293305     0.293373 
   1996      100     0.283868     0.370914     0.301859 
   1996      101     0.280935     0.450056     0.315652 
   1996      102     0.373039     0.476521     0.395970 
   1996      103     0.313167     0.257327     0.299252 
   1996      104     0.349574     0.260191     0.327100 
   1996      105     0.491736     0.502945     0.494001 
   1996      106     0.541133     0.721003     0.570408 
   1996      107     0.637602     0.000000     0.559140 
   1996      108     0.783401            .     0.783401 
   1996      109     1.012987            .     1.012987 
   1996      110+    0.000000            .     0.000000 
   1997        0     0.009579     0.011441     0.010533 
   1997        1     0.000455     0.000525     0.000491 
   1997        2     0.000677     0.000709     0.000693 
   1997        3     0.000492     0.000501     0.000497 
   1997        4     0.000313     0.000293     0.000303 
   1997        5     0.000307     0.000477     0.000394 
   1997        6     0.000196     0.000299     0.000248 
   1997        7     0.000157     0.000376     0.000269 
   1997        8     0.000218     0.000297     0.000259 
   1997        9     0.000233     0.000264     0.000249 
   1997       10     0.000294     0.000305     0.000300 
   1997       11     0.000268     0.000344     0.000306 
   1997       12     0.000264     0.000286     0.000275 
   1997       13     0.000183     0.000287     0.000236 
   1997       14     0.000268     0.000394     0.000332 
   1997       15     0.000317     0.000480     0.000400 
   1997       16     0.000339     0.000558     0.000450 
   1997       17     0.000377     0.000771     0.000577 
   1997       18     0.000453     0.000812     0.000634 
   1997       19     0.000322     0.001086     0.000708 
   1997       20     0.000370     0.001474     0.000926 
   1997       21     0.000387     0.001298     0.000844 
   1997       22     0.000329     0.001465     0.000900 
   1997       23     0.000459     0.001546     0.001007 
   1997       24     0.000430     0.001716     0.001073 
   1997       25     0.000343     0.001648     0.000991 
   1997       26     0.000373     0.001537     0.000951 
   1997       27     0.000466     0.001596     0.001027 
   1997       28     0.000460     0.001807     0.001127 
   1997       29     0.000550     0.001849     0.001191 
   1997       30     0.000514     0.001724     0.001109 
   1997       31     0.000576     0.002011     0.001279 
   1997       32     0.000604     0.002121     0.001346 
   1997       33     0.000623     0.002174     0.001385 
   1997       34     0.000759     0.002030     0.001384 
   1997       35     0.000873     0.001926     0.001388 
   1997       36     0.000748     0.002329     0.001521 
   1997       37     0.000885     0.002308     0.001582 
   1997       38     0.000975     0.002299     0.001624 
   1997       39     0.000981     0.002518     0.001734 
   1997       40     0.001157     0.002885     0.002000 
   1997       41     0.001391     0.003046     0.002195 
   1997       42     0.001466     0.003354     0.002384 
   1997       43     0.001517     0.003533     0.002500 
   1997       44     0.001809     0.003926     0.002842 
   1997       45     0.001927     0.003889     0.002878 
   1997       46     0.001986     0.004157     0.003045 
   1997       47     0.002009     0.004444     0.003205 
   1997       48     0.002604     0.004520     0.003538 
   1997       49     0.003073     0.005760     0.004374 
   1997       50     0.003361     0.006608     0.004928 
   1997       51     0.003822     0.006767     0.005254 
   1997       52     0.003761     0.007323     0.005499 
   1997       53     0.004487     0.007898     0.006143 
   1997       54     0.004064     0.008161     0.006039 
   1997       55     0.005290     0.009950     0.007503 
   1997       56     0.004983     0.010483     0.007614 
   1997       57     0.005957     0.010467     0.008136 
   1997       58     0.006364     0.011210     0.008677 
   1997       59     0.007729     0.013449     0.010429 
   1997       60     0.006652     0.013154     0.009698 
   1997       61     0.008724     0.014860     0.011605 
   1997       62     0.009486     0.017357     0.013204 
   1997       63     0.010280     0.017729     0.013771 
   1997       64     0.010803     0.020704     0.015370 
   1997       65     0.012074     0.023575     0.017284 
   1997       66     0.012683     0.024417     0.018056 
   1997       67     0.015852     0.028563     0.021706 
   1997       68     0.015293     0.028542     0.021280 
   1997       69     0.019902     0.031711     0.025221 
   1997       70     0.019526     0.034125     0.026114 
   1997       71     0.021848     0.035127     0.027777 
   1997       72     0.025483     0.041605     0.032639 
   1997       73     0.028467     0.048626     0.037336 
   1997       74     0.030059     0.052471     0.039741 
   1997       75     0.033126     0.058501     0.043865 
   1997       76     0.037346     0.059670     0.046754 
   1997       77     0.040333     0.064421     0.050408 
   1997       78     0.043257     0.067589     0.053129 
   1997       79     0.050332     0.071186     0.058604 
   1997       80     0.053842     0.087324     0.066937 
   1997       81     0.062332     0.091264     0.073663 
   1997       82     0.066292     0.092256     0.076390 
   1997       83     0.069437     0.107389     0.083748 
   1997       84     0.081178     0.111583     0.092310 
   1997       85     0.100690     0.137544     0.113905 
   1997       86     0.099727     0.138471     0.113308 
   1997       87     0.118390     0.173949     0.137153 
   1997       88     0.130599     0.160253     0.140300 
   1997       89     0.153213     0.188422     0.164511 
   1997       90     0.163680     0.205776     0.176598 
   1997       91     0.189632     0.239515     0.204057 
   1997       92     0.199668     0.248147     0.213250 
   1997       93     0.208485     0.236492     0.216267 
   1997       94     0.269076     0.338686     0.287978 
   1997       95     0.293051     0.367170     0.312107 
   1997       96     0.242877     0.356215     0.270646 
   1997       97     0.299699     0.360181     0.314460 
   1997       98     0.286984     0.398704     0.313560 
   1997       99     0.361104     0.399128     0.369614 
   1997      100     0.381378     0.451144     0.396166 
   1997      101     0.422517     0.310899     0.400579 
   1997      102     0.453547     0.803378     0.518812 
   1997      103     0.325135     0.289762     0.317860 
   1997      104     0.542382     0.885329     0.627451 
   1997      105     0.689849     0.695008     0.691082 
   1997      106     0.778392     0.808584     0.784387 
   1997      107     0.939519     1.327549     1.001739 
   1997      108     1.363949     6.000000     1.591703 
   1997      109     2.373626            .     2.373626 
   1997      110+    4.212766            .     4.212766 
   1998        0     0.009833     0.012001     0.010941 
   1998        1     0.000446     0.000685     0.000568 
   1998        2     0.000850     0.000905     0.000878 
   1998        3     0.000385     0.000519     0.000453 
   1998        4     0.000295     0.000407     0.000352 
   1998        5     0.000246     0.000329     0.000288 
   1998        6     0.000241     0.000316     0.000279 
   1998        7     0.000188     0.000305     0.000247 
   1998        8     0.000163     0.000245     0.000205 
   1998        9     0.000197     0.000251     0.000225 
   1998       10     0.000185     0.000252     0.000219 
   1998       11     0.000177     0.000242     0.000210 
   1998       12     0.000188     0.000198     0.000193 
   1998       13     0.000206     0.000301     0.000254 
   1998       14     0.000183     0.000421     0.000305 
   1998       15     0.000228     0.000496     0.000364 
   1998       16     0.000262     0.000692     0.000479 
   1998       17     0.000348     0.000804     0.000579 
   1998       18     0.000318     0.000975     0.000652 
   1998       19     0.000428     0.001115     0.000775 
   1998       20     0.000428     0.001246     0.000840 
   1998       21     0.000379     0.001177     0.000780 
   1998       22     0.000335     0.001381     0.000858 
   1998       23     0.000304     0.001397     0.000852 
   1998       24     0.000306     0.001617     0.000965 
   1998       25     0.000422     0.001623     0.001022 
   1998       26     0.000408     0.001696     0.001047 
   1998       27     0.000373     0.001581     0.000972 
   1998       28     0.000408     0.001683     0.001041 
   1998       29     0.000452     0.001682     0.001061 
   1998       30     0.000469     0.001667     0.001061 
   1998       31     0.000556     0.001965     0.001248 
   1998       32     0.000632     0.001810     0.001209 
   1998       33     0.000673     0.001923     0.001284 
   1998       34     0.000629     0.002196     0.001398 
   1998       35     0.000790     0.002167     0.001467 
   1998       36     0.000784     0.002096     0.001426 
   1998       37     0.000891     0.002206     0.001533 
   1998       38     0.000991     0.002009     0.001490 
   1998       39     0.001041     0.002170     0.001594 
   1998       40     0.001157     0.002711     0.001918 
   1998       41     0.001262     0.003015     0.002118 
   1998       42     0.001355     0.002873     0.002093 
   1998       43     0.001491     0.003392     0.002416 
   1998       44     0.001511     0.003367     0.002416 
   1998       45     0.002000     0.003650     0.002805 
   1998       46     0.002113     0.004338     0.003192 
   1998       47     0.002203     0.003832     0.002998 
   1998       48     0.002619     0.004398     0.003493 
   1998       49     0.002711     0.004554     0.003610 
   1998       50     0.002950     0.005761     0.004311 
   1998       51     0.003384     0.006097     0.004694 
   1998       52     0.003711     0.006421     0.005029 
   1998       53     0.004496     0.007321     0.005874 
   1998       54     0.004649     0.008739     0.006634 
   1998       55     0.004838     0.009467     0.007065 
   1998       56     0.005536     0.010334     0.007808 
   1998       57     0.005727     0.010648     0.008075 
   1998       58     0.006767     0.012038     0.009308 
   1998       59     0.006524     0.013329     0.009764 
   1998       60     0.007907     0.014284     0.010914 
   1998       61     0.007169     0.013991     0.010362 
   1998       62     0.009012     0.015626     0.012110 
   1998       63     0.011010     0.018554     0.014564 
   1998       64     0.011406     0.019853     0.015352 
   1998       65     0.013174     0.021192     0.016861 
   1998       66     0.012591     0.023983     0.017745 
   1998       67     0.014078     0.025483     0.019286 
   1998       68     0.016166     0.029415     0.022240 
   1998       69     0.016473     0.030902     0.022958 
   1998       70     0.020165     0.035949     0.027221 
   1998       71     0.021947     0.036498     0.028459 
   1998       72     0.023919     0.039923     0.031014 
   1998       73     0.027198     0.046827     0.035844 
   1998       74     0.031760     0.050674     0.040016 
   1998       75     0.037562     0.056673     0.045748 
   1998       76     0.039233     0.062401     0.048942 
   1998       77     0.041959     0.064342     0.051283 
   1998       78     0.046612     0.072615     0.057341 
   1998       79     0.048926     0.070898     0.057720 
   1998       80     0.061795     0.088754     0.072339 
   1998       81     0.063442     0.091169     0.074116 
   1998       82     0.068334     0.095259     0.078721 
   1998       83     0.074086     0.090060     0.080202 
   1998       84     0.081952     0.113243     0.093541 
   1998       85     0.089150     0.126059     0.102375 
   1998       86     0.110403     0.139164     0.120480 
   1998       87     0.120265     0.161697     0.134411 
   1998       88     0.141752     0.182773     0.155214 
   1998       89     0.150362     0.181790     0.160401 
   1998       90     0.169146     0.248742     0.193909 
   1998       91     0.186687     0.235969     0.201232 
   1998       92     0.221947     0.250284     0.229873 
   1998       93     0.202090     0.285112     0.224549 
   1998       94     0.254662     0.338864     0.276974 
   1998       95     0.270298     0.261858     0.268098 
   1998       96     0.286995     0.318626     0.294823 
   1998       97     0.304402     0.308684     0.305404 
   1998       98     0.296911     0.503548     0.344229 
   1998       99     0.409685     0.391184     0.405612 
   1998      100     0.448028     0.569551     0.474342 
   1998      101     0.420389     0.473399     0.431294 
   1998      102     0.422860     0.572738     0.450262 
   1998      103     0.382409     0.325615     0.373112 
   1998      104     0.417484     0.667965     0.463870 
   1998      105     0.476043     0.830018     0.550043 
   1998      106     0.500000     0.945170     0.591914 
   1998      107     0.547782     1.210762     0.653763 
   1998      108     0.691860     6.000000     0.812500 
   1998      109     1.004785            .     1.004785 
   1998      110+           .            .            . 
   1999        0     0.009557     0.011669     0.010635 
   1999        1     0.000438     0.000427     0.000432 
   1999        2     0.000753     0.000629     0.000689 
   1999        3     0.000347     0.000417     0.000383 
   1999        4     0.000239     0.000341     0.000291 
   1999        5     0.000258     0.000299     0.000279 
   1999        6     0.000127     0.000258     0.000194 
   1999        7     0.000160     0.000288     0.000225 
   1999        8     0.000180     0.000207     0.000194 
   1999        9     0.000233     0.000231     0.000232 
   1999       10     0.000134     0.000272     0.000204 
   1999       11     0.000129     0.000316     0.000224 
   1999       12     0.000125     0.000207     0.000167 
   1999       13     0.000211     0.000281     0.000246 
   1999       14     0.000181     0.000411     0.000298 
   1999       15     0.000307     0.000483     0.000397 
   1999       16     0.000301     0.000574     0.000439 
   1999       17     0.000270     0.000834     0.000555 
   1999       18     0.000324     0.000830     0.000580 
   1999       19     0.000386     0.001050     0.000722 
   1999       20     0.000342     0.001251     0.000801 
   1999       21     0.000368     0.000967     0.000669 
   1999       22     0.000512     0.001325     0.000920 
   1999       23     0.000421     0.001361     0.000890 
   1999       24     0.000419     0.001369     0.000894 
   1999       25     0.000323     0.001376     0.000851 
   1999       26     0.000463     0.001618     0.001040 
   1999       27     0.000456     0.001743     0.001095 
   1999       28     0.000381     0.001709     0.001040 
   1999       29     0.000633     0.001559     0.001092 
   1999       30     0.000543     0.001716     0.001124 
   1999       31     0.000544     0.001654     0.001093 
   1999       32     0.000574     0.001987     0.001268 
   1999       33     0.000656     0.001985     0.001306 
   1999       34     0.000657     0.001823     0.001227 
   1999       35     0.000738     0.001891     0.001304 
   1999       36     0.000741     0.002065     0.001393 
   1999       37     0.000704     0.002140     0.001406 
   1999       38     0.000815     0.002134     0.001460 
   1999       39     0.000996     0.002312     0.001641 
   1999       40     0.001159     0.002552     0.001841 
   1999       41     0.001219     0.002806     0.001995 
   1999       42     0.001339     0.002966     0.002134 
   1999       43     0.001503     0.003313     0.002384 
   1999       44     0.001810     0.003442     0.002604 
   1999       45     0.001679     0.003681     0.002656 
   1999       46     0.002146     0.003674     0.002892 
   1999       47     0.002507     0.004262     0.003358 
   1999       48     0.002434     0.004804     0.003590 
   1999       49     0.002612     0.004929     0.003751 
   1999       50     0.002870     0.004762     0.003793 
   1999       51     0.003457     0.005911     0.004646 
   1999       52     0.003792     0.006420     0.005062 
   1999       53     0.003917     0.007467     0.005644 
   1999       54     0.004458     0.007891     0.006132 
   1999       55     0.004720     0.009368     0.006974 
   1999       56     0.004688     0.009471     0.006985 
   1999       57     0.005701     0.010821     0.008120 
   1999       58     0.006253     0.012106     0.009038 
   1999       59     0.007358     0.011916     0.009550 
   1999       60     0.006405     0.012202     0.009159 
   1999       61     0.007321     0.015111     0.010990 
   1999       62     0.008331     0.015026     0.011460 
   1999       63     0.009478     0.016536     0.012776 
   1999       64     0.010636     0.018606     0.014380 
   1999       65     0.013007     0.021526     0.016974 
   1999       66     0.013688     0.023494     0.018183 
   1999       67     0.014719     0.026586     0.020079 
   1999       68     0.014858     0.028248     0.020953 
   1999       69     0.018511     0.031332     0.024359 
   1999       70     0.018863     0.032707     0.025049 
   1999       71     0.021732     0.038341     0.029096 
   1999       72     0.024080     0.040663     0.031435 
   1999       73     0.025239     0.042497     0.032823 
   1999       74     0.030143     0.047345     0.037660 
   1999       75     0.034268     0.054495     0.043035 
   1999       76     0.036823     0.062011     0.047520 
   1999       77     0.040207     0.071694     0.053251 
   1999       78     0.046731     0.073443     0.057706 
   1999       79     0.052570     0.080468     0.063912 
   1999       80     0.055183     0.081691     0.065632 
   1999       81     0.069236     0.093878     0.078735 
   1999       82     0.077807     0.105069     0.088157 
   1999       83     0.078738     0.111693     0.091275 
   1999       84     0.084479     0.110846     0.094419 
   1999       85     0.096816     0.126867     0.107727 
   1999       86     0.108807     0.134972     0.117999 
   1999       87     0.125380     0.158919     0.136886 
   1999       88     0.134830     0.177048     0.148872 
   1999       89     0.155509     0.195497     0.168284 
   1999       90     0.162517     0.213457     0.178241 
   1999       91     0.195615     0.222971     0.203825 
   1999       92     0.209274     0.262271     0.224488 
   1999       93     0.240775     0.313361     0.260204 
   1999       94     0.251507     0.320443     0.269081 
   1999       95     0.302544     0.359673     0.317096 
   1999       96     0.280207     0.404822     0.311672 
   1999       97     0.367600     0.493530     0.397020 
   1999       98     0.361952     0.413121     0.373033 
   1999       99     0.408437     0.671517     0.463055 
   1999      100     0.455155     0.386875     0.441141 
   1999      101     0.370072     0.715137     0.439549 
   1999      102     0.507490     0.746191     0.549692 
   1999      103     0.368491     0.600300     0.406130 
   1999      104     0.548476     0.361882     0.520239 
   1999      105     0.471896     1.219800     0.584884 
   1999      106     0.488088     1.784257     0.640109 
   1999      107     0.518491     2.546125     0.706607 
   1999      108     0.588679     6.000000     0.727941 
   1999      109     0.902542            .     0.902542 
   1999      110+    0.000000            .     0.000000 
   2000        0     0.009015     0.010168     0.009604 
   2000        1     0.000392     0.000466     0.000430 
   2000        2     0.000556     0.000778     0.000669 
   2000        3     0.000242     0.000386     0.000315 
   2000        4     0.000214     0.000472     0.000345 
   2000        5     0.000224     0.000231     0.000227 
   2000        6     0.000159     0.000248     0.000205 
   2000        7     0.000216     0.000265     0.000241 
   2000        8     0.000189     0.000259     0.000225 
   2000        9     0.000172     0.000254     0.000214 
   2000       10     0.000183     0.000257     0.000221 
   2000       11     0.000156     0.000239     0.000198 
   2000       12     0.000195     0.000243     0.000219 
   2000       13     0.000185     0.000287     0.000236 
   2000       14     0.000203     0.000242     0.000223 
   2000       15     0.000206     0.000386     0.000298 
   2000       16     0.000298     0.000561     0.000433 
   2000       17     0.000349     0.000762     0.000559 
   2000       18     0.000326     0.001001     0.000667 
   2000       19     0.000357     0.001167     0.000766 
   2000       20     0.000310     0.001263     0.000794 
   2000       21     0.000360     0.001211     0.000789 
   2000       22     0.000307     0.001232     0.000772 
   2000       23     0.000451     0.001288     0.000870 
   2000       24     0.000360     0.001436     0.000896 
   2000       25     0.000345     0.001498     0.000920 
   2000       26     0.000420     0.001438     0.000930 
   2000       27     0.000487     0.001467     0.000976 
   2000       28     0.000407     0.001618     0.001008 
   2000       29     0.000381     0.001609     0.000990 
   2000       30     0.000367     0.001596     0.000976 
   2000       31     0.000551     0.001667     0.001104 
   2000       32     0.000571     0.001776     0.001167 
   2000       33     0.000616     0.001863     0.001229 
   2000       34     0.000639     0.001751     0.001183 
   2000       35     0.000624     0.001739     0.001169 
   2000       36     0.000752     0.001928     0.001329 
   2000       37     0.000804     0.001856     0.001322 
   2000       38     0.000995     0.002234     0.001601 
   2000       39     0.000940     0.002371     0.001639 
   2000       40     0.001200     0.002068     0.001626 
   2000       41     0.001097     0.002459     0.001763 
   2000       42     0.001156     0.002740     0.001930 
   2000       43     0.001407     0.003469     0.002414 
   2000       44     0.001550     0.003682     0.002587 
   2000       45     0.001520     0.003949     0.002702 
   2000       46     0.001838     0.003905     0.002848 
   2000       47     0.002317     0.004027     0.003152 
   2000       48     0.002174     0.004484     0.003293 
   2000       49     0.002653     0.005053     0.003824 
   2000       50     0.002556     0.004578     0.003550 
   2000       51     0.002928     0.005520     0.004192 
   2000       52     0.003531     0.006616     0.005026 
   2000       53     0.004158     0.007032     0.005548 
   2000       54     0.004433     0.008144     0.006239 
   2000       55     0.004716     0.007787     0.006213 
   2000       56     0.005097     0.009652     0.007304 
   2000       57     0.005296     0.009908     0.007507 
   2000       58     0.005634     0.010983     0.008153 
   2000       59     0.006357     0.011649     0.008867 
   2000       60     0.007520     0.012902     0.010102 
   2000       61     0.007478     0.013910     0.010526 
   2000       62     0.008924     0.015073     0.011816 
   2000       63     0.008978     0.014786     0.011690 
   2000       64     0.009970     0.017683     0.013565 
   2000       65     0.011352     0.019411     0.015126 
   2000       66     0.013033     0.021349     0.016891 
   2000       67     0.014333     0.025742     0.019543 
   2000       68     0.016417     0.029343     0.022243 
   2000       69     0.015832     0.029174     0.021885 
   2000       70     0.019834     0.031164     0.024978 
   2000       71     0.018510     0.032885     0.024897 
   2000       72     0.023362     0.041446     0.031309 
   2000       73     0.024442     0.041541     0.031952 
   2000       74     0.024578     0.045876     0.033852 
   2000       75     0.031092     0.051754     0.040043 
   2000       76     0.035618     0.058204     0.045322 
   2000       77     0.040578     0.059648     0.048597 
   2000       78     0.047771     0.069005     0.056472 
   2000       79     0.046215     0.074978     0.057875 
   2000       80     0.051452     0.079062     0.062497 
   2000       81     0.053394     0.079098     0.063370 
   2000       82     0.063075     0.097448     0.076124 
   2000       83     0.072977     0.102507     0.084003 
   2000       84     0.076988     0.107236     0.088307 
   2000       85     0.083348     0.103790     0.090933 
   2000       86     0.096161     0.124165     0.106159 
   2000       87     0.104237     0.139645     0.116430 
   2000       88     0.124148     0.152989     0.133815 
   2000       89     0.137905     0.170508     0.148490 
   2000       90     0.168378     0.191999     0.175735 
   2000       91     0.163645     0.224268     0.181831 
   2000       92     0.191002     0.255336     0.209634 
   2000       93     0.221775     0.268880     0.234748 
   2000       94     0.246746     0.293477     0.258695 
   2000       95     0.256164     0.306837     0.268491 
   2000       96     0.300162     0.342907     0.310518 
   2000       97     0.352564     0.475668     0.381475 
   2000       98     0.364697     0.513238     0.396302 
   2000       99     0.358533     0.341671     0.355200 
   2000      100     0.572177     0.687285     0.594447 
   2000      101     0.375341     0.543901     0.406863 
   2000      102     0.423039     0.428571     0.423977 
   2000      103     0.503162     0.835322     0.552798 
   2000      104     0.705204     0.740284     0.710383 
   2000      105     0.652277     0.562500     0.639578 
   2000      106     0.720045     0.454389     0.693947 
   2000      107     0.800000     0.000000     0.747967 
   2000      108     0.934947            .     0.934947 
   2000      109     1.318919            .     1.318919 
   2000      110+    4.250000            .     4.250000 
   2001        0     0.008472     0.009928     0.009215 
   2001        1     0.000726     0.001026     0.000879 
   2001        2     0.000476     0.000533     0.000505 
   2001        3     0.000346     0.000445     0.000397 
   2001        4     0.000219     0.000312     0.000266 
   2001        5     0.000207     0.000260     0.000234 
   2001        6     0.000193     0.000261     0.000228 
   2001        7     0.000258     0.000248     0.000253 
   2001        8     0.000142     0.000222     0.000183 
   2001        9     0.000196     0.000217     0.000207 
   2001       10     0.000128     0.000226     0.000178 
   2001       11     0.000175     0.000196     0.000186 
   2001       12     0.000199     0.000267     0.000233 
   2001       13     0.000182     0.000252     0.000217 
   2001       14     0.000326     0.000359     0.000343 
   2001       15     0.000303     0.000452     0.000378 
   2001       16     0.000231     0.000692     0.000467 
   2001       17     0.000306     0.000875     0.000597 
   2001       18     0.000317     0.001044     0.000686 
   2001       19     0.000303     0.001075     0.000692 
   2001       20     0.000317     0.001410     0.000869 
   2001       21     0.000344     0.001380     0.000869 
   2001       22     0.000377     0.001288     0.000837 
   2001       23     0.000422     0.001282     0.000854 
   2001       24     0.000301     0.001341     0.000821 
   2001       25     0.000480     0.001668     0.001070 
   2001       26     0.000574     0.001455     0.001012 
   2001       27     0.000477     0.001509     0.000993 
   2001       28     0.000496     0.001568     0.001031 
   2001       29     0.000430     0.001467     0.000945 
   2001       30     0.000373     0.001804     0.001083 
   2001       31     0.000492     0.001641     0.001061 
   2001       32     0.000609     0.001810     0.001204 
   2001       33     0.000622     0.001958     0.001283 
   2001       34     0.000840     0.001910     0.001366 
   2001       35     0.000823     0.001842     0.001322 
   2001       36     0.000802     0.001925     0.001351 
   2001       37     0.000782     0.002160     0.001458 
   2001       38     0.000827     0.002386     0.001595 
   2001       39     0.000923     0.002414     0.001651 
   2001       40     0.000973     0.002529     0.001733 
   2001       41     0.001146     0.002645     0.001882 
   2001       42     0.001282     0.002608     0.001931 
   2001       43     0.001547     0.003009     0.002261 
   2001       44     0.001852     0.003435     0.002625 
   2001       45     0.001844     0.003750     0.002772 
   2001       46     0.001873     0.004035     0.002926 
   2001       47     0.001997     0.004131     0.003041 
   2001       48     0.002420     0.004200     0.003290 
   2001       49     0.002669     0.004812     0.003707 
   2001       50     0.002722     0.005529     0.004091 
   2001       51     0.003010     0.005602     0.004285 
   2001       52     0.003089     0.006179     0.004596 
   2001       53     0.004014     0.006998     0.005460 
   2001       54     0.004603     0.008127     0.006308 
   2001       55     0.004773     0.008623     0.006647 
   2001       56     0.005342     0.009784     0.007507 
   2001       57     0.005726     0.010069     0.007829 
   2001       58     0.005931     0.011409     0.008552 
   2001       59     0.006964     0.012000     0.009329 
   2001       60     0.007264     0.014894     0.010873 
   2001       61     0.008377     0.015017     0.011553 
   2001       62     0.008443     0.015210     0.011642 
   2001       63     0.009146     0.016053     0.012392 
   2001       64     0.009893     0.018337     0.013831 
   2001       65     0.010940     0.019911     0.015107 
   2001       66     0.013176     0.022959     0.017742 
   2001       67     0.013090     0.023495     0.017898 
   2001       68     0.016894     0.028140     0.022008 
   2001       69     0.017866     0.032112     0.024271 
   2001       70     0.019634     0.035036     0.026598 
   2001       71     0.019977     0.035472     0.026975 
   2001       72     0.021768     0.037681     0.028790 
   2001       73     0.025829     0.043394     0.033475 
   2001       74     0.024029     0.044585     0.032957 
   2001       75     0.030991     0.046768     0.037792 
   2001       76     0.034728     0.055164     0.043505 
   2001       77     0.038878     0.060442     0.048071 
   2001       78     0.045248     0.066260     0.054019 
   2001       79     0.048220     0.076707     0.059768 
   2001       80     0.056671     0.085045     0.068005 
   2001       81     0.056649     0.083723     0.067308 
   2001       82     0.063919     0.089759     0.073779 
   2001       83     0.076084     0.105914     0.087224 
   2001       84     0.080876     0.111936     0.092290 
   2001       85     0.084058     0.119785     0.097211 
   2001       86     0.093158     0.114314     0.100887 
   2001       87     0.111014     0.122516     0.115058 
   2001       88     0.118320     0.142747     0.126596 
   2001       89     0.140875     0.161196     0.147566 
   2001       90     0.145845     0.167330     0.152704 
   2001       91     0.176133     0.197189     0.182553 
   2001       92     0.198137     0.191076     0.196071 
   2001       93     0.219897     0.245354     0.227112 
   2001       94     0.242508     0.270931     0.250134 
   2001       95     0.238929     0.297016     0.253236 
   2001       96     0.282521     0.304816     0.287742 
   2001       97     0.279025     0.328822     0.290615 
   2001       98     0.313464     0.387027     0.329524 
   2001       99     0.322450     0.393493     0.336615 
   2001      100     0.376289     0.554966     0.409228 
   2001      101     0.462080     0.586941     0.483451 
   2001      102     0.370007     0.456472     0.385022 
   2001      103     0.407163     0.362465     0.400114 
   2001      104     0.305309     0.000000     0.261641 
   2001      105     0.557234     1.039142     0.628260 
   2001      106     0.603583     1.500000     0.701363 
   2001      107     0.665405     2.529412     0.799016 
   2001      108     0.751784     6.000000     0.861801 
   2001      109     0.976190            .     0.976190 
   2001      110+    1.500000            .     1.500000 
   2002        0     0.007462     0.009652     0.008579 
   2002        1     0.000735     0.000847     0.000792 
   2002        2     0.000536     0.000448     0.000491 
   2002        3     0.000275     0.000423     0.000350 
   2002        4     0.000290     0.000344     0.000317 
   2002        5     0.000179     0.000250     0.000215 
   2002        6     0.000199     0.000207     0.000203 
   2002        7     0.000186     0.000209     0.000198 
   2002        8     0.000122     0.000227     0.000175 
   2002        9     0.000164     0.000201     0.000183 
   2002       10     0.000218     0.000238     0.000228 
   2002       11     0.000171     0.000266     0.000219 
   2002       12     0.000126     0.000216     0.000172 
   2002       13     0.000178     0.000329     0.000255 
   2002       14     0.000205     0.000556     0.000384 
   2002       15     0.000192     0.000481     0.000339 
   2002       16     0.000318     0.000609     0.000466 
   2002       17     0.000338     0.000707     0.000527 
   2002       18     0.000248     0.000857     0.000560 
   2002       19     0.000260     0.001076     0.000675 
   2002       20     0.000319     0.001252     0.000789 
   2002       21     0.000277     0.001254     0.000770 
   2002       22     0.000361     0.001275     0.000824 
   2002       23     0.000360     0.001308     0.000838 
   2002       24     0.000476     0.001366     0.000923 
   2002       25     0.000328     0.001569     0.000947 
   2002       26     0.000420     0.001342     0.000877 
   2002       27     0.000410     0.001418     0.000911 
   2002       28     0.000502     0.001344     0.000923 
   2002       29     0.000423     0.001750     0.001084 
   2002       30     0.000349     0.001632     0.000985 
   2002       31     0.000490     0.001656     0.001068 
   2002       32     0.000392     0.001541     0.000960 
   2002       33     0.000478     0.001544     0.001006 
   2002       34     0.000674     0.001725     0.001194 
   2002       35     0.000577     0.001956     0.001254 
   2002       36     0.000687     0.001900     0.001280 
   2002       37     0.000724     0.002080     0.001386 
   2002       38     0.000875     0.001981     0.001417 
   2002       39     0.000835     0.002256     0.001535 
   2002       40     0.001183     0.002579     0.001865 
   2002       41     0.001116     0.002547     0.001815 
   2002       42     0.001177     0.002398     0.001776 
   2002       43     0.001257     0.002846     0.002034 
   2002       44     0.001398     0.003503     0.002425 
   2002       45     0.001972     0.003364     0.002651 
   2002       46     0.001954     0.003687     0.002797 
   2002       47     0.002143     0.003910     0.003004 
   2002       48     0.002169     0.004294     0.003208 
   2002       49     0.002382     0.005234     0.003775 
   2002       50     0.002774     0.004976     0.003840 
   2002       51     0.002931     0.005814     0.004337 
   2002       52     0.003356     0.005404     0.004363 
   2002       53     0.003315     0.006135     0.004690 
   2002       54     0.004276     0.007574     0.005874 
   2002       55     0.004327     0.007981     0.006094 
   2002       56     0.004713     0.008713     0.006658 
   2002       57     0.005736     0.009924     0.007774 
   2002       58     0.006326     0.011244     0.008703 
   2002       59     0.006072     0.012002     0.008902 
   2002       60     0.006874     0.013624     0.010033 
   2002       61     0.007880     0.013319     0.010444 
   2002       62     0.009797     0.014742     0.012155 
   2002       63     0.008478     0.015852     0.011955 
   2002       64     0.009398     0.017146     0.013031 
   2002       65     0.010406     0.018636     0.014233 
   2002       66     0.012308     0.021278     0.016457 
   2002       67     0.013555     0.023730     0.018284 
   2002       68     0.014575     0.026601     0.020101 
   2002       69     0.017720     0.031265     0.023848 
   2002       70     0.019127     0.031620     0.024721 
   2002       71     0.022016     0.037222     0.028849 
   2002       72     0.021645     0.037752     0.028870 
   2002       73     0.024362     0.040412     0.031389 
   2002       74     0.027523     0.047253     0.036018 
   2002       75     0.029432     0.047795     0.037323 
   2002       76     0.032526     0.051873     0.040788 
   2002       77     0.039544     0.060056     0.048267 
   2002       78     0.042623     0.065320     0.052211 
   2002       79     0.047680     0.067404     0.055828 
   2002       80     0.051149     0.082106     0.063529 
   2002       81     0.058652     0.088867     0.070521 
   2002       82     0.064126     0.091147     0.074588 
   2002       83     0.068660     0.098168     0.079733 
   2002       84     0.075745     0.110188     0.088382 
   2002       85     0.090671     0.116129     0.099857 
   2002       86     0.091375     0.115331     0.100055 
   2002       87     0.096846     0.111589     0.102176 
   2002       88     0.108879     0.129023     0.115881 
   2002       89     0.120630     0.150016     0.130431 
   2002       90     0.126988     0.160228     0.137735 
   2002       91     0.158748     0.190282     0.168631 
   2002       92     0.165784     0.215621     0.180714 
   2002       93     0.187700     0.213916     0.195235 
   2002       94     0.219853     0.257822     0.230399 
   2002       95     0.242337     0.302351     0.257913 
   2002       96     0.280882     0.295469     0.284350 
   2002       97     0.284046     0.379407     0.305603 
   2002       98     0.297436     0.333950     0.305540 
   2002       99     0.333938     0.310904     0.329062 
   2002      100     0.350549     0.322764     0.345231 
   2002      101     0.373849     0.425346     0.382707 
   2002      102     0.498320     0.554187     0.507169 
   2002      103     0.453156     0.647715     0.485568 
   2002      104     0.643355     0.550796     0.628272 
   2002      105     0.616380     0.835583     0.645804 
   2002      106     0.704119     1.368782     0.764798 
   2002      107     0.832018     6.000000     0.906667 
   2002      108     1.037671            .     1.037671 
   2002      109     1.422414            .     1.422414 
   2002      110+    4.192771            .     4.192771 
   2003        0     0.007714     0.008971     0.008356 
   2003        1     0.000650     0.000940     0.000798 
   2003        2     0.000362     0.000455     0.000409 
   2003        3     0.000296     0.000260     0.000277 
   2003        4     0.000301     0.000250     0.000275 
   2003        5     0.000257     0.000288     0.000273 
   2003        6     0.000228     0.000196     0.000212 
   2003        7     0.000127     0.000215     0.000172 
   2003        8     0.000124     0.000209     0.000167 
   2003        9     0.000091     0.000219     0.000157 
   2003       10     0.000082     0.000222     0.000153 
   2003       11     0.000174     0.000231     0.000203 
   2003       12     0.000170     0.000321     0.000247 
   2003       13     0.000175     0.000290     0.000234 
   2003       14     0.000207     0.000350     0.000280 
   2003       15     0.000249     0.000423     0.000338 
   2003       16     0.000192     0.000661     0.000429 
   2003       17     0.000233     0.000737     0.000489 
   2003       18     0.000239     0.000801     0.000527 
   2003       19     0.000306     0.000850     0.000585 
   2003       20     0.000366     0.001243     0.000811 
   2003       21     0.000287     0.001175     0.000734 
   2003       22     0.000383     0.001375     0.000883 
   2003       23     0.000344     0.001252     0.000804 
   2003       24     0.000343     0.001335     0.000843 
   2003       25     0.000326     0.001343     0.000836 
   2003       26     0.000284     0.001331     0.000806 
   2003       27     0.000377     0.001362     0.000865 
   2003       28     0.000435     0.001553     0.000990 
   2003       29     0.000470     0.001477     0.000973 
   2003       30     0.000569     0.001441     0.001004 
   2003       31     0.000446     0.001650     0.001043 
   2003       32     0.000490     0.001727     0.001102 
   2003       33     0.000467     0.001535     0.000995 
   2003       34     0.000651     0.001857     0.001248 
   2003       35     0.000658     0.001976     0.001309 
   2003       36     0.000693     0.002011     0.001340 
   2003       37     0.000735     0.001861     0.001286 
   2003       38     0.000755     0.002174     0.001447 
   2003       39     0.000899     0.002170     0.001522 
   2003       40     0.000948     0.002309     0.001618 
   2003       41     0.001184     0.002560     0.001856 
   2003       42     0.001335     0.002569     0.001938 
   2003       43     0.001293     0.002719     0.001993 
   2003       44     0.001404     0.002685     0.002029 
   2003       45     0.001537     0.003896     0.002687 
   2003       46     0.002007     0.003754     0.002859 
   2003       47     0.002155     0.003788     0.002949 
   2003       48     0.002435     0.004013     0.003203 
   2003       49     0.002440     0.004614     0.003502 
   2003       50     0.002869     0.005334     0.004072 
   2003       51     0.003125     0.005604     0.004324 
   2003       52     0.003500     0.005803     0.004622 
   2003       53     0.003455     0.006627     0.005013 
   2003       54     0.003763     0.006511     0.005101 
   2003       55     0.004391     0.008181     0.006225 
   2003       56     0.004978     0.009396     0.007111 
   2003       57     0.005442     0.009987     0.007648 
   2003       58     0.005758     0.010961     0.008285 
   2003       59     0.006910     0.011585     0.009164 
   2003       60     0.007478     0.013156     0.010180 
   2003       61     0.007841     0.014922     0.011143 
   2003       62     0.008784     0.016029     0.012187 
   2003       63     0.009588     0.016023     0.012647 
   2003       64     0.010014     0.017224     0.013402 
   2003       65     0.011173     0.018663     0.014672 
   2003       66     0.011172     0.019729     0.015134 
   2003       67     0.012437     0.024041     0.017776 
   2003       68     0.014782     0.026314     0.020111 
   2003       69     0.015766     0.027560     0.021150 
   2003       70     0.018575     0.034410     0.025690 
   2003       71     0.018947     0.035552     0.026327 
   2003       72     0.023856     0.037976     0.030149 
   2003       73     0.024268     0.039210     0.030919 
   2003       74     0.025682     0.043966     0.033613 
   2003       75     0.029210     0.051587     0.038732 
   2003       76     0.032114     0.053714     0.041288 
   2003       77     0.034298     0.057285     0.044000 
   2003       78     0.042733     0.066879     0.052873 
   2003       79     0.047756     0.067478     0.055992 
   2003       80     0.055007     0.083017     0.066422 
   2003       81     0.057888     0.086245     0.069033 
   2003       82     0.067879     0.096711     0.079008 
   2003       83     0.076690     0.098730     0.085085 
   2003       84     0.075628     0.104436     0.086248 
   2003       85     0.085873     0.121010     0.098516 
   2003       86     0.096222     0.133960     0.109574 
   2003       87     0.103578     0.124965     0.111210 
   2003       88     0.107539     0.118713     0.111542 
   2003       89     0.127325     0.149575     0.134956 
   2003       90     0.142086     0.151147     0.145060 
   2003       91     0.163218     0.169992     0.165378 
   2003       92     0.172295     0.180803     0.174919 
   2003       93     0.194434     0.211065     0.199327 
   2003       94     0.212881     0.256163     0.225049 
   2003       95     0.230911     0.272136     0.241996 
   2003       96     0.275610     0.293509     0.280138 
   2003       97     0.269560     0.243999     0.263609 
   2003       98     0.314796     0.305472     0.312733 
   2003       99     0.389591     0.444080     0.401584 
   2003      100     0.330832     0.520163     0.369429 
   2003      101     0.464685     0.471374     0.465901 
   2003      102     0.441726     0.532198     0.456654 
   2003      103     0.400643     0.318753     0.388661 
   2003      104     0.310202     0.541353     0.347272 
   2003      105     0.655420     0.650113     0.654593 
   2003      106     0.731899     0.986175     0.759506 
   2003      107     0.858427     0.000000     0.818864 
   2003      108     1.115871            .     1.115871 
   2003      109     1.940000            .     1.940000 
   2003      110+    6.000000            .     6.000000 
   2004        0     0.007720     0.009850     0.008807 
   2004        1     0.000708     0.000907     0.000810 
   2004        2     0.000320     0.000395     0.000359 
   2004        3     0.000325     0.000276     0.000300 
   2004        4     0.000260     0.000225     0.000242 
   2004        5     0.000155     0.000233     0.000195 
   2004        6     0.000116     0.000232     0.000175 
   2004        7     0.000187     0.000188     0.000188 
   2004        8     0.000119     0.000299     0.000211 
   2004        9     0.000139     0.000202     0.000171 
   2004       10     0.000183     0.000219     0.000201 
   2004       11     0.000201     0.000237     0.000219 
   2004       12     0.000145     0.000203     0.000175 
   2004       13     0.000199     0.000300     0.000251 
   2004       14     0.000231     0.000330     0.000282 
   2004       15     0.000292     0.000453     0.000374 
   2004       16     0.000293     0.000438     0.000367 
   2004       17     0.000288     0.000798     0.000546 
   2004       18     0.000279     0.001047     0.000669 
   2004       19     0.000338     0.001148     0.000752 
   2004       20     0.000347     0.001087     0.000726 
   2004       21     0.000406     0.001181     0.000800 
   2004       22     0.000391     0.001335     0.000865 
   2004       23     0.000293     0.001137     0.000719 
   2004       24     0.000462     0.001246     0.000859 
   2004       25     0.000455     0.001269     0.000865 
   2004       26     0.000468     0.001407     0.000938 
   2004       27     0.000453     0.001306     0.000878 
   2004       28     0.000583     0.001242     0.000909 
   2004       29     0.000377     0.001297     0.000834 
   2004       30     0.000421     0.001471     0.000945 
   2004       31     0.000472     0.001599     0.001033 
   2004       32     0.000438     0.001595     0.001012 
   2004       33     0.000565     0.001849     0.001200 
   2004       34     0.000584     0.001725     0.001148 
   2004       35     0.000668     0.001624     0.001141 
   2004       36     0.000833     0.001997     0.001408 
   2004       37     0.000859     0.001972     0.001405 
   2004       38     0.000663     0.001999     0.001316 
   2004       39     0.001028     0.002244     0.001621 
   2004       40     0.001017     0.002363     0.001676 
   2004       41     0.001347     0.002793     0.002058 
   2004       42     0.001047     0.002609     0.001809 
   2004       43     0.001194     0.002761     0.001959 
   2004       44     0.001353     0.002812     0.002068 
   2004       45     0.001526     0.003134     0.002310 
   2004       46     0.001803     0.003797     0.002774 
   2004       47     0.002442     0.003833     0.003120 
   2004       48     0.002056     0.004408     0.003199 
   2004       49     0.002281     0.004402     0.003312 
   2004       50     0.002701     0.005054     0.003849 
   2004       51     0.002783     0.005895     0.004299 
   2004       52     0.003037     0.005650     0.004298 
   2004       53     0.003461     0.006176     0.004782 
   2004       54     0.003567     0.006878     0.005191 
   2004       55     0.004023     0.007580     0.005752 
   2004       56     0.004723     0.008449     0.006522 
   2004       57     0.004927     0.009923     0.007334 
   2004       58     0.005707     0.010123     0.007845 
   2004       59     0.005889     0.010773     0.008255 
   2004       60     0.007686     0.012510     0.010005 
   2004       61     0.008028     0.012749     0.010268 
   2004       62     0.007904     0.014699     0.011062 
   2004       63     0.008768     0.016819     0.012536 
   2004       64     0.009641     0.018020     0.013608 
   2004       65     0.010923     0.018518     0.014477 
   2004       66     0.011805     0.020676     0.015932 
   2004       67     0.012601     0.020893     0.016422 
   2004       68     0.013614     0.023808     0.018278 
   2004       69     0.016531     0.027450     0.021547 
   2004       70     0.017126     0.032200     0.023958 
   2004       71     0.021091     0.037423     0.028363 
   2004       72     0.021996     0.039823     0.029849 
   2004       73     0.024347     0.044768     0.033366 
   2004       74     0.026862     0.043273     0.034097 
   2004       75     0.028452     0.043555     0.034937 
   2004       76     0.033615     0.056097     0.043067 
   2004       77     0.035836     0.054378     0.043615 
   2004       78     0.037557     0.063134     0.048210 
   2004       79     0.049679     0.077011     0.060994 
   2004       80     0.054332     0.078357     0.064225 
   2004       81     0.060129     0.085502     0.070308 
   2004       82     0.064005     0.097456     0.076915 
   2004       83     0.077954     0.105034     0.088227 
   2004       84     0.079553     0.103964     0.088709 
   2004       85     0.085692     0.109544     0.094330 
   2004       86     0.104124     0.139672     0.116640 
   2004       87     0.112250     0.147779     0.124542 
   2004       88     0.126001     0.139793     0.130861 
   2004       89     0.124645     0.135586     0.128535 
   2004       90     0.141082     0.153085     0.145160 
   2004       91     0.159373     0.160886     0.159867 
   2004       92     0.171791     0.187564     0.176795 
   2004       93     0.202494     0.220093     0.207865 
   2004       94     0.228078     0.249040     0.234138 
   2004       95     0.248421     0.264766     0.252910 
   2004       96     0.240189     0.260983     0.245685 
   2004       97     0.272121     0.362958     0.294654 
   2004       98     0.342022     0.428285     0.361436 
   2004       99     0.325512     0.343673     0.329391 
   2004      100     0.386857     0.483342     0.406844 
   2004      101     0.417501     0.439239     0.421622 
   2004      102     0.403925     0.472441     0.415991 
   2004      103     0.538380     0.509771     0.533771 
   2004      104     0.419600     0.159617     0.380831 
   2004      105     0.445861     1.072679     0.537696 
   2004      106     0.481874     1.552833     0.597812 
   2004      107     0.545652     4.116788     0.714532 
   2004      108     0.667208            .     0.667208 
   2004      109     1.188854            .     1.188854 
   2004      110+           .            .            . 
   2005        0     0.007502     0.009143     0.008341 
   2005        1     0.000629     0.000757     0.000695 
   2005        2     0.000327     0.000356     0.000342 
   2005        3     0.000192     0.000290     0.000242 
   2005        4     0.000186     0.000232     0.000209 
   2005        5     0.000170     0.000199     0.000185 
   2005        6     0.000146     0.000283     0.000216 
   2005        7     0.000224     0.000128     0.000175 
   2005        8     0.000081     0.000235     0.000160 
   2005        9     0.000151     0.000230     0.000191 
   2005       10     0.000147     0.000179     0.000164 
   2005       11     0.000145     0.000197     0.000172 
   2005       12     0.000186     0.000172     0.000179 
   2005       13     0.000211     0.000294     0.000253 
   2005       14     0.000171     0.000307     0.000240 
   2005       15     0.000231     0.000411     0.000323 
   2005       16     0.000342     0.000619     0.000483 
   2005       17     0.000286     0.000812     0.000554 
   2005       18     0.000310     0.000949     0.000634 
   2005       19     0.000303     0.001116     0.000715 
   2005       20     0.000288     0.001134     0.000721 
   2005       21     0.000248     0.001159     0.000715 
   2005       22     0.000309     0.001151     0.000736 
   2005       23     0.000312     0.001321     0.000819 
   2005       24     0.000334     0.001235     0.000788 
   2005       25     0.000412     0.001296     0.000860 
   2005       26     0.000326     0.001287     0.000810 
   2005       27     0.000406     0.001241     0.000824 
   2005       28     0.000355     0.001469     0.000910 
   2005       29     0.000420     0.001278     0.000845 
   2005       30     0.000460     0.001466     0.000959 
   2005       31     0.000397     0.001440     0.000918 
   2005       32     0.000610     0.001881     0.001243 
   2005       33     0.000569     0.001457     0.001009 
   2005       34     0.000640     0.001843     0.001235 
   2005       35     0.000534     0.001754     0.001136 
   2005       36     0.000685     0.001796     0.001234 
   2005       37     0.000900     0.001915     0.001401 
   2005       38     0.000810     0.002199     0.001491 
   2005       39     0.000944     0.002120     0.001519 
   2005       40     0.001037     0.002471     0.001735 
   2005       41     0.001105     0.002213     0.001647 
   2005       42     0.001205     0.002478     0.001830 
   2005       43     0.001089     0.002975     0.002008 
   2005       44     0.001456     0.002583     0.002006 
   2005       45     0.001579     0.002751     0.002153 
   2005       46     0.001426     0.003388     0.002382 
   2005       47     0.002070     0.003956     0.002988 
   2005       48     0.002273     0.004369     0.003293 
   2005       49     0.002175     0.004062     0.003091 
   2005       50     0.002714     0.004410     0.003538 
   2005       51     0.002697     0.004939     0.003790 
   2005       52     0.003227     0.005492     0.004329 
   2005       53     0.003392     0.005961     0.004631 
   2005       54     0.003461     0.006311     0.004845 
   2005       55     0.003517     0.006846     0.005147 
   2005       56     0.004467     0.007637     0.006005 
   2005       57     0.004632     0.008968     0.006721 
   2005       58     0.005635     0.010612     0.008027 
   2005       59     0.006056     0.010907     0.008399 
   2005       60     0.006752     0.011986     0.009281 
   2005       61     0.006943     0.013174     0.009931 
   2005       62     0.008297     0.014316     0.011144 
   2005       63     0.008444     0.015557     0.011737 
   2005       64     0.010584     0.017824     0.013958 
   2005       65     0.010458     0.018740     0.014363 
   2005       66     0.011143     0.020338     0.015427 
   2005       67     0.012738     0.022034     0.017041 
   2005       68     0.014080     0.022339     0.017867 
   2005       69     0.013140     0.025929     0.018958 
   2005       70     0.016372     0.030967     0.023028 
   2005       71     0.019431     0.033520     0.025765 
   2005       72     0.022723     0.039556     0.030149 
   2005       73     0.022084     0.041168     0.030403 
   2005       74     0.028725     0.044811     0.035758 
   2005       75     0.029255     0.049932     0.038287 
   2005       76     0.030615     0.047401     0.037746 
   2005       77     0.036456     0.060318     0.046367 
   2005       78     0.038645     0.063559     0.048958 
   2005       79     0.044693     0.064084     0.052656 
   2005       80     0.055254     0.077614     0.064383 
   2005       81     0.057709     0.080425     0.066939 
   2005       82     0.065371     0.094073     0.076698 
   2005       83     0.074859     0.102383     0.085285 
   2005       84     0.081213     0.116287     0.094283 
   2005       85     0.088685     0.112727     0.097556 
   2005       86     0.093095     0.114192     0.100610 
   2005       87     0.117049     0.137330     0.124056 
   2005       88     0.126369     0.159065     0.137476 
   2005       89     0.129580     0.138378     0.132649 
   2005       90     0.131866     0.135844     0.133275 
   2005       91     0.150933     0.148244     0.150022 
   2005       92     0.165142     0.165927     0.165398 
   2005       93     0.185983     0.180803     0.184348 
   2005       94     0.211945     0.217185     0.213535 
   2005       95     0.229631     0.241570     0.233047 
   2005       96     0.241262     0.249360     0.243460 
   2005       97     0.269617     0.309203     0.279811 
   2005       98     0.296455     0.269475     0.290002 
   2005       99     0.323465     0.325138     0.323834 
   2005      100     0.393620     0.461620     0.407631 
   2005      101     0.283117     0.432640     0.312095 
   2005      102     0.497671     0.479164     0.494337 
   2005      103     0.420610     0.545455     0.442073 
   2005      104     0.380437     0.536073     0.405204 
   2005      105     0.537631     0.670455     0.555255 
   2005      106     0.609888     1.282828     0.666290 
   2005      107     0.702468     6.000000     0.765326 
   2005      108     0.893895            .     0.893895 
   2005      109     1.480349            .     1.480349 
   2005      110+    6.000000            .     6.000000 
