Bulgaria, Exposure to risk (period 5x1)     Last modified: 18-Apr-2012, MPv5 (May07)

   Year      Age       Female          Male         Total
   1947        0        75500.82     79559.90    155060.72 
   1947      1-4       252843.99    262613.20    515457.18 
   1947      5-9       295143.00    306682.41    601825.41 
   1947     10-14      333767.87    347072.47    680840.34 
   1947     15-19      343770.12    354696.45    698466.57 
   1947     20-24      358994.76    365117.14    724111.89 
   1947     25-29      271331.24    269814.24    541145.48 
   1947     30-34      237488.72    239338.04    476826.76 
   1947     35-39      265917.56    274972.83    540890.38 
   1947     40-44      239639.21    247560.85    487200.06 
   1947     45-49      196641.82    199573.87    396215.69 
   1947     50-54      151893.93    149984.54    301878.47 
   1947     55-59      148314.70    115146.81    263461.51 
   1947     60-64      136954.64    121400.92    258355.57 
   1947     65-69       95062.59     85531.35    180593.94 
   1947     70-74       56745.58     49202.39    105947.97 
   1947     75-79       35060.19     32851.30     67911.49 
   1947     80-84       17799.75     17224.09     35023.84 
   1947     85-89        8653.30      7902.39     16555.69 
   1947     90-94        2897.43      2508.97      5406.40 
   1947     95-99        1029.63       881.71      1911.34 
   1947    100-104        238.95       211.12       450.07 
   1947    105-109         48.73        42.03        90.76 
   1947    110+             4.50         3.23         7.73 
   1948        0        77189.27     81210.41    158399.68 
   1948      1-4       259555.73    270256.20    529811.93 
   1948      5-9       295701.47    306655.83    602357.30 
   1948     10-14      321333.65    333151.65    654485.30 
   1948     15-19      342186.39    353747.77    695934.16 
   1948     20-24      355398.57    364205.98    719604.55 
   1948     25-29      307482.49    304961.95    612444.44 
   1948     30-34      217463.13    218812.11    436275.24 
   1948     35-39      262898.55    270317.59    533216.13 
   1948     40-44      245302.98    253075.01    498377.99 
   1948     45-49      203625.66    206362.35    409988.01 
   1948     50-54      160410.05    159232.56    319642.61 
   1948     55-59      144584.86    114065.56    258650.41 
   1948     60-64      138538.49    119633.67    258172.15 
   1948     65-69       99764.65     89902.07    189666.72 
   1948     70-74       59911.58     51472.93    111384.51 
   1948     75-79       33754.86     31435.05     65189.91 
   1948     80-84       17518.36     17016.40     34534.76 
   1948     85-89        8555.51      7837.15     16392.66 
   1948     90-94        2716.88      2393.66      5110.54 
   1948     95-99         910.18       820.17      1730.36 
   1948    100-104        219.60       194.66       414.26 
   1948    105-109         44.14        39.37        83.51 
   1948    110+             4.65         3.27         7.92 
   1949        0        79181.80     83526.38    162708.18 
   1949      1-4       270131.81    281506.49    551638.30 
   1949      5-9       296845.35    307852.37    604697.72 
   1949     10-14      307343.00    317545.03    624888.03 
   1949     15-19      341470.72    353273.21    694743.93 
   1949     20-24      350390.08    360376.48    710766.56 
   1949     25-29      331095.03    328114.94    659209.97 
   1949     30-34      209818.82    210169.07    419987.88 
   1949     35-39      260282.07    267642.49    527924.56 
   1949     40-44      249071.05    256468.22    505539.27 
   1949     45-49      212089.88    215817.42    427907.29 
   1949     50-54      167850.84    165982.34    333833.17 
   1949     55-59      140752.77    116171.55    256924.33 
   1949     60-64      139921.37    117257.25    257178.62 
   1949     65-69      105094.66     93939.38    199034.04 
   1949     70-74       63524.78     53784.21    117308.99 
   1949     75-79       32840.99     29915.19     62756.18 
   1949     80-84       17232.75     16857.50     34090.25 
   1949     85-89        8725.68      8060.05     16785.73 
   1949     90-94        2605.08      2315.88      4920.96 
   1949     95-99         850.95       776.42      1627.37 
   1949    100-104        195.90       167.22       363.12 
   1949    105-109         37.98        35.08        73.06 
   1949    110+             3.85         2.49         6.34 
   1950        0        81537.07     86139.12    167676.19 
   1950      1-4       281817.50    293613.62    575431.12 
   1950      5-9       299340.13    310546.17    609886.30 
   1950     10-14      296420.15    305570.55    601990.70 
   1950     15-19      339174.92    349657.59    688832.51 
   1950     20-24      343799.52    352582.63    696382.15 
   1950     25-29      341501.76    340980.64    682482.40 
   1950     30-34      208415.08    207721.77    416136.86 
   1950     35-39      263899.23    270953.60    534852.83 
   1950     40-44      253188.67    260812.69    514001.36 
   1950     45-49      217444.38    222896.07    440340.44 
   1950     50-54      176566.15    174228.63    350794.78 
   1950     55-59      139447.64    123247.25    262694.89 
   1950     60-64      139569.26    110654.73    250223.99 
   1950     65-69      111105.67     99209.86    210315.53 
   1950     70-74       69268.51     57987.04    127255.55 
   1950     75-79       32572.31     28976.89     61549.20 
   1950     80-84       18670.44     17947.84     36618.28 
   1950     85-89        8871.18      8215.15     17086.33 
   1950     90-94        3028.89      2657.08      5685.96 
   1950     95-99         808.51       750.79      1559.31 
   1950    100-104        202.73       178.76       381.49 
   1950    105-109         31.60        31.64        63.24 
   1950    110+             2.55         1.78         4.33 
   1951        0        76835.35     80975.93    157811.27 
   1951      1-4       290224.58    302743.37    592967.95 
   1951      5-9       306103.41    317514.74    623618.15 
   1951     10-14      290987.94    299783.48    590771.42 
   1951     15-19      333534.69    342093.71    675628.41 
   1951     20-24      336526.97    344198.46    680725.43 
   1951     25-29      345543.17    347941.52    693484.69 
   1951     30-34      227011.83    226537.24    453549.06 
   1951     35-39      253963.08    258527.65    512490.73 
   1951     40-44      254594.96    263049.96    517644.92 
   1951     45-49      222439.36    229381.15    451820.51 
   1951     50-54      184938.62    182876.15    367814.77 
   1951     55-59      141258.09    130964.66    272222.75 
   1951     60-64      137365.08    105644.92    243010.00 
   1951     65-69      116399.90    102161.12    218561.02 
   1951     70-74       74203.30     62569.96    136773.26 
   1951     75-79       34878.57     29505.96     64384.53 
   1951     80-84       20366.77     19009.42     39376.19 
   1951     85-89        8736.54      8048.48     16785.02 
   1951     90-94        3428.70      3001.82      6430.52 
   1951     95-99         870.88       751.70      1622.58 
   1951    100-104        221.49       196.33       417.82 
   1951    105-109         26.67        28.46        55.13 
   1951    110+             1.58         1.46         3.04 
   1952        0        70213.61     73768.27    143981.88 
   1952      1-4       291579.24    304354.38    595933.62 
   1952      5-9       314970.60    326815.42    641786.03 
   1952     10-14      287924.79    296775.85    584700.64 
   1952     15-19      325881.15    332649.54    658530.69 
   1952     20-24      331655.97    339508.62    671164.59 
   1952     25-29      345643.63    349521.94    695165.57 
   1952     30-34      261729.49    261533.45    523262.94 
   1952     35-39      228880.21    231414.63    460294.84 
   1952     40-44      256252.99    264844.09    521097.08 
   1952     45-49      230803.93    238002.46    468806.39 
   1952     50-54      189618.13    187994.20    377612.33 
   1952     55-59      147837.20    139697.64    287534.84 
   1952     60-64      134453.42    104505.40    238958.82 
   1952     65-69      119130.96    100998.58    220129.54 
   1952     70-74       77194.83     66257.30    143452.13 
   1952     75-79       38465.37     31669.20     70134.57 
   1952     80-84       20557.06     18911.48     39468.54 
   1952     85-89        8446.41      7759.31     16205.72 
   1952     90-94        3428.21      2980.28      6408.49 
   1952     95-99         921.75       754.77      1676.52 
   1952    100-104        212.02       180.32       392.34 
   1952    105-109         22.46        24.80        47.25 
   1952    110+             0.54         1.62         2.16 
   1953        0        70620.77     74477.57    145098.34 
   1953      1-4       286790.14    299452.69    586242.83 
   1953      5-9       324761.64    337069.46    661831.10 
   1953     10-14      288229.43    296982.66    585212.09 
   1953     15-19      314050.52    319512.92    633563.44 
   1953     20-24      330878.19    338455.16    669333.35 
   1953     25-29      343134.52    349101.43    692235.95 
   1953     30-34      296582.04    295593.75    592175.79 
   1953     35-39      209962.50    211966.78    421929.28 
   1953     40-44      253487.37    260740.89    514228.27 
   1953     45-49      236365.27    243564.71    479929.99 
   1953     50-54      196087.50    195221.15    391308.65 
   1953     55-59      155760.20    147983.68    303743.88 
   1953     60-64      131426.05    103926.42    235352.47 
   1953     65-69      120708.46     99936.07    220644.53 
   1953     70-74       80894.16     69797.71    150691.86 
   1953     75-79       42020.27     34423.25     76443.52 
   1953     80-84       20460.65     18692.39     39153.03 
   1953     85-89        8183.51      7580.98     15764.49 
   1953     90-94        3335.43      2872.43      6207.86 
   1953     95-99         861.91       713.45      1575.37 
   1953    100-104        200.80       157.76       358.56 
   1953    105-109         22.80        17.73        40.53 
   1953    110+             0.30         0.82         1.12 
   1954        0        69467.11     73380.33    142847.43 
   1954      1-4       282277.86    294804.83    577082.69 
   1954      5-9       336711.33    349401.73    686113.06 
   1954     10-14      289967.76    299328.83    589296.58 
   1954     15-19      300928.82    305479.08    606407.91 
   1954     20-24      331240.32    337932.88    669173.20 
   1954     25-29      338969.92    345620.60    684590.52 
   1954     30-34      319821.32    318400.69    638222.01 
   1954     35-39      202590.80    203564.22    406155.02 
   1954     40-44      251362.57    258755.72    510118.29 
   1954     45-49      240364.56    247192.58    487557.14 
   1954     50-54      203733.64    204841.98    408575.63 
   1954     55-59      162442.23    154094.00    316536.23 
   1954     60-64      129177.40    105966.20    235143.60 
   1954     65-69      122689.84     98970.73    221660.57 
   1954     70-74       85410.23     73146.72    158556.95 
   1954     75-79       45649.72     36825.90     82475.62 
   1954     80-84       20770.89     18444.12     39215.00 
   1954     85-89        8100.58      7584.70     15685.28 
   1954     90-94        3387.32      2911.60      6298.91 
   1954     95-99         813.78       673.00      1486.78 
   1954    100-104        199.18       148.10       347.28 
   1954    105-109         23.94        11.14        35.08 
   1954    110+             0.36         0.05         0.41 
   1955        0        68573.24     72009.15    140582.39 
   1955      1-4       274711.71    286789.76    561501.47 
   1955      5-9       348186.58    361522.99    709709.57 
   1955     10-14      293752.42    303633.69    597386.11 
   1955     15-19      290604.35    295047.31    585651.66 
   1955     20-24      330245.04    334917.49    665162.53 
   1955     25-29      332790.10    338824.99    671615.09 
   1955     30-34      330510.83    329991.29    660502.12 
   1955     35-39      201979.99    201953.79    403933.78 
   1955     40-44      254683.99    261713.41    516397.40 
   1955     45-49      244241.91    251325.87    495567.77 
   1955     50-54      208891.48    212358.44    421249.92 
   1955     55-59      169907.27    161588.91    331496.18 
   1955     60-64      130282.68    112228.00    242510.69 
   1955     65-69      121997.82     94711.55    216709.37 
   1955     70-74       90246.70     76804.30    167051.01 
   1955     75-79       49906.70     39664.49     89571.18 
   1955     80-84       21073.82     18074.54     39148.36 
   1955     85-89        8822.19      8105.15     16927.34 
   1955     90-94        3325.90      2891.62      6217.52 
   1955     95-99         936.90       762.82      1699.72 
   1955    100-104        185.64       143.14       328.78 
   1955    105-109         27.72        13.11        40.83 
   1955    110+             0.06         0.00         0.06 
   1956        0        68628.66     71870.42    140499.08 
   1956      1-4       268116.40    279542.24    547658.64 
   1956      5-9       351018.80    364858.34    715877.14 
   1956     10-14      302398.62    312431.27    614829.90 
   1956     15-19      285014.80    290269.21    575284.01 
   1956     20-24      326033.48    328085.52    654118.99 
   1956     25-29      326540.70    331817.57    658358.26 
   1956     30-34      334943.72    335749.70    670693.42 
   1956     35-39      220427.64    220788.60    441216.23 
   1956     40-44      245106.61    249897.46    495004.07 
   1956     45-49      245683.73    253562.26    499246.00 
   1956     50-54      213866.18    219277.48    433143.66 
   1956     55-59      177049.86    169463.39    346513.25 
   1956     60-64      134517.98    119374.86    253892.84 
   1956     65-69      119485.86     91664.92    211150.78 
   1956     70-74       94156.21     78350.18    172506.39 
   1956     75-79       53583.04     42719.61     96302.65 
   1956     80-84       22087.64     18212.93     40300.58 
   1956     85-89        9644.04      8605.86     18249.90 
   1956     90-94        3120.89      2704.89      5825.78 
   1956     95-99        1050.66       838.93      1889.59 
   1956    100-104        204.53       153.36       357.90 
   1956    105-109         33.97        18.08        52.06 
   1956    110+             0.18         0.00         0.18 
   1957        0        67278.54     70340.61    137619.15 
   1957      1-4       264873.83    276334.40    541208.23 
   1957      5-9       350157.35    363915.28    714072.63 
   1957     10-14      312478.96    322961.83    635440.79 
   1957     15-19      282434.54    288735.95    571170.48 
   1957     20-24      319669.65    319989.98    639659.63 
   1957     25-29      323405.52    328392.57    651798.09 
   1957     30-34      336388.94    338498.25    674887.19 
   1957     35-39      254328.85    255053.80    509382.66 
   1957     40-44      221781.95    224709.35    446491.30 
   1957     45-49      247908.75    255674.74    503583.49 
   1957     50-54      221945.28    227923.95    449869.23 
   1957     55-59      181534.64    175011.96    356546.60 
   1957     60-64      141239.37    127150.72    268390.09 
   1957     65-69      117723.45     91283.34    209006.79 
   1957     70-74       96569.96     77831.16    174401.12 
   1957     75-79       56286.01     45675.70    101961.71 
   1957     80-84       23455.75     19081.77     42537.53 
   1957     85-89        9816.23      8667.00     18483.22 
   1957     90-94        2989.06      2563.43      5552.49 
   1957     95-99        1028.49       820.39      1848.88 
   1957    100-104        223.00       169.20       392.20 
   1957    105-109         37.81        22.57        60.38 
   1957    110+             0.58         0.00         0.58 
   1958        0        65679.43     68613.69    134293.12 
   1958      1-4       260340.75    271713.42    532054.17 
   1958      5-9       351052.71    365188.07    716240.77 
   1958     10-14      322299.60    333371.20    655670.80 
   1958     15-19      283419.02    290330.06    573749.08 
   1958     20-24      309633.13    310008.02    619641.15 
   1958     25-29      324154.43    328806.95    652961.38 
   1958     30-34      336272.66    340167.44    676440.11 
   1958     35-39      288816.90    288664.72    577481.62 
   1958     40-44      204930.36    207076.13    412006.49 
   1958     45-49      245946.08    252429.91    498375.99 
   1958     50-54      228166.96    233903.40    462070.36 
   1958     55-59      187731.71    182833.51    370565.22 
   1958     60-64      148071.05    134455.80    282526.85 
   1958     65-69      116173.22     90822.80    206996.02 
   1958     70-74       98872.12     78344.57    177216.69 
   1958     75-79       59371.36     48787.88    108159.24 
   1958     80-84       24932.82     20253.44     45186.26 
   1958     85-89        9894.97      8736.25     18631.22 
   1958     90-94        2977.75      2627.85      5605.60 
   1958     95-99        1009.50       796.97      1806.48 
   1958    100-104        218.51       176.59       395.09 
   1958    105-109         41.50        27.92        69.42 
   1958    110+             2.00         0.28         2.28 
   1959        0        64807.58     68149.38    132956.96 
   1959      1-4       257844.03    268894.63    526738.66 
   1959      5-9       346480.49    360716.76    707197.25 
   1959     10-14      333824.76    345359.08    679183.84 
   1959     15-19      286218.80    294369.03    580587.83 
   1959     20-24      297792.09    298842.12    596634.21 
   1959     25-29      326377.54    330275.55    656653.09 
   1959     30-34      333676.42    338451.65    672128.07 
   1959     35-39      313207.81    312113.10    625320.91 
   1959     40-44      198058.67    199067.41    397126.08 
   1959     45-49      245072.29    251651.92    496724.21 
   1959     50-54      232712.15    237812.92    470525.07 
   1959     55-59      195252.29    192559.15    387811.44 
   1959     60-64      153054.62    139416.48    292471.10 
   1959     65-69      115243.20     92093.96    207337.16 
   1959     70-74      100669.79     78128.75    178798.54 
   1959     75-79       62329.99     51115.38    113445.37 
   1959     80-84       26493.59     21203.37     47696.97 
   1959     85-89        9887.08      8538.55     18425.63 
   1959     90-94        2957.48      2641.94      5599.42 
   1959     95-99         974.54       791.56      1766.11 
   1959    100-104        207.01       175.73       382.74 
   1959    105-109         44.27        34.17        78.45 
   1959    110+             3.79         0.95         4.74 
   1960        0        65301.78     69050.93    134352.70 
   1960      1-4       257144.68    268543.76    525688.44 
   1960      5-9       337171.45    350999.87    688171.33 
   1960     10-14      345459.19    357814.47    703273.66 
   1960     15-19      290935.54    299977.91    590913.45 
   1960     20-24      288518.94    290755.11    579274.06 
   1960     25-29      326959.45    329548.42    656507.87 
   1960     30-34      329094.83    333759.82    662854.65 
   1960     35-39      325317.42    324342.08    649659.51 
   1960     40-44      197301.40    197033.90    394335.30 
   1960     45-49      249912.51    256118.64    506031.15 
   1960     50-54      237528.48    242422.52    479951.00 
   1960     55-59      200358.43    200138.84    400497.27 
   1960     60-64      159772.34    146482.94    306255.28 
   1960     65-69      117006.63     96879.93    213886.57 
   1960     70-74      100603.35     75275.67    175879.02 
   1960     75-79       65638.36     53563.71    119202.07 
   1960     80-84       29176.55     22955.43     52131.98 
   1960     85-89        9980.97      8283.62     18264.60 
   1960     90-94        3246.79      2854.69      6101.48 
   1960     95-99         930.91       775.14      1706.05 
   1960    100-104        232.73       189.94       422.66 
   1960    105-109         43.88        34.94        78.82 
   1960    110+             6.30         2.49         8.79 
   1961        0        65535.50     69512.33    135047.83 
   1961      1-4       255969.00    267986.67    523955.67 
   1961      5-9       331443.33    345201.17    676644.50 
   1961     10-14      349384.00    362579.83    711963.83 
   1961     15-19      300335.00    309667.67    610002.67 
   1961     20-24      283560.17    287591.83    571152.00 
   1961     25-29      324387.50    325214.50    649602.00 
   1961     30-34      324025.67    328355.67    652381.33 
   1961     35-39      331459.83    331252.67    662712.50 
   1961     40-44      214930.33    214843.17    429773.50 
   1961     45-49      242912.83    246718.83    489631.67 
   1961     50-54      239580.00    245222.83    484802.83 
   1961     55-59      205744.50    207426.33    413170.83 
   1961     60-64      166805.17    154480.50    321285.67 
   1961     65-69      121525.17    103310.67    224835.83 
   1961     70-74       99401.17     73207.50    172608.67 
   1961     75-79       69277.83     55452.17    124730.00 
   1961     80-84       32146.08     25066.41     57212.49 
   1961     85-89       10722.39      8494.92     19217.31 
   1961     90-94        3697.96      3177.14      6875.10 
   1961     95-99         929.97       749.81      1679.77 
   1961    100-104        260.96       205.35       466.31 
   1961    105-109         47.78        34.51        82.29 
   1961    110+             6.85         3.53        10.38 
   1962        0        64489.17     68057.33    132546.50 
   1962      1-4       255202.83    268211.83    523414.67 
   1962      5-9       328411.17    342283.50    670694.67 
   1962     10-14      349146.83    362412.00    711558.83 
   1962     15-19      310963.00    320815.00    631778.00 
   1962     20-24      281208.00    286720.00    567928.00 
   1962     25-29      318825.33    318335.00    637160.33 
   1962     30-34      321384.83    325486.17    646871.00 
   1962     35-39      333868.83    334958.33    668827.17 
   1962     40-44      249162.67    249239.33    498402.00 
   1962     45-49      219952.33    221783.67    441736.00 
   1962     50-54      242609.17    248138.00    490747.17 
   1962     55-59      214065.67    216249.50    430315.17 
   1962     60-64      171156.33    160009.50    331165.83 
   1962     65-69      127696.67    110162.00    237858.67 
   1962     70-74       98579.33     73050.67    171630.00 
   1962     75-79       70847.00     55035.50    125882.50 
   1962     80-84       34267.09     26723.76     60990.85 
   1962     85-89       11325.45      8888.30     20213.75 
   1962     90-94        3715.78      3158.23      6874.01 
   1962     95-99         911.01       714.05      1625.06 
   1962    100-104        238.51       191.53       430.04 
   1962    105-109         45.32        32.81        78.13 
   1962    110+             4.68         3.34         8.02 
   1963        0        63266.33     66579.17    129845.50 
   1963      1-4       255016.50    268800.83    523817.33 
   1963      5-9       322399.00    336075.33    658474.33 
   1963     10-14      350410.33    364058.00    714468.33 
   1963     15-19      320842.17    331239.00    652081.17 
   1963     20-24      282251.83    288270.67    570522.50 
   1963     25-29      308750.83    308312.00    617062.83 
   1963     30-34      322222.67    325994.17    648216.83 
   1963     35-39      333900.33    336756.83    670657.17 
   1963     40-44      284669.83    283653.50    568323.33 
   1963     45-49      202283.33    203404.83    405688.17 
   1963     50-54      240934.17    245141.67    486075.83 
   1963     55-59      220315.00    222211.50    442526.50 
   1963     60-64      177086.33    167593.33    344679.67 
   1963     65-69      133964.67    116506.83    250471.50 
   1963     70-74       97406.83     72809.67    170216.50 
   1963     75-79       72109.00     54882.33    126991.33 
   1963     80-84       36532.23     28395.97     64928.20 
   1963     85-89       11747.40      9245.65     20993.05 
   1963     90-94        3613.97      3059.39      6673.37 
   1963     95-99         864.66       705.86      1570.52 
   1963    100-104        205.13       163.12       368.25 
   1963    105-109         34.08        24.56        58.64 
   1963    110+             2.48         1.78         4.26 
   1964        0        62479.00     66015.00    128494.00 
   1964      1-4       254173.67    268008.83    522182.50 
   1964      5-9       319424.50    333274.67    652699.17 
   1964     10-14      345954.33    359767.50    705721.83 
   1964     15-19      332591.50    343430.00    676021.50 
   1964     20-24      285104.67    292306.67    577411.33 
   1964     25-29      296845.83    297045.00    593890.83 
   1964     30-34      324566.83    327605.50    652172.33 
   1964     35-39      331563.33    335198.17    666761.50 
   1964     40-44      309818.00    307652.50    617470.50 
   1964     45-49      195381.00    195395.50    390776.50 
   1964     50-54      239888.83    244165.50    484054.33 
   1964     55-59      225131.67    226286.83    451418.50 
   1964     60-64      184642.50    177224.17    361866.67 
   1964     65-69      138829.33    121264.17    260093.50 
   1964     70-74       97156.83     74150.83    171307.67 
   1964     75-79       74071.50     55227.33    129298.83 
   1964     80-84       38969.03     30089.33     69058.36 
   1964     85-89       12584.95      9730.46     22315.41 
   1964     90-94        3605.83      3037.81      6643.64 
   1964     95-99         875.63       725.33      1600.97 
   1964    100-104        206.29       160.36       366.65 
   1964    105-109         28.88        17.87        46.75 
   1964    110+             1.92         0.47         2.38 
   1965        0        62809.33     66470.50    129279.83 
   1965      1-4       250020.83    263377.67    513398.50 
   1965      5-9       320457.17    335039.17    655496.33 
   1965     10-14      336663.67    350928.83    687592.50 
   1965     15-19      342265.33    353373.00    695638.33 
   1965     20-24      288848.00    295015.00    583863.00 
   1965     25-29      287101.33    288813.17    575914.50 
   1965     30-34      324963.67    328990.00    653953.67 
   1965     35-39      326362.00    331149.50    657511.50 
   1965     40-44      322571.33    320941.83    643513.17 
   1965     45-49      194029.33    193483.50    387512.83 
   1965     50-54      244164.50    249458.67    493623.17 
   1965     55-59      231916.83    230990.00    462906.83 
   1965     60-64      191574.17    185486.67    377060.83 
   1965     65-69      145184.50    129371.00    274555.50 
   1965     70-74       99321.83     78365.50    177687.33 
   1965     75-79       74583.50     53504.67    128088.17 
   1965     80-84       41514.96     31938.23     73453.19 
   1965     85-89       14155.38     10589.76     24745.15 
   1965     90-94        3760.47      3020.12      6780.60 
   1965     95-99         997.29       819.02      1816.32 
   1965    100-104        211.64       171.15       382.79 
   1965    105-109         32.29        20.37        52.65 
   1965    110+             2.16         0.57         2.74 
   1966        0        60902.50     64533.33    125435.83 
   1966      1-4       246289.00    259045.50    505334.50 
   1966      5-9       319363.50    334681.83    654045.33 
   1966     10-14      332430.33    347300.17    679730.50 
   1966     15-19      344138.00    355227.00    699365.00 
   1966     20-24      296366.33    301869.33    598235.67 
   1966     25-29      282116.67    284887.83    567004.50 
   1966     30-34      321900.83    326697.83    648598.67 
   1966     35-39      320999.33    326852.00    647851.33 
   1966     40-44      328604.50    328527.33    657131.83 
   1966     45-49      211782.67    211553.83    423336.50 
   1966     50-54      235964.33    240516.17    476480.50 
   1966     55-59      235859.50    234346.67    470206.17 
   1966     60-64      198856.83    193055.83    391912.67 
   1966     65-69      151979.83    138184.50    290164.33 
   1966     70-74      103179.50     83372.17    186551.67 
   1966     75-79       74337.83     52062.67    126400.50 
   1966     80-84       43739.81     33039.22     76779.03 
   1966     85-89       15765.41     11594.91     27360.32 
   1966     90-94        4076.89      3118.75      7195.64 
   1966     95-99        1131.29       924.97      2056.26 
   1966    100-104        208.97       172.58       381.55 
   1966    105-109         32.28        23.63        55.91 
   1966    110+             1.71         0.48         2.19 
   1967        0        58805.00     62232.17    121037.17 
   1967      1-4       243436.33    256344.67    499781.00 
   1967      5-9       316226.67    332060.50    648287.17 
   1967     10-14      332611.83    347221.33    679833.17 
   1967     15-19      342741.17    354221.17    696962.33 
   1967     20-24      306102.67    313348.67    619451.33 
   1967     25-29      279619.83    281848.17    561468.00 
   1967     30-34      316824.33    320477.33    637301.67 
   1967     35-39      318318.67    324048.33    642367.00 
   1967     40-44      330589.00    332104.17    662693.17 
   1967     45-49      246492.50    245717.00    492209.50 
   1967     50-54      213430.67    215892.67    429323.33 
   1967     55-59      237698.00    237386.50    475084.50 
   1967     60-64      207467.33    201124.50    408591.83 
   1967     65-69      156064.17    142577.33    298641.50 
   1967     70-74      108687.50     89125.83    197813.33 
   1967     75-79       73664.67     51841.00    125505.67 
   1967     80-84       44534.03     32665.30     77199.32 
   1967     85-89       16825.59     12331.76     29157.35 
   1967     90-94        4229.95      3276.13      7506.08 
   1967     95-99        1134.11       937.06      2071.18 
   1967    100-104        201.41       170.89       372.30 
   1967    105-109         25.96        23.04        49.00 
   1967    110+             0.83         0.00         0.83 
   1968        0        63456.67     66820.83    130277.50 
   1968      1-4       239639.50    252861.50    492501.00 
   1968      5-9       313539.17    329665.67    643204.83 
   1968     10-14      329963.83    343987.50    673951.33 
   1968     15-19      342403.17    355463.67    697866.83 
   1968     20-24      315438.00    323534.67    638972.67 
   1968     25-29      280337.33    281803.67    562141.00 
   1968     30-34      307204.67    310421.50    617626.17 
   1968     35-39      319164.67    324561.67    643726.33 
   1968     40-44      330259.67    333694.83    663954.50 
   1968     45-49      282027.17    279803.67    561830.83 
   1968     50-54      196530.17    197705.33    394235.50 
   1968     55-59      234548.50    234433.50    468982.00 
   1968     60-64      213434.83    206160.33    419595.17 
   1968     65-69      161980.33    148387.33    310367.67 
   1968     70-74      114448.50     95276.50    209725.00 
   1968     75-79       72852.67     51684.33    124537.00 
   1968     80-84       44942.37     32338.20     77280.57 
   1968     85-89       17741.90     12946.13     30688.03 
   1968     90-94        4278.23      3344.15      7622.38 
   1968     95-99        1088.47       912.06      2000.53 
   1968    100-104        191.19       175.91       367.11 
   1968    105-109         20.77        22.21        42.98 
   1968    110+             0.04         0.17         0.21 
   1969        0        67994.50     71393.67    139388.17 
   1969      1-4       241948.17    255185.00    497133.17 
   1969      5-9       310335.67    326518.50    636854.17 
   1969     10-14      326796.67    340460.17    667256.83 
   1969     15-19      338901.83    353143.00    692044.83 
   1969     20-24      327507.17    336400.83    663908.00 
   1969     25-29      282359.83    284270.50    566630.33 
   1969     30-34      295672.17    298270.00    593942.17 
   1969     35-39      321228.50    326488.50    647717.00 
   1969     40-44      327904.67    332073.33    659978.00 
   1969     45-49      306686.00    303306.50    609992.50 
   1969     50-54      189968.83    189687.50    379656.33 
   1969     55-59      232487.17    233476.67    465963.83 
   1969     60-64      217827.67    209291.33    427119.00 
   1969     65-69      169447.50    155922.50    325370.00 
   1969     70-74      118771.50     99857.33    218628.83 
   1969     75-79       72898.67     52450.33    125349.00 
   1969     80-84       45485.37     31914.02     77399.39 
   1969     85-89       18855.69     13632.33     32488.02 
   1969     90-94        4507.61      3418.79      7926.41 
   1969     95-99        1080.00       900.48      1980.47 
   1969    100-104        192.86       174.44       367.30 
   1969    105-109         21.05        22.71        43.76 
   1969    110+             0.03         0.13         0.15 
   1970        0        67096.17     70983.83    138080.00 
   1970      1-4       247744.50    260765.50    508510.00 
   1970      5-9       308179.00    324252.67    632431.67 
   1970     10-14      322571.00    336604.33    659175.33 
   1970     15-19      333077.33    347440.83    680518.17 
   1970     20-24      339270.00    349017.83    688287.83 
   1970     25-29      286261.83    288991.67    575253.50 
   1970     30-34      285947.33    287922.00    573869.33 
   1970     35-39      321906.67    326650.00    648556.67 
   1970     40-44      323092.33    327176.17    650268.50 
   1970     45-49      318477.83    315190.50    633668.33 
   1970     50-54      189541.33    187698.17    377239.50 
   1970     55-59      236429.17    237956.33    474385.50 
   1970     60-64      222368.17    212965.67    435333.83 
   1970     65-69      175190.50    161831.17    337021.67 
   1970     70-74      123592.00    105100.33    228692.33 
   1970     75-79       74239.33     55027.33    129266.67 
   1970     80-84       45557.47     30485.29     76042.76 
   1970     85-89       19645.13     14191.40     33836.52 
   1970     90-94        5034.72      3580.27      8614.98 
   1970     95-99        1091.47       873.96      1965.43 
   1970    100-104        220.22       193.09       413.30 
   1970    105-109         21.78        23.58        45.36 
   1970    110+             0.34         0.30         0.64 
   1971        0        65492.83     69664.83    135157.67 
   1971      1-4       253541.00    266684.33    520225.33 
   1971      5-9       304526.50    320289.17    624815.67 
   1971     10-14      317763.00    332582.33    650345.33 
   1971     15-19      330708.83    344900.67    675609.50 
   1971     20-24      342130.00    352143.00    694273.00 
   1971     25-29      294696.00    299020.67    593716.67 
   1971     30-34      280426.17    282047.00    562473.17 
   1971     35-39      319619.33    323084.50    642703.83 
   1971     40-44      317658.00    321821.50    639479.50 
   1971     45-49      324110.83    321565.67    645676.50 
   1971     50-54      207489.67    204841.33    412331.00 
   1971     55-59      228958.00    229093.17    458051.17 
   1971     60-64      224270.83    215650.17    439921.00 
   1971     65-69      181529.00    168059.00    349588.00 
   1971     70-74      128568.17    110319.33    238887.50 
   1971     75-79       77198.50     58280.00    135478.50 
   1971     80-84       45577.22     29555.37     75132.59 
   1971     85-89       20594.81     14580.89     35175.70 
   1971     90-94        5730.08      3903.07      9633.15 
   1971     95-99        1207.89       909.75      2117.64 
   1971    100-104        249.63       216.22       465.85 
   1971    105-109         21.24        22.22        43.46 
   1971    110+             0.23         0.54         0.77 
   1972        0        63824.17     67738.50    131562.67 
   1972      1-4       259928.50    273725.00    533653.50 
   1972      5-9       299141.67    314806.67    613948.33 
   1972     10-14      314118.00    329462.33    643580.33 
   1972     15-19      330447.17    344370.50    674817.67 
   1972     20-24      340150.83    350505.17    690656.00 
   1972     25-29      303960.00    309964.17    613924.17 
   1972     30-34      277552.83    278623.83    556176.67 
   1972     35-39      314345.17    316544.17    630889.33 
   1972     40-44      314673.17    318765.33    633438.50 
   1972     45-49      325839.00    324582.17    650421.17 
   1972     50-54      241365.17    237699.33    479064.50 
   1972     55-59      206792.33    205089.83    411882.17 
   1972     60-64      226070.83    218464.83    444535.67 
   1972     65-69      189522.00    174995.83    364517.83 
   1972     70-74      131912.00    113040.83    244952.83 
   1972     75-79       80818.33     61621.17    142439.50 
   1972     80-84       44961.23     29284.28     74245.51 
   1972     85-89       20569.03     14078.13     34647.16 
   1972     90-94        6025.93      4078.76     10104.68 
   1972     95-99        1237.28       922.47      2159.75 
   1972    100-104        242.75       200.64       443.38 
   1972    105-109         18.61        17.31        35.91 
   1972    110+             0.04         0.38         0.42 
   1973        0        64744.17     68249.00    132993.17 
   1973      1-4       260452.83    274804.00    535256.83 
   1973      5-9       299555.33    315460.67    615016.00 
   1973     10-14      311111.50    326675.67    637787.17 
   1973     15-19      327382.83    340800.67    668183.50 
   1973     20-24      339484.33    351016.83    690501.17 
   1973     25-29      312890.83    319949.83    632840.67 
   1973     30-34      277911.67    278233.00    556144.67 
   1973     35-39      304572.83    306306.83    610879.67 
   1973     40-44      315326.00    319079.33    634405.33 
   1973     45-49      325265.33    325798.83    651064.17 
   1973     50-54      276121.67    270479.83    546601.50 
   1973     55-59      190056.67    187166.00    377222.67 
   1973     60-64      222965.67    215542.33    438508.00 
   1973     65-69      194971.17    179119.33    374090.50 
   1973     70-74      136794.17    117348.50    254142.67 
   1973     75-79       84890.00     65694.83    150584.83 
   1973     80-84       44174.14     29012.34     73186.48 
   1973     85-89       20425.53     13702.37     34127.91 
   1973     90-94        6155.40      4134.63     10290.03 
   1973     95-99        1213.56       925.32      2138.88 
   1973    100-104        228.77       185.44       414.21 
   1973    105-109         15.74        14.86        30.61 
   1973    110+             0.00         0.00         0.00 
   1974        0        69157.17     72636.33    141793.50 
   1974      1-4       257741.50    272294.50    530036.00 
   1974      5-9       306098.50    322011.50    628110.00 
   1974     10-14      307849.33    323435.00    631284.33 
   1974     15-19      324074.17    337169.00    661243.17 
   1974     20-24      336100.33    347923.83    684024.17 
   1974     25-29      324733.00    333292.00    658025.00 
   1974     30-34      279793.00    280464.33    560257.33 
   1974     35-39      293077.33    294229.83    587307.17 
   1974     40-44      317441.17    320931.50    638372.67 
   1974     45-49      322866.67    324235.00    647101.67 
   1974     50-54      300186.83    292995.67    593182.50 
   1974     55-59      183832.17    179547.17    363379.33 
   1974     60-64      220890.83    214595.00    435485.83 
   1974     65-69      199095.17    181759.17    380854.33 
   1974     70-74      143420.67    123344.67    266765.33 
   1974     75-79       88118.67     68684.67    156803.33 
   1974     80-84       44446.81     29434.53     73881.34 
   1974     85-89       20574.04     13493.35     34067.39 
   1974     90-94        6342.19      4166.50     10508.69 
   1974     95-99        1248.61       917.96      2166.57 
   1974    100-104        223.66       185.70       409.36 
   1974    105-109         14.99        15.88        30.87 
   1974    110+             0.00         0.00         0.00 
   1975        0        72501.17     76461.00    148962.17 
   1975      1-4       256932.33    271562.00    528494.33 
   1975      5-9       309708.17    327138.83    636847.00 
   1975     10-14      305503.67    322061.67    627565.33 
   1975     15-19      316953.33    331161.50    648114.83 
   1975     20-24      329288.33    338172.00    667460.33 
   1975     25-29      336610.33    344110.33    680720.67 
   1975     30-34      284550.67    286059.50    570610.17 
   1975     35-39      283825.17    284474.00    568299.17 
   1975     40-44      317888.67    321344.17    639232.83 
   1975     45-49      316995.33    319184.67    636180.00 
   1975     50-54      309056.00    304169.83    613225.83 
   1975     55-59      185576.33    176846.33    362422.67 
   1975     60-64      226961.33    219642.50    446603.83 
   1975     65-69      201356.33    185377.00    386733.33 
   1975     70-74      149716.67    128273.33    277990.00 
   1975     75-79       90810.50     71631.67    162442.17 
   1975     80-84       45260.02     30608.05     75868.07 
   1975     85-89       20606.47     12751.29     33357.76 
   1975     90-94        6571.96      4315.39     10887.36 
   1975     95-99        1417.55       940.10      2357.65 
   1975    100-104        232.38       186.30       418.68 
   1975    105-109         18.00        18.89        36.88 
   1975    110+             0.00         0.00         0.00 
   1976        0        71468.00     75521.67    146989.67 
   1976      1-4       261241.00    275951.83    537192.83 
   1976      5-9       312637.00    331530.50    644167.50 
   1976     10-14      301900.67    319354.83    621255.50 
   1976     15-19      310277.67    325509.50    635787.17 
   1976     20-24      325119.17    332841.50    657960.67 
   1976     25-29      339864.00    345470.83    685334.83 
   1976     30-34      293955.67    295885.50    589841.17 
   1976     35-39      278705.17    279364.50    558069.67 
   1976     40-44      315977.67    318540.50    634518.17 
   1976     45-49      310538.17    313478.50    624016.67 
   1976     50-54      312388.83    309711.50    622100.33 
   1976     55-59      204573.17    193212.50    397785.67 
   1976     60-64      220978.33    211018.17    431996.50 
   1976     65-69      202321.50    188050.00    390371.50 
   1976     70-74      155454.83    133076.17    288531.00 
   1976     75-79       94898.67     75099.17    169997.83 
   1976     80-84       47048.56     32485.91     79534.48 
   1976     85-89       20619.72     12227.37     32847.09 
   1976     90-94        6735.31      4341.56     11076.86 
   1976     95-99        1587.24       959.91      2547.15 
   1976    100-104        265.70       190.53       456.23 
   1976    105-109         22.42        21.73        44.15 
   1976    110+             0.00         0.00         0.00 
   1977        0        68373.33     72085.17    140458.50 
   1977      1-4       269459.33    284182.50    553641.83 
   1977      5-9       317689.33    336186.33    653875.67 
   1977     10-14      296025.17    314109.50    610134.67 
   1977     15-19      309102.00    323901.33    633003.33 
   1977     20-24      323321.00    333953.50    657274.50 
   1977     25-29      337911.83    342491.83    680403.67 
   1977     30-34      303389.33    305887.00    609276.33 
   1977     35-39      275417.50    276493.00    551910.50 
   1977     40-44      311836.83    312280.33    624117.17 
   1977     45-49      307992.33    310821.83    618814.17 
   1977     50-54      315336.50    312260.33    627596.83 
   1977     55-59      235987.50    224892.67    460880.17 
   1977     60-64      197979.17    187362.50    385341.67 
   1977     65-69      206078.17    190524.83    396603.00 
   1977     70-74      160838.83    138237.33    299076.17 
   1977     75-79       98763.33     77322.17    176085.50 
   1977     80-84       49258.20     34712.31     83970.51 
   1977     85-89       20351.23     12038.94     32390.17 
   1977     90-94        6543.86      4078.80     10622.66 
   1977     95-99        1616.09       965.09      2581.18 
   1977    100-104        270.17       185.03       455.19 
   1977    105-109         23.73        20.95        44.67 
   1977    110+             0.00         0.03         0.03 
   1978        0        66019.33     69330.67    135350.00 
   1978      1-4       272998.83    287695.17    560694.00 
   1978      5-9       317742.67    335709.50    653452.17 
   1978     10-14      293769.33    312253.00    606022.33 
   1978     15-19      307278.17    322347.00    629625.17 
   1978     20-24      317222.67    330064.67    647287.33 
   1978     25-29      335415.67    338864.17    674279.83 
   1978     30-34      311574.33    314459.67    626034.00 
   1978     35-39      274421.83    275629.33    550051.17 
   1978     40-44      301652.67    300685.17    602337.83 
   1978     45-49      308706.67    311178.50    619885.17 
   1978     50-54      314746.67    312074.00    626820.67 
   1978     55-59      267683.83    255000.00    522683.83 
   1978     60-64      181062.17    169953.50    351015.67 
   1978     65-69      204029.50    186835.50    390865.00 
   1978     70-74      163690.83    141058.17    304749.00 
   1978     75-79      103142.17     80537.33    183679.50 
   1978     80-84       51158.16     36741.08     87899.24 
   1978     85-89       19931.80     11967.67     31899.48 
   1978     90-94        6365.03      3928.04     10293.07 
   1978     95-99        1584.90       952.63      2537.53 
   1978    100-104        260.86       183.17       444.03 
   1978    105-109         25.06        21.85        46.91 
   1978    110+             0.00         0.31         0.31 
   1979        0        64497.83     68111.00    132608.83 
   1979      1-4       272133.67    286332.33    558466.00 
   1979      5-9       316183.50    334286.33    650469.83 
   1979     10-14      297753.33    315597.50    613350.83 
   1979     15-19      304835.83    321077.50    625913.33 
   1979     20-24      311703.83    325574.00    637277.83 
   1979     25-29      330128.83    333445.83    663574.67 
   1979     30-34      322159.83    325054.67    647214.50 
   1979     35-39      275699.17    277181.17    552880.33 
   1979     40-44      289209.33    287609.00    576818.33 
   1979     45-49      310905.50    312501.67    623407.17 
   1979     50-54      311705.67    308940.17    620645.83 
   1979     55-59      288869.50    274677.83    563547.33 
   1979     60-64      174896.50    162276.50    337173.00 
   1979     65-69      203046.17    185521.83    388568.00 
   1979     70-74      165832.17    142876.33    308708.50 
   1979     75-79      108453.67     84594.67    193048.33 
   1979     80-84       52652.25     38163.12     90815.37 
   1979     85-89       19901.98     12200.03     32102.00 
   1979     90-94        6370.87      3819.19     10190.06 
   1979     95-99        1585.53       922.83      2508.36 
   1979    100-104        267.54       172.87       440.41 
   1979    105-109         29.69        22.11        51.80 
   1979    110+             0.27         0.47         0.74 
   1980        0        62792.00     66609.00    129401.00 
   1980      1-4       267053.33    280993.17    548046.50 
   1980      5-9       320910.17    339028.67    659938.83 
   1980     10-14      303351.50    321249.00    624600.50 
   1980     15-19      302578.67    319383.83    621962.50 
   1980     20-24      308258.83    322670.00    630928.83 
   1980     25-29      323766.50    327824.17    651590.67 
   1980     30-34      333029.67    336595.33    669625.00 
   1980     35-39      280654.00    281624.67    562278.67 
   1980     40-44      279668.00    277865.83    557533.83 
   1980     45-49      311876.33    312126.50    624002.83 
   1980     50-54      307647.50    304607.83    612255.33 
   1980     55-59      297245.50    284704.17    581949.67 
   1980     60-64      176296.00    160136.33    336432.33 
   1980     65-69      208076.00    189526.83    397602.83 
   1980     70-74      168599.83    145458.33    314058.17 
   1980     75-79      112278.83     87666.83    199945.67 
   1980     80-84       54496.27     39650.30     94146.58 
   1980     85-89       20215.52     12586.55     32802.07 
   1980     90-94        6419.47      3589.46     10008.92 
   1980     95-99        1580.79       893.23      2474.02 
   1980    100-104        294.60       157.99       452.59 
   1980    105-109         33.64        19.43        53.07 
   1980    110+             1.03         0.36         1.40 
   1981        0        60226.17     63807.17    124033.33 
   1981      1-4       259307.00    273219.50    532526.50 
   1981      5-9       328007.33    345734.00    673741.33 
   1981     10-14      309002.17    327098.83    636101.00 
   1981     15-19      298077.67    314653.33    612731.00 
   1981     20-24      305515.67    320119.50    625635.17 
   1981     25-29      320218.00    326601.83    646819.83 
   1981     30-34      335757.83    339724.00    675481.83 
   1981     35-39      289908.00    290251.83    580159.83 
   1981     40-44      274368.33    272608.67    546977.00 
   1981     45-49      310100.83    308693.33    618794.17 
   1981     50-54      302879.50    299662.83    602542.33 
   1981     55-59      301481.17    290352.00    591833.17 
   1981     60-64      194391.50    176126.50    370518.00 
   1981     65-69      200637.67    180314.67    380952.33 
   1981     70-74      170445.83    147192.17    317638.00 
   1981     75-79      115992.33     91079.00    207071.33 
   1981     80-84       56803.93     41129.02     97932.95 
   1981     85-89       21045.06     13299.25     34344.31 
   1981     90-94        6533.55      3459.54      9993.09 
   1981     95-99        1547.48       865.56      2413.03 
   1981    100-104        306.69       149.09       455.78 
   1981    105-109         34.97        17.72        52.69 
   1981    110+             0.76         0.20         0.96 
   1982        0        59333.83     62862.67    122196.50 
   1982      1-4       251979.00    265876.33    517855.33 
   1982      5-9       333382.67    350898.33    684281.00 
   1982     10-14      314302.17    332080.33    646382.50 
   1982     15-19      292486.67    309637.67    602124.33 
   1982     20-24      304964.50    318962.67    623927.17 
   1982     25-29      318537.00    327973.17    646510.17 
   1982     30-34      333974.33    336803.00    670777.33 
   1982     35-39      299521.00    300390.83    599911.83 
   1982     40-44      271275.17    269853.83    541129.00 
   1982     45-49      306109.83    302517.17    608627.00 
   1982     50-54      300529.17    297209.50    597738.67 
   1982     55-59      304402.00    292324.17    596726.17 
   1982     60-64      224595.00    205409.50    430004.50 
   1982     65-69      178863.17    158507.17    337370.33 
   1982     70-74      174053.33    149289.83    323343.17 
   1982     75-79      120114.83     94588.67    214703.50 
   1982     80-84       58548.17     41927.32    100475.48 
   1982     85-89       22079.20     14228.48     36307.68 
   1982     90-94        6393.06      3431.45      9824.50 
   1982     95-99        1459.86       800.63      2260.49 
   1982    100-104        301.55       144.01       445.55 
   1982    105-109         33.45        15.01        48.46 
   1982    110+             0.43         0.04         0.47 
   1983        0        59253.17     62382.00    121635.17 
   1983      1-4       245683.50    259879.33    505562.83 
   1983      5-9       336338.67    353719.83    690058.50 
   1983     10-14      315885.17    333392.33    649277.50 
   1983     15-19      291828.33    309573.17    601401.50 
   1983     20-24      305048.83    319042.50    624091.33 
   1983     25-29      314479.33    326086.67    640566.00 
   1983     30-34      332914.67    334693.17    667607.83 
   1983     35-39      309007.67    310036.17    619043.83 
   1983     40-44      271420.50    270079.67    541500.17 
   1983     45-49      297067.17    292065.17    589132.33 
   1983     50-54      302093.83    298559.83    600653.67 
   1983     55-59      304435.67    292403.17    596838.83 
   1983     60-64      254756.17    232380.00    487136.17 
   1983     65-69      164204.50    144112.33    308316.83 
   1983     70-74      172234.83    145548.17    317783.00 
   1983     75-79      122063.67     96032.17    218095.83 
   1983     80-84       61116.51     43221.85    104338.36 
   1983     85-89       22854.66     14943.41     37798.08 
   1983     90-94        6198.30      3383.67      9581.98 
   1983     95-99        1350.54       743.70      2094.24 
   1983    100-104        289.32       134.54       423.86 
   1983    105-109         31.47        12.66        44.14 
   1983    110+             0.92         0.00         0.92 
   1984        0        58828.00     62033.50    120861.50 
   1984      1-4       240493.67    254205.50    494699.17 
   1984      5-9       335543.50    353000.83    688544.33 
   1984     10-14      315677.67    333492.00    649169.67 
   1984     15-19      297191.33    314503.17    611694.50 
   1984     20-24      304116.17    319135.33    623251.50 
   1984     25-29      310832.67    323331.50    634164.17 
   1984     30-34      328962.00    330670.67    659632.67 
   1984     35-39      320651.50    321512.50    642164.00 
   1984     40-44      273677.83    272446.67    546124.50 
   1984     45-49      285696.17    280071.50    565767.67 
   1984     50-54      304991.83    300416.83    605408.67 
   1984     55-59      302001.67    289695.67    591697.33 
   1984     60-64      274713.00    249260.00    523973.00 
   1984     65-69      159300.67    138147.67    297448.33 
   1984     70-74      172319.00    145044.67    317363.67 
   1984     75-79      123724.50     97031.50    220756.00 
   1984     80-84       64287.64     44962.97    109250.61 
   1984     85-89       23450.25     15382.62     38832.87 
   1984     90-94        6230.14      3386.36      9616.51 
   1984     95-99        1350.04       716.52      2066.56 
   1984    100-104        273.76       123.07       396.82 
   1984    105-109         26.54        10.94        37.48 
   1984    110+             0.63         0.00         0.63 
   1985        0        59364.83     62787.50    122152.33 
   1985      1-4       235157.33    248585.00    483742.33 
   1985      5-9       327673.00    344841.83    672514.83 
   1985     10-14      320369.33    337841.00    658210.33 
   1985     15-19      300011.67    315700.17    615711.83 
   1985     20-24      298722.00    310480.33    609202.33 
   1985     25-29      309351.83    318684.50    628036.33 
   1985     30-34      323392.33    325173.83    648566.17 
   1985     35-39      332368.83    332990.00    665358.83 
   1985     40-44      278066.33    276789.67    554856.00 
   1985     45-49      275493.17    270582.17    546075.33 
   1985     50-54      306208.17    300317.33    606525.50 
   1985     55-59      299008.33    285958.67    584967.00 
   1985     60-64      286220.00    259192.33    545412.33 
   1985     65-69      159110.83    138269.83    297380.67 
   1985     70-74      177712.83    149465.17    327178.00 
   1985     75-79      127318.17     99045.00    226363.17 
   1985     80-84       66973.71     46476.20    113449.91 
   1985     85-89       24386.11     15967.13     40353.24 
   1985     90-94        6415.68      3478.22      9893.90 
   1985     95-99        1447.47       654.12      2101.59 
   1985    100-104        266.71       115.92       382.63 
   1985    105-109         24.69         9.02        33.71 
   1985    110+             0.16         0.00         0.16 
   1986        0        59167.33     61992.67    121160.00 
   1986      1-4       232920.67    246367.50    479288.17 
   1986      5-9       316598.83    333483.67    650082.50 
   1986     10-14      327063.00    343842.83    670905.83 
   1986     15-19      303924.83    318610.00    622534.83 
   1986     20-24      290359.00    298577.50    588936.50 
   1986     25-29      307659.83    313876.67    621536.50 
   1986     30-34      320995.00    323068.17    644063.17 
   1986     35-39      335919.33    336068.17    671987.50 
   1986     40-44      287076.00    285449.33    572525.33 
   1986     45-49      269980.17    265539.50    535519.67 
   1986     50-54      303683.00    296527.83    600210.83 
   1986     55-59      296027.17    282311.33    578338.50 
   1986     60-64      292791.83    265308.00    558099.83 
   1986     65-69      175971.83    153771.00    329742.83 
   1986     70-74      170810.00    142133.17    312943.17 
   1986     75-79      130508.67    100651.50    231160.17 
   1986     80-84       69986.11     48394.66    118380.77 
   1986     85-89       25100.10     16305.19     41405.28 
   1986     90-94        6516.90      3604.75     10121.65 
   1986     95-99        1449.55       613.37      2062.92 
   1986    100-104        249.65       105.47       355.12 
   1986    105-109         24.10         6.73        30.83 
   1986    110+             0.07         0.00         0.07 
   1987        0        57156.83     59660.33    116817.17 
   1987      1-4       233282.50    245753.00    479035.50 
   1987      5-9       308437.83    325646.50    634084.33 
   1987     10-14      331908.33    348460.33    680368.67 
   1987     15-19      310937.00    326254.17    637191.17 
   1987     20-24      284415.83    293509.83    577925.67 
   1987     25-29      304825.83    311436.17    616262.00 
   1987     30-34      320372.17    322790.50    643162.67 
   1987     35-39      333939.83    333628.67    667568.50 
   1987     40-44      297250.17    295302.50    592552.67 
   1987     45-49      267689.83    262642.83    530332.67 
   1987     50-54      298534.33    290134.83    588669.17 
   1987     55-59      293834.50    279702.17    573536.67 
   1987     60-64      293682.50    266296.17    559978.67 
   1987     65-69      206168.83    178195.83    384364.67 
   1987     70-74      152490.33    125645.33    278135.67 
   1987     75-79      133189.33    102060.50    235249.83 
   1987     80-84       73079.64     50342.11    123421.75 
   1987     85-89       25646.00     16271.15     41917.15 
   1987     90-94        6466.04      3693.14     10159.18 
   1987     95-99        1320.56       589.61      1910.17 
   1987    100-104        212.66        91.77       304.43 
   1987    105-109         20.77         5.50        26.26 
   1987    110+             0.03         0.00         0.03 
   1988        0        56293.67     59285.50    115579.17 
   1988      1-4       232370.83    244043.00    476413.83 
   1988      5-9       301259.17    318484.67    619743.83 
   1988     10-14      334244.50    350684.17    684928.67 
   1988     15-19      314582.67    330579.50    645162.17 
   1988     20-24      283548.00    293391.67    576939.67 
   1988     25-29      302568.50    309536.00    612104.50 
   1988     30-34      317433.83    319864.50    637298.33 
   1988     35-39      332833.33    332502.00    665335.33 
   1988     40-44      306650.67    304170.17    610820.83 
   1988     45-49      268404.83    262869.17    531274.00 
   1988     50-54      289458.17    280380.67    569838.83 
   1988     55-59      294582.50    279943.83    574526.33 
   1988     60-64      292997.17    265903.67    558900.83 
   1988     65-69      235694.33    200907.83    436602.17 
   1988     70-74      139103.17    113673.50    252776.67 
   1988     75-79      131967.33    100143.00    232110.33 
   1988     80-84       75041.18     51260.76    126301.94 
   1988     85-89       26938.68     16609.52     43548.20 
   1988     90-94        6568.83      3879.91     10448.74 
   1988     95-99        1219.64       563.01      1782.64 
   1988    100-104        182.55        79.90       262.45 
   1988    105-109         17.16         3.70        20.86 
   1988    110+             0.00         0.00         0.00 
   1989        0        55017.69     58013.24    113030.93 
   1989      1-4       228023.29    239312.50    467335.79 
   1989      5-9       292916.33    309730.33    602646.67 
   1989     10-14      328306.42    344895.12    673201.54 
   1989     15-19      314710.75    330798.38    645509.12 
   1989     20-24      286443.46    296656.38    583099.83 
   1989     25-29      297267.88    304029.17    601297.04 
   1989     30-34      311820.96    314083.17    625904.12 
   1989     35-39      326421.88    325959.29    652381.17 
   1989     40-44      316930.42    313574.79    630505.21 
   1989     45-49      269213.71    263748.62    532962.33 
   1989     50-54      277534.38    267758.12    545292.50 
   1989     55-59      295864.42    280321.83    576186.25 
   1989     60-64      289450.83    262903.08    552353.92 
   1989     65-69      254818.46    215207.67    470026.12 
   1989     70-74      134311.42    109169.79    243481.21 
   1989     75-79      131503.42     99731.46    231234.88 
   1989     80-84       76714.32     52069.50    128783.82 
   1989     85-89       28626.47     17383.63     46010.11 
   1989     90-94        6652.08      4011.96     10664.04 
   1989     95-99        1153.31       542.53      1695.84 
   1989    100-104        167.60        74.64       242.24 
   1989    105-109         13.59         2.50        16.10 
   1989    110+             0.04         0.00         0.04 
   1990        0        51902.79     54584.44    106487.23 
   1990      1-4       219764.03    230456.55    450220.58 
   1990      5-9       284404.50    300844.92    585249.42 
   1990     10-14      316880.00    333474.62    650354.62 
   1990     15-19      313008.42    327816.54    640824.96 
   1990     20-24      288364.96    299681.04    588046.00 
   1990     25-29      288392.04    294368.67    582760.71 
   1990     30-34      303169.96    305518.83    608688.79 
   1990     35-39      315610.62    314073.96    629684.58 
   1990     40-44      325136.08    321134.54    646270.62 
   1990     45-49      270557.21    264669.54    535226.75 
   1990     50-54      266465.96    255934.79    522400.75 
   1990     55-59      294777.50    278405.67    573183.17 
   1990     60-64      283436.58    257462.50    540899.08 
   1990     65-69      262774.29    221386.17    484160.46 
   1990     70-74      135522.50    109584.88    245107.37 
   1990     75-79      134682.58    102028.79    236711.38 
   1990     80-84       78883.96     53370.32    132254.27 
   1990     85-89       30041.21     18155.36     48196.58 
   1990     90-94        6875.28      4119.14     10994.41 
   1990     95-99        1162.18       552.38      1714.57 
   1990    100-104        159.73        69.67       229.40 
   1990    105-109         10.61         2.75        13.36 
   1990    110+             0.00         0.00         0.00 
   1991        0        47663.27     50422.37     98085.63 
   1991      1-4       209865.20    220209.80    430074.99 
   1991      5-9       277278.71    292627.50    569906.21 
   1991     10-14      304845.33    321574.21    626419.54 
   1991     15-19      311805.50    325153.92    636959.42 
   1991     20-24      290142.96    302550.12    592693.08 
   1991     25-29      277728.42    283325.92    561054.33 
   1991     30-34      294208.38    296560.50    590768.88 
   1991     35-39      307868.88    305497.96    613366.83 
   1991     40-44      324138.12    319736.75    643874.88 
   1991     45-49      276518.25    269739.75    546258.00 
   1991     50-54      259288.50    248306.62    507595.12 
   1991     55-59      290404.75    273087.96    563492.71 
   1991     60-64      277787.42    252068.96    529856.38 
   1991     65-69      265037.58    223418.83    488456.42 
   1991     70-74      150192.71    120823.29    271016.00 
   1991     75-79      128292.92     96576.42    224869.33 
   1991     80-84       80522.89     54409.71    134932.60 
   1991     85-89       31382.94     18989.82     50372.77 
   1991     90-94        7155.43      4163.02     11318.45 
   1991     95-99        1186.40       604.91      1791.31 
   1991    100-104        143.95        61.70       205.65 
   1991    105-109          7.89         2.07         9.96 
   1991    110+             0.00         0.00         0.00 
   1992        0        43883.67     46586.50     90470.17 
   1992      1-4       198424.79    208781.91    407206.71 
   1992      5-9       268952.38    282823.08    551775.46 
   1992     10-14      292529.92    309741.71    602271.62 
   1992     15-19      311822.83    323951.58    635774.42 
   1992     20-24      290552.29    303452.96    594005.25 
   1992     25-29      267231.75    273222.75    540454.50 
   1992     30-34      286217.21    288398.17    574615.38 
   1992     35-39      301966.29    298864.96    600831.25 
   1992     40-44      317681.12    312189.33    629870.46 
   1992     45-49      283310.75    275745.50    559056.25 
   1992     50-54      254262.42    242744.96    497007.38 
   1992     55-59      283185.33    264556.46    547741.79 
   1992     60-64      274344.33    248994.04    523338.38 
   1992     65-69      263936.08    222888.50    486824.58 
   1992     70-74      174734.12    139141.54    313875.67 
   1992     75-79      112855.42     84304.58    197160.00 
   1992     80-84       82882.44     55542.54    138424.98 
   1992     85-89       32851.64     19706.44     52558.08 
   1992     90-94        7343.50      4122.48     11465.98 
   1992     95-99        1279.04       690.31      1969.34 
   1992    100-104        108.61        55.09       163.70 
   1992    105-109          3.73         0.88         4.62 
   1992    110+             0.00         0.00         0.00 
   1993        0        41486.81     43978.18     85464.99 
   1993      1-4       187583.51    197867.86    385451.37 
   1993      5-9       262591.70    275800.13    538391.82 
   1993     10-14      282797.17    299919.07    582716.24 
   1993     15-19      311209.98    324223.68    635433.67 
   1993     20-24      289353.00    301806.53    591159.53 
   1993     25-29      263692.13    270238.07    533930.20 
   1993     30-34      280892.29    283564.47    564456.76 
   1993     35-39      295806.54    292358.63    588165.17 
   1993     40-44      313337.32    307232.88    620570.21 
   1993     45-49      290345.34    281838.36    572183.69 
   1993     50-54      253439.40    240969.51    494408.90 
   1993     55-59      272850.83    253431.76    526282.59 
   1993     60-64      274515.81    248662.07    523177.88 
   1993     65-69      262403.56    222007.99    484411.54 
   1993     70-74      198955.02    155838.39    354793.41 
   1993     75-79      102573.96     76049.48    178623.44 
   1993     80-84       82398.31     54601.24    136999.55 
   1993     85-89       33983.65     20142.24     54125.89 
   1993     90-94        7795.82      4267.32     12063.14 
   1993     95-99        1244.60       707.56      1952.15 
   1993    100-104         89.93        52.26       142.20 
   1993    105-109          1.79         0.75         2.54 
   1993    110+             0.00         0.00         0.00 
   1994        0        39367.53     41335.18     80702.71 
   1994      1-4       177741.65    187853.69    365595.33 
   1994      5-9       258786.93    271624.34    530411.27 
   1994     10-14      275706.99    292196.61    567903.60 
   1994     15-19      306527.16    321714.90    628242.06 
   1994     20-24      289836.73    301469.68    591306.41 
   1994     25-29      267572.06    274814.53    542386.59 
   1994     30-34      277314.87    280745.70    558060.58 
   1994     35-39      291534.66    288695.64    580230.30 
   1994     40-44      307475.93    301529.27    609005.19 
   1994     45-49      300857.82    291337.35    592195.17 
   1994     50-54      255101.09    242202.23    497303.32 
   1994     55-59      261914.06    241738.91    503652.96 
   1994     60-64      276353.56    248634.32    524987.89 
   1994     65-69      260108.48    220124.44    480232.92 
   1994     70-74      215652.80    166462.92    382115.72 
   1994     75-79      100206.87     73724.06    173930.93 
   1994     80-84       82575.18     54720.74    137295.92 
   1994     85-89       35144.00     20737.08     55881.08 
   1994     90-94        8496.74      4443.15     12939.89 
   1994     95-99        1174.01       643.33      1817.35 
   1994    100-104        114.49        50.38       164.87 
   1994    105-109          3.74         0.84         4.58 
   1994    110+             0.00         0.00         0.00 
   1995        0        36500.62     38033.10     74533.72 
   1995      1-4       167438.66    176918.33    344356.99 
   1995      5-9       254248.55    266717.39    520965.94 
   1995     10-14      269806.95    285659.17    555466.12 
   1995     15-19      298824.74    314818.47    613643.21 
   1995     20-24      291784.36    303022.74    594807.10 
   1995     25-29      272419.15    281116.43    553535.58 
   1995     30-34      272626.33    276352.33    548978.66 
   1995     35-39      286824.09    285368.79    572192.87 
   1995     40-44      299708.60    293659.12    593367.72 
   1995     45-49      310979.85    300737.79    611717.65 
   1995     50-54      258493.23    244856.94    503350.17 
   1995     55-59      253011.72    232235.79    485247.52 
   1995     60-64      276392.51    246619.14    523011.64 
   1995     65-69      256635.19    216632.12    473267.31 
   1995     70-74      223694.97    171412.25    395107.22 
   1995     75-79      103447.06     75386.45    178833.51 
   1995     80-84       85325.67     56595.22    141920.89 
   1995     85-89       36497.02     21639.95     58136.97 
   1995     90-94        8985.08      4554.91     13539.99 
   1995     95-99        1238.85       611.45      1850.30 
   1995    100-104        131.22        44.69       175.91 
   1995    105-109          4.95         0.44         5.38 
   1995    110+             0.00         0.00         0.00 
   1996        0        34564.23     36387.94     70952.16 
   1996      1-4       157446.71    165764.10    323210.81 
   1996      5-9       246747.63    259314.77    506062.40 
   1996     10-14      265859.04    280693.96    546553.01 
   1996     15-19      290651.73    306933.58    597585.31 
   1996     20-24      294149.42    305426.90    599576.32 
   1996     25-29      276938.33    287023.76    563962.08 
   1996     30-34      266048.75    270122.40    536171.15 
   1996     35-39      282091.10    282036.98    564128.08 
   1996     40-44      295282.94    289469.25    584752.19 
   1996     45-49      312391.86    301941.11    614332.97 
   1996     50-54      266445.76    251680.20    518125.96 
   1996     55-59      247831.20    226649.45    474480.65 
   1996     60-64      273667.53    242027.73    515695.26 
   1996     65-69      252890.60    212591.56    465482.16 
   1996     70-74      227147.61    173532.92    400680.53 
   1996     75-79      116733.14     83986.30    200719.44 
   1996     80-84       81070.11     53160.59    134230.70 
   1996     85-89       37244.95     22099.27     59344.21 
   1996     90-94        9298.72      4695.62     13994.34 
   1996     95-99        1262.89       601.14      1864.03 
   1996    100-104        116.54        45.18       161.72 
   1996    105-109          3.00         0.23         3.24 
   1996    110+             0.00         0.00         0.00 
   1997        0        32354.81     34591.59     66946.40 
   1997      1-4       148285.83    155740.26    304026.09 
   1997      5-9       236731.24    249493.44    486224.68 
   1997     10-14      262670.13    276449.90    539120.02 
   1997     15-19      282514.69    298964.76    581479.45 
   1997     20-24      297189.15    308964.00    606153.15 
   1997     25-29      280150.54    291044.18    571194.71 
   1997     30-34      259653.66    264538.08    524191.74 
   1997     35-39      278213.88    279041.29    557255.17 
   1997     40-44      293049.03    287835.45    580884.47 
   1997     45-49      308358.15    297730.64    606088.79 
   1997     50-54      275375.92    259732.61    535108.53 
   1997     55-59      244883.48    223018.18    467901.66 
   1997     60-64      268261.30    235206.92    503468.22 
   1997     65-69      251015.63    210266.00    461281.63 
   1997     70-74      227487.10    173575.66    401062.76 
   1997     75-79      136529.65     96685.62    233215.26 
   1997     80-84       70326.03     45592.87    115918.90 
   1997     85-89       38075.02     22363.29     60438.32 
   1997     90-94        9450.39      4750.04     14200.43 
   1997     95-99        1226.76       566.00      1792.76 
   1997    100-104        107.67        47.73       155.40 
   1997    105-109          1.69         0.49         2.18 
   1997    110+             0.00         0.00         0.00 
   1998        0        30751.60     32822.93     63574.53 
   1998      1-4       138807.99    145988.52    284796.52 
   1998      5-9       225551.99    238122.07    463674.06 
   1998     10-14      259397.80    272763.93    532161.74 
   1998     15-19      275562.56    291902.60    567465.16 
   1998     20-24      297692.60    310589.01    608281.60 
   1998     25-29      280202.43    291278.84    571481.27 
   1998     30-34      258132.78    263723.58    521856.36 
   1998     35-39      274772.74    276554.19    551326.93 
   1998     40-44      288881.17    284088.70    572969.86 
   1998     45-49      305055.79    294461.99    599517.79 
   1998     50-54      283091.22    266578.55    549669.77 
   1998     55-59      245237.77    222338.98    467576.75 
   1998     60-64      258834.87    225460.40    484295.27 
   1998     65-69      252135.67    210131.82    462267.49 
   1998     70-74      226668.64    172714.04    399382.68 
   1998     75-79      154482.37    106981.80    261464.16 
   1998     80-84       62966.07     40570.82    103536.89 
   1998     85-89       36898.05     21243.20     58141.25 
   1998     90-94        9417.32      4739.74     14157.06 
   1998     95-99        1216.66       534.81      1751.46 
   1998    100-104        100.52        43.41       143.93 
   1998    105-109          1.31         0.35         1.66 
   1998    110+             0.00         0.00         0.00 
   1999        0        32917.76     34649.15     67566.91 
   1999      1-4       129892.35    137056.22    266948.57 
   1999      5-9       212519.35    224354.99    436874.34 
   1999     10-14      256284.25    269289.91    525574.15 
   1999     15-19      269471.57    285423.72    554895.29 
   1999     20-24      293358.43    307719.56    601077.99 
   1999     25-29      279841.21    290741.25    570582.46 
   1999     30-34      261463.27    267721.63    529184.90 
   1999     35-39      271305.99    273836.99    545142.98 
   1999     40-44      284685.25    280511.54    565196.79 
   1999     45-49      298944.45    288912.79    587857.24 
   1999     50-54      292725.91    275426.14    568152.06 
   1999     55-59      246856.96    223510.91    470367.87 
   1999     60-64      248277.02    214809.10    463086.13 
   1999     65-69      254080.77    210335.87    464416.64 
   1999     70-74      224684.28    171170.34    395854.63 
   1999     75-79      166216.10    113368.52    279584.62 
   1999     80-84       62223.25     39752.45    101975.70 
   1999     85-89       36645.14     21057.65     57702.78 
   1999     90-94        9608.85      4864.41     14473.26 
   1999     95-99        1248.64       533.20      1781.84 
   1999    100-104         91.10        41.97       133.07 
   1999    105-109          1.04         0.00         1.04 
   1999    110+             0.00         0.00         0.00 
   2000        0        34605.00     36336.93     70941.94 
   2000      1-4       125902.03    133154.11    259056.14 
   2000      5-9       198151.59    208905.54    407057.12 
   2000     10-14      252285.56    264818.26    517103.82 
   2000     15-19      264455.73    279869.49    544325.21 
   2000     20-24      286733.65    301803.62    588537.27 
   2000     25-29      280786.05    291745.72    572531.77 
   2000     30-34      265551.98    273002.47    538554.45 
   2000     35-39      266641.16    269480.58    536121.74 
   2000     40-44      280055.26    277308.04    557363.30 
   2000     45-49      291172.19    281752.71    572924.90 
   2000     50-54      301922.41    284271.41    586193.82 
   2000     55-59      250181.17    226191.35    476372.52 
   2000     60-64      240119.70    206783.54    446903.24 
   2000     65-69      254049.51    208723.50    462773.00 
   2000     70-74      221765.42    168847.82    390613.24 
   2000     75-79      172029.78    116700.48    288730.26 
   2000     80-84       65652.15     41583.56    107235.71 
   2000     85-89       38104.61     22035.71     60140.32 
   2000     90-94       10032.20      5174.99     15207.20 
   2000     95-99        1328.73       559.92      1888.65 
   2000    100-104         98.73        44.71       143.44 
   2000    105-109          0.93         0.19         1.13 
   2000    110+             0.00         0.00         0.00 
   2001        0        33474.33     35345.50     68819.84 
   2001      1-4       124733.40    131922.20    256655.60 
   2001      5-9       184826.52    194551.93    379378.45 
   2001     10-14      244990.17    257593.54    502583.71 
   2001     15-19      261350.94    275953.59    537304.53 
   2001     20-24      280054.10    295227.01    575281.10 
   2001     25-29      282112.20    293538.28    575650.48 
   2001     30-34      269333.39    277779.11    547112.50 
   2001     35-39      259933.67    263153.27    523086.93 
   2001     40-44      275429.89    274172.94    549602.83 
   2001     45-49      286904.82    278175.10    565079.92 
   2001     50-54      302825.28    285211.99    588037.28 
   2001     55-59      257764.52    232756.72    490521.24 
   2001     60-64      235549.46    202017.03    437566.49 
   2001     65-69      251593.64    204987.60    456581.25 
   2001     70-74      218752.43    165972.20    384724.63 
   2001     75-79      175316.15    118893.18    294209.33 
   2001     80-84       74864.48     47098.58    121963.06 
   2001     85-89       36022.11     20770.55     56792.66 
   2001     90-94       10520.01      5470.64     15990.65 
   2001     95-99        1428.94       606.55      2035.49 
   2001    100-104        111.28        44.91       156.19 
   2001    105-109          3.04         1.17         4.21 
   2001    110+             0.00         0.00         0.00 
   2002        0        31993.21     34171.48     66164.70 
   2002      1-4       125514.03    132442.06    257956.09 
   2002      5-9       172952.61    182183.30    355135.91 
   2002     10-14      234483.70    247349.58    481833.28 
   2002     15-19      258028.99    272024.12    530053.12 
   2002     20-24      273006.24    288522.68    561528.92 
   2002     25-29      284678.94    297139.75    581818.69 
   2002     30-34      271659.45    281400.11    553059.56 
   2002     35-39      253422.68    257757.43    511180.11 
   2002     40-44      271467.25    271364.88    542832.12 
   2002     45-49      285101.51    277430.60    562532.11 
   2002     50-54      299140.31    281634.29    580774.61 
   2002     55-59      266762.36    240939.24    507701.61 
   2002     60-64      233282.96    199213.90    432496.86 
   2002     65-69      247315.03    199958.31    447273.34 
   2002     70-74      217838.38    164865.87    382704.25 
   2002     75-79      176348.86    119737.91    296086.77 
   2002     80-84       87663.11     54279.11    141942.22 
   2002     85-89       30985.69     17846.71     48832.40 
   2002     90-94       11073.97      5659.10     16733.08 
   2002     95-99        1500.94       658.25      2159.19 
   2002    100-104        120.01        40.69       160.70 
   2002    105-109          4.24         1.08         5.33 
   2002    110+             0.00         0.00         0.00 
   2003        0        31987.77     34114.00     66101.76 
   2003      1-4       127799.89    134997.65    262797.54 
   2003      5-9       162509.98    171378.54    333888.52 
   2003     10-14      222474.44    235126.80    457601.24 
   2003     15-19      254038.23    268149.03    522187.26 
   2003     20-24      265790.14    282174.39    547964.53 
   2003     25-29      285287.99    298997.44    584285.43 
   2003     30-34      271303.02    282643.75    553946.77 
   2003     35-39      251480.88    257323.89    508804.77 
   2003     40-44      267508.00    269068.39    536576.38 
   2003     45-49      281568.55    274908.49    556477.04 
   2003     50-54      296706.91    279731.71    576438.62 
   2003     55-59      275077.99    248402.76    523480.75 
   2003     60-64      234629.17    199730.45    434359.63 
   2003     65-69      239281.85    192183.42    431465.28 
   2003     70-74      220109.92    165985.32    386095.24 
   2003     75-79      176354.73    119651.79    296006.52 
   2003     80-84       98815.33     60056.45    158871.78 
   2003     85-89       27725.74     16003.82     43729.56 
   2003     90-94       10882.28      5429.19     16311.48 
   2003     95-99        1547.49       693.61      2241.10 
   2003    100-104        130.09        43.10       173.19 
   2003    105-109          3.77         0.17         3.94 
   2003    110+             0.00         0.00         0.00 
   2004        0        32901.19     34850.25     67751.44 
   2004      1-4       127651.83    135348.02    262999.85 
   2004      5-9       156639.80    165255.54    321895.34 
   2004     10-14      209019.29    220909.93    429929.23 
   2004     15-19      250659.87    264678.18    515338.05 
   2004     20-24      258692.71    275774.53    534467.24 
   2004     25-29      281263.73    296417.59    577681.33 
   2004     30-34      270865.82    283393.35    554259.17 
   2004     35-39      253921.18    261342.38    515263.56 
   2004     40-44      263586.82    266781.42    530368.24 
   2004     45-49      277473.72    272015.17    549488.90 
   2004     50-54      291498.84    275620.51    567119.35 
   2004     55-59      285283.00    257638.36    542921.36 
   2004     60-64      237178.51    201705.27    438883.78 
   2004     65-69      230379.66    183678.58    414058.24 
   2004     70-74      223308.04    167042.61    390350.65 
   2004     75-79      175833.92    119072.31    294906.23 
   2004     80-84      106606.37     64016.95    170623.32 
   2004     85-89       28344.25     16157.45     44501.70 
   2004     90-94       10898.54      5553.21     16451.74 
   2004     95-99        1602.11       733.61      2335.72 
   2004    100-104        140.24        51.39       191.63 
   2004    105-109          5.44         0.04         5.48 
   2004    110+             0.00         0.00         0.00 
   2005        0        33808.74     35720.70     69529.44 
   2005      1-4       126871.89    134797.96    261669.85 
   2005      5-9       155020.36    163781.59    318801.95 
   2005     10-14      194680.30    205632.27    400312.57 
   2005     15-19      246633.03    260285.84    506918.87 
   2005     20-24      252545.88    269915.04    522460.92 
   2005     25-29      274592.01    291029.41    565621.42 
   2005     30-34      271887.47    285319.66    557207.13 
   2005     35-39      257187.10    266736.95    523924.05 
   2005     40-44      258412.44    262753.70    521166.14 
   2005     45-49      272572.60    269212.37    541784.96 
   2005     50-54      284471.08    269818.81    554289.89 
   2005     55-59      295223.54    266687.21    561910.74 
   2005     60-64      241389.10    204896.55    446285.65 
   2005     65-69      224035.78    177508.66    401544.44 
   2005     70-74      224042.26    166115.34    390157.59 
   2005     75-79      174900.96    118342.09    293243.06 
   2005     80-84      111525.07     66545.63    178070.70 
   2005     85-89       31477.65     17552.23     49029.88 
   2005     90-94       11553.11      5999.88     17552.99 
   2005     95-99        1790.37       819.66      2610.03 
   2005    100-104        157.96        58.30       216.25 
   2005    105-109          8.40         0.72         9.12 
   2005    110+             0.00         0.00         0.00 
   2006        0        34712.07     36708.19     71420.27 
   2006      1-4       127732.19    135627.05    263359.24 
   2006      5-9       154267.75    163160.40    317428.16 
   2006     10-14      181861.85    192067.07    373928.91 
   2006     15-19      239686.17    253292.46    492978.63 
   2006     20-24      248604.61    265734.69    514339.30 
   2006     25-29      266781.97    284151.57    550933.54 
   2006     30-34      273531.60    287840.83    561372.43 
   2006     35-39      260507.71    272139.21    532646.92 
   2006     40-44      251103.94    256755.68    507859.63 
   2006     45-49      267504.32    266410.58    533914.91 
   2006     50-54      280552.71    267242.45    547795.15 
   2006     55-59      297086.05    268288.49    565374.53 
   2006     60-64      249925.10    211952.83    461877.93 
   2006     65-69      220695.83    173903.46    394599.29 
   2006     70-74      222481.00    163465.02    385946.02 
   2006     75-79      173631.38    117075.58    290706.95 
   2006     80-84      114710.33     68171.27    182881.60 
   2006     85-89       36652.80     20130.78     56783.58 
   2006     90-94       10869.27      5624.39     16493.66 
   2006     95-99        1991.84       951.97      2943.82 
   2006    100-104        181.16        67.39       248.55 
   2006    105-109          9.94         1.66        11.60 
   2006    110+             0.00         0.00         0.00 
   2007        0        35563.20     37777.60     73340.80 
   2007      1-4       129886.98    137574.30    267461.28 
   2007      5-9       154664.82    163616.29    318281.11 
   2007     10-14      170409.90    180256.68    350666.58 
   2007     15-19      230063.95    243625.69    473689.63 
   2007     20-24      245713.52    262223.03    507936.55 
   2007     25-29      258417.10    276699.30    535116.41 
   2007     30-34      275841.86    291152.55    566994.41 
   2007     35-39      262664.28    276218.85    538883.13 
   2007     40-44      244383.16    251573.16    495956.31 
   2007     45-49      262925.72    263559.60    526485.32 
   2007     50-54      278452.24    266836.31    545288.55 
   2007     55-59      293449.43    265060.18    558509.61 
   2007     60-64      259464.99    220130.78    479595.78 
   2007     65-69      219387.81    172123.46    391511.27 
   2007     70-74      219557.76    159833.81    379391.56 
   2007     75-79      173901.09    116955.63    290856.72 
   2007     80-84      116051.98     68861.69    184913.67 
   2007     85-89       42921.62     23135.54     66057.16 
   2007     90-94        9285.86      4709.37     13995.23 
   2007     95-99        2175.30      1048.94      3224.24 
   2007    100-104        207.39        88.36       295.74 
   2007    105-109         10.64         2.33        12.97 
   2007    110+             0.00         0.00         0.00 
   2008        0        36348.85     38534.57     74883.41 
   2008      1-4       132322.49    140104.60    272427.09 
   2008      5-9       156119.01    165159.41    321278.42 
   2008     10-14      160267.54    169752.72    330020.26 
   2008     15-19      218872.94    231872.32    450745.26 
   2008     20-24      243310.55    259475.59    502786.14 
   2008     25-29      250613.59    269881.91    520495.50 
   2008     30-34      275358.75    291623.59    566982.34 
   2008     35-39      262624.75    277778.07    540402.82 
   2008     40-44      242521.44    251138.94    493660.38 
   2008     45-49      258280.40    260740.81    519021.21 
   2008     50-54      274295.51    264344.15    538639.66 
   2008     55-59      290273.96    263062.88    553336.84 
   2008     60-64      267596.13    226967.77    494563.90 
   2008     65-69      221624.27    173472.57    395096.84 
   2008     70-74      213180.73    154072.29    367253.03 
   2008     75-79      176812.71    118535.94    295348.65 
   2008     80-84      116672.32     69077.95    185750.27 
   2008     85-89       48185.79     25517.09     73702.88 
   2008     90-94        8415.07      4178.98     12594.06 
   2008     95-99        2192.45      1051.20      3243.64 
   2008    100-104        238.91       113.42       352.33 
   2008    105-109         12.22         4.82        17.04 
   2008    110+             0.00         0.00         0.00 
   2009        0        37457.70     39338.23     76795.93 
   2009      1-4       133995.99    142065.76    276061.74 
   2009      5-9       155783.55    164990.28    320773.83 
   2009     10-14      154703.65    163840.54    318544.19 
   2009     15-19      205881.49    217917.32    423798.81 
   2009     20-24      241602.98    257225.74    498828.72 
   2009     25-29      243515.40    263541.34    507056.75 
   2009     30-34      270275.26    287662.48    557937.75 
   2009     35-39      262483.18    278781.00    541264.18 
   2009     40-44      244759.95    254900.93    499660.88 
   2009     45-49      253866.16    258203.64    512069.80 
   2009     50-54      269412.24    261141.80    530554.04 
   2009     55-59      284536.00    259299.10    543835.10 
   2009     60-64      277499.42    235386.46    512885.87 
   2009     65-69      224584.20    175901.72    400485.92 
   2009     70-74      206247.93    148166.73    354414.66 
   2009     75-79      180886.69    120248.29    301134.97 
   2009     80-84      117118.95     69427.88    186546.83 
   2009     85-89       51992.06     27394.90     79386.96 
   2009     90-94        8871.41      4374.78     13246.20 
   2009     95-99        2237.20      1086.54      3323.74 
   2009    100-104        280.02       135.71       415.73 
   2009    105-109         19.37         8.67        28.04 
   2009    110+             0.13         0.00         0.13 
   2010        0        35598.91     37389.75     72988.65 
   2010      1-4       134597.75    142618.52    277216.27 
   2010      5-9       154346.75    163755.62    318102.37 
   2010     10-14      153326.07    162248.14    315574.21 
   2010     15-19      191849.44    203016.72    394866.15 
   2010     20-24      239140.02    253991.07    493131.09 
   2010     25-29      237842.03    258098.58    495940.61 
   2010     30-34      262497.83    281129.92    543627.75 
   2010     35-39      263475.81    280437.99    543913.80 
   2010     40-44      247810.25    260215.11    508025.36 
   2010     45-49      248496.61    254192.28    502688.89 
   2010     50-54      263821.69    258036.11    521857.80 
   2010     55-59      276919.74    254021.23    530940.97 
   2010     60-64      287155.15    243859.88    531015.03 
   2010     65-69      228972.93    179348.59    408321.52 
   2010     70-74      201853.05    144165.98    346019.03 
   2010     75-79      182551.32    120335.94    302887.26 
   2010     80-84      117663.23     70087.60    187750.83 
   2010     85-89       54976.00     28777.07     83753.07 
   2010     90-94       10097.98      4832.73     14930.71 
   2010     95-99        2309.78      1111.38      3421.15 
   2010    100-104        301.17       139.42       440.59 
   2010    105-109         20.81         8.06        28.88 
   2010    110+             0.16         0.00         0.16 
