Belarus, Exposure to risk (period 5x1)     Last modified: 02-Oct-2015, MPv5 (May07)

   Year      Age       Female          Male         Total
   1959        0        95794.26    100864.11    196658.37 
   1959      1-4       365247.63    381614.81    746862.44 
   1959      5-9       408265.95    424610.38    832876.33 
   1959     10-14      330321.59    340606.98    670928.56 
   1959     15-19      322927.95    307139.79    630067.75 
   1959     20-24      402376.17    354165.72    756541.89 
   1959     25-29      387700.02    338554.04    726254.06 
   1959     30-34      388896.40    294907.05    683803.46 
   1959     35-39      288668.84    186520.48    475189.32 
   1959     40-44      203605.08    123265.68    326870.76 
   1959     45-49      268437.68    161052.28    429489.96 
   1959     50-54      234297.65    157989.96    392287.61 
   1959     55-59      234892.83    131228.51    366121.33 
   1959     60-64      169544.72    100003.00    269547.72 
   1959     65-69      147176.80     83482.92    230659.72 
   1959     70-74      114205.22     58595.02    172800.24 
   1959     75-79       65562.41     36869.03    102431.43 
   1959     80-84       32385.59     15080.91     47466.50 
   1959     85-89       15342.23      6536.81     21879.04 
   1959     90-94        5333.96      1824.60      7158.56 
   1959     95-99        1981.18       599.50      2580.68 
   1959    100-104        478.66       132.81       611.47 
   1959    105-109        100.30        24.89       125.19 
   1959    110+            13.17         0.61        13.78 
   1960        0        95487.17    101150.39    196637.56 
   1960      1-4       370304.82    387167.54    757472.36 
   1960      5-9       414750.75    432353.11    847103.87 
   1960     10-14      359901.08    371425.62    731326.70 
   1960     15-19      290850.16    282840.32    573690.48 
   1960     20-24      407477.49    362208.81    769686.30 
   1960     25-29      376506.94    328767.57    705274.51 
   1960     30-34      396792.58    319384.25    716176.83 
   1960     35-39      315538.98    203988.56    519527.54 
   1960     40-44      200438.49    124422.27    324860.76 
   1960     45-49      262400.85    155297.08    417697.93 
   1960     50-54      243322.40    159420.38    402742.78 
   1960     55-59      232382.31    135535.16    367917.47 
   1960     60-64      181429.03    102573.05    284002.08 
   1960     65-69      149789.75     86773.90    236563.65 
   1960     70-74      118964.52     59009.74    177974.26 
   1960     75-79       68345.85     38185.25    106531.10 
   1960     80-84       35045.44     16379.06     51424.49 
   1960     85-89       16096.66      6699.78     22796.44 
   1960     90-94        5884.01      2054.10      7938.11 
   1960     95-99        2025.11       602.04      2627.15 
   1960    100-104        475.36       129.73       605.10 
   1960    105-109         96.58        23.84       120.41 
   1960    110+            12.71         1.05        13.76 
   1961        0        94054.88     98900.82    192955.71 
   1961      1-4       374041.68    391900.70    765942.38 
   1961      5-9       422773.46    440914.45    863687.91 
   1961     10-14      380837.89    393798.64    774636.52 
   1961     15-19      266147.67    265607.73    531755.40 
   1961     20-24      399764.85    360313.90    760078.75 
   1961     25-29      374916.01    325972.89    700888.90 
   1961     30-34      398112.63    339612.62    737725.25 
   1961     35-39      343208.67    223671.38    566880.05 
   1961     40-44      208800.76    132847.94    341648.71 
   1961     45-49      246730.65    145022.69    391753.34 
   1961     50-54      253695.18    160685.24    414380.43 
   1961     55-59      227238.79    139884.08    367122.87 
   1961     60-64      195269.95    105890.99    301160.94 
   1961     65-69      149565.67     88250.28    237815.95 
   1961     70-74      124742.21     61020.95    185763.16 
   1961     75-79       71302.90     39209.58    110512.47 
   1961     80-84       38077.08     18008.90     56085.98 
   1961     85-89       16925.71      6939.59     23865.30 
   1961     90-94        6418.38      2272.88      8691.26 
   1961     95-99        2031.27       600.36      2631.64 
   1961    100-104        509.61       124.25       633.87 
   1961    105-109         98.09        20.73       118.83 
   1961    110+            13.76         0.88        14.64 
   1962        0        90800.56     95191.13    185991.68 
   1962      1-4       375787.81    393849.95    769637.76 
   1962      5-9       433638.16    452176.49    885814.65 
   1962     10-14      388047.21    402783.18    790830.39 
   1962     15-19      265454.93    269103.36    534558.29 
   1962     20-24      377245.90    345644.24    722890.14 
   1962     25-29      378813.76    331189.38    710003.14 
   1962     30-34      397463.67    349201.53    746665.20 
   1962     35-39      363500.85    245874.45    609375.30 
   1962     40-44      230042.74    147932.39    377975.13 
   1962     45-49      227578.42    133402.75    360981.17 
   1962     50-54      260851.35    159696.69    420548.04 
   1962     55-59      229618.22    146288.30    375906.52 
   1962     60-64      204989.95    108960.81    313950.76 
   1962     65-69      147710.51     87920.13    235630.63 
   1962     70-74      129130.23     63501.93    192632.16 
   1962     75-79       73128.53     39770.65    112899.18 
   1962     80-84       40800.65     19488.47     60289.12 
   1962     85-89       17420.91      7087.47     24508.38 
   1962     90-94        6617.07      2409.58      9026.65 
   1962     95-99        1982.43       573.95      2556.39 
   1962    100-104        496.85       114.15       611.00 
   1962    105-109         91.15        15.80       106.95 
   1962    110+            12.06         0.69        12.74 
   1963        0        85536.72     90607.54    176144.26 
   1963      1-4       373096.32    391173.40    764269.72 
   1963      5-9       446885.50    466066.23    912951.73 
   1963     10-14      389743.11    406120.53    795863.64 
   1963     15-19      283301.55    288721.45    572023.00 
   1963     20-24      340963.06    318478.07    659441.13 
   1963     25-29      381599.80    338351.47    719951.27 
   1963     30-34      393398.98    347620.83    741019.81 
   1963     35-39      374887.98    270322.38    645210.36 
   1963     40-44      258656.53    166912.97    425569.50 
   1963     45-49      211298.11    124751.72    336049.83 
   1963     50-54      266773.98    158769.25    425543.23 
   1963     55-59      231007.37    149322.45    380329.82 
   1963     60-64      214799.10    114831.28    329630.39 
   1963     65-69      148677.89     87115.59    235793.48 
   1963     70-74      126973.07     65151.18    192124.25 
   1963     75-79       80183.66     41228.27    121411.94 
   1963     80-84       43694.74     20971.87     64666.61 
   1963     85-89       17898.51      7183.92     25082.43 
   1963     90-94        6800.14      2513.80      9313.94 
   1963     95-99        1949.78       559.38      2509.16 
   1963    100-104        449.36       103.34       552.70 
   1963    105-109         80.58        10.44        91.02 
   1963    110+             8.92         0.36         9.28 
   1964        0        80162.00     84950.66    165112.67 
   1964      1-4       364113.72    382230.34    746344.06 
   1964      5-9       459228.74    479404.35    938633.08 
   1964     10-14      391394.41    409532.99    800927.40 
   1964     15-19      308708.15    315619.17    624327.32 
   1964     20-24      301891.67    288428.62    590320.29 
   1964     25-29      391313.00    349913.78    741226.78 
   1964     30-34      378930.99    337276.84    716207.82 
   1964     35-39      384583.02    295182.60    679765.62 
   1964     40-44      285554.15    185066.62    470620.77 
   1964     45-49      200801.19    120695.27    321496.46 
   1964     50-54      269982.74    156778.16    426760.91 
   1964     55-59      235185.84    151165.00    386350.84 
   1964     60-64      221350.00    121474.56    342824.56 
   1964     65-69      152132.35     87148.41    239280.75 
   1964     70-74      123105.54     66812.10    189917.64 
   1964     75-79       89624.30     42532.84    132157.14 
   1964     80-84       46852.58     22294.59     69147.17 
   1964     85-89       19113.07      7638.21     26751.28 
   1964     90-94        7294.81      2636.32      9931.13 
   1964     95-99        2070.35       612.31      2682.67 
   1964    100-104        442.76       101.69       544.44 
   1964    105-109         69.66         7.67        77.33 
   1964    110+             5.05         0.00         5.05 
   1965        0        75984.05     79902.95    155887.00 
   1965      1-4       350288.02    367783.81    718071.83 
   1965      5-9       466980.98    488159.22    955140.20 
   1965     10-14      398849.94    417961.02    816810.95 
   1965     15-19      335420.84    344499.30    679920.14 
   1965     20-24      267882.36    260413.35    528295.71 
   1965     25-29      393446.42    355691.84    749138.26 
   1965     30-34      365859.77    326946.33    692806.10 
   1965     35-39      391697.67    319970.75    711668.42 
   1965     40-44      312694.23    203624.70    516318.93 
   1965     45-49      196556.29    121695.79    318252.08 
   1965     50-54      264239.77    151232.44    415472.21 
   1965     55-59      244393.67    153264.81    397658.48 
   1965     60-64      220823.35    125866.99    346690.34 
   1965     65-69      163685.36     89944.89    253630.25 
   1965     70-74      123478.43     69259.44    192737.86 
   1965     75-79       94168.22     42656.08    136824.30 
   1965     80-84       49630.69     23070.09     72700.78 
   1965     85-89       20909.91      8457.76     29367.67 
   1965     90-94        7820.25      2735.44     10555.69 
   1965     95-99        2339.05       702.91      3041.95 
   1965    100-104        464.30       107.47       571.77 
   1965    105-109         68.91         8.72        77.63 
   1965    110+             3.85         0.00         3.85 
   1966        0        74122.55     77822.09    151944.64 
   1966      1-4       334161.25    351001.75    685163.00 
   1966      5-9       471263.22    492679.50    963942.71 
   1966     10-14      411173.73    429661.35    840835.08 
   1966     15-19      356005.33    368197.41    724202.75 
   1966     20-24      244423.69    241492.46    485916.16 
   1966     25-29      382343.80    350863.51    733207.31 
   1966     30-34      363688.54    323503.07    687191.61 
   1966     35-39      392246.11    339521.45    731767.56 
   1966     40-44      340162.41    223798.59    563960.99 
   1966     45-49      204273.78    129786.70    334060.48 
   1966     50-54      248309.19    141405.39    389714.58 
   1966     55-59      253105.98    154299.69    407405.67 
   1966     60-64      219590.76    129799.23    349389.99 
   1966     65-69      176230.96     93411.01    269641.96 
   1966     70-74      124067.98     70406.39    194474.37 
   1966     75-79       97324.88     43758.29    141083.17 
   1966     80-84       52331.69     23593.56     75925.25 
   1966     85-89       22852.51      9364.91     32217.42 
   1966     90-94        8184.06      2818.23     11002.29 
   1966     95-99        2498.98       748.63      3247.60 
   1966    100-104        481.44       107.82       589.26 
   1966    105-109         82.44         9.94        92.38 
   1966    110+             6.46         0.00         6.46 
   1967        0        72795.17     76309.09    149104.26 
   1967      1-4       319762.77    336052.24    655815.02 
   1967      5-9       470592.18    491855.54    962447.72 
   1967     10-14      426672.78    444859.37    871532.15 
   1967     15-19      364330.45    379536.48    743866.93 
   1967     20-24      243427.25    243018.59    486445.84 
   1967     25-29      356984.93    332668.01    689652.94 
   1967     30-34      366941.29    327648.83    694590.11 
   1967     35-39      390231.01    348331.24    738562.25 
   1967     40-44      360332.15    246513.11    606845.26 
   1967     45-49      225493.43    144928.86    370422.28 
   1967     50-54      227645.34    129629.97    357275.31 
   1967     55-59      259776.14    153341.14    413117.29 
   1967     60-64      225031.11    135683.42    360714.53 
   1967     65-69      183991.39     96586.27    280577.65 
   1967     70-74      124903.38     70552.38    195455.76 
   1967     75-79       98668.55     45323.32    143991.88 
   1967     80-84       55720.30     24294.39     80014.69 
   1967     85-89       24872.06     10267.44     35139.49 
   1967     90-94        8486.35      2874.03     11360.38 
   1967     95-99        2541.30       744.38      3285.68 
   1967    100-104        497.68        99.89       597.57 
   1967    105-109         89.71         9.45        99.16 
   1967    110+             8.93         0.00         8.93 
   1968        0        71202.08     74646.89    145848.98 
   1968      1-4       308664.35    323622.38    632286.73 
   1968      5-9       463920.02    485775.04    949695.06 
   1968     10-14      444589.73    463117.90    907707.63 
   1968     15-19      368680.15    386451.11    755131.26 
   1968     20-24      260030.89    260927.60    520958.49 
   1968     25-29      319101.28    301462.86    620564.13 
   1968     30-34      369361.99    334143.86    703505.86 
   1968     35-39      385112.38    346327.76    731440.14 
   1968     40-44      370868.17    270362.68    641230.85 
   1968     45-49      254631.70    164226.38    418858.08 
   1968     50-54      209244.68    120786.64    330031.32 
   1968     55-59      266925.52    152613.14    419538.67 
   1968     60-64      228479.83    138527.90    367007.73 
   1968     65-69      194603.95    102214.10    296818.05 
   1968     70-74      126061.34     70333.68    196395.02 
   1968     75-79       97116.62     46460.94    143577.56 
   1968     80-84       59904.58     25116.50     85021.08 
   1968     85-89       26941.33     11185.06     38126.39 
   1968     90-94        8795.65      2928.32     11723.97 
   1968     95-99        2603.37       748.59      3351.96 
   1968    100-104        502.95        95.89       598.85 
   1968    105-109         86.91         8.86        95.77 
   1968    110+             9.90         0.00         9.90 
   1969        0        68645.32     71723.59    140368.91 
   1969      1-4       300770.30    314270.90    615041.20 
   1969      5-9       452555.51    474328.61    926884.13 
   1969     10-14      460013.47    479306.58    939320.05 
   1969     15-19      372913.47    392984.63    765898.11 
   1969     20-24      284647.48    287308.64    571956.12 
   1969     25-29      278968.90    267741.55    546710.44 
   1969     30-34      379075.27    344896.67    723971.94 
   1969     35-39      369475.94    335253.61    704729.55 
   1969     40-44      379458.65    294480.92    673939.57 
   1969     45-49      281610.95    182604.05    464214.99 
   1969     50-54      197006.53    116699.55    313706.08 
   1969     55-59      270604.88    150202.59    420807.47 
   1969     60-64      233657.48    140637.91    374295.39 
   1969     65-69      202842.12    108025.30    310867.41 
   1969     70-74      129028.79     70831.09    199859.89 
   1969     75-79       93605.71     47235.42    140841.14 
   1969     80-84       64256.51     25604.01     89860.51 
   1969     85-89       28807.27     11893.14     40700.42 
   1969     90-94        9310.90      3068.72     12379.62 
   1969     95-99        2826.70       792.59      3619.29 
   1969    100-104        487.70       100.48       588.18 
   1969    105-109         72.68         8.47        81.16 
   1969    110+             6.08         0.00         6.08 
   1970        0        68414.96     71556.51    139971.47 
   1970      1-4       292290.60    304724.03    597014.63 
   1970      5-9       435749.46    456458.65    892208.11 
   1970     10-14      466803.21    487538.25    954341.46 
   1970     15-19      383194.50    402774.94    785969.44 
   1970     20-24      313398.01    319289.87    632687.88 
   1970     25-29      247088.79    239678.32    486767.10 
   1970     30-34      380950.21    349155.19    730105.40 
   1970     35-39      355676.89    323669.58    679346.47 
   1970     40-44      386307.19    318502.40    704809.59 
   1970     45-49      309517.35    201335.59    510852.93 
   1970     50-54      192310.69    117534.05    309844.74 
   1970     55-59      263517.83    144321.05    407838.88 
   1970     60-64      241619.20    142676.65    384295.85 
   1970     65-69      204064.97    111387.76    315452.73 
   1970     70-74      140339.28     73555.95    213895.23 
   1970     75-79       92827.77     48796.93    141624.70 
   1970     80-84       67887.28     25888.43     93775.71 
   1970     85-89       30241.30     12168.62     42409.92 
   1970     90-94       10158.61      3373.42     13532.04 
   1970     95-99        3031.55       822.06      3853.62 
   1970    100-104        568.69       123.44       692.13 
   1970    105-109         74.73        10.63        85.36 
   1970    110+             4.50         0.00         4.50 
   1971        0        71269.48     74583.12    145852.61 
   1971      1-4       284099.75    295812.79    579912.54 
   1971      5-9       416617.76    436515.82    853133.58 
   1971     10-14      466052.42    488617.17    954669.58 
   1971     15-19      398473.96    414750.43    813224.39 
   1971     20-24      338433.31    348009.31    686442.63 
   1971     25-29      229271.60    224257.68    453529.29 
   1971     30-34      370088.45    343236.88    713325.33 
   1971     35-39      354882.27    319878.60    674760.87 
   1971     40-44      386565.69    336197.42    722763.11 
   1971     45-49      338252.21    221232.02    559484.24 
   1971     50-54      200901.78    125265.12    326166.90 
   1971     55-59      246457.05    135122.02    381579.07 
   1971     60-64      247620.74    142850.27    390471.01 
   1971     65-69      205957.91    114401.21    320359.12 
   1971     70-74      151391.35     76582.66    227974.01 
   1971     75-79       94740.63     49982.12    144722.75 
   1971     80-84       69577.53     26415.43     95992.96 
   1971     85-89       31641.30     12280.95     43922.25 
   1971     90-94       11197.50      3814.12     15011.62 
   1971     95-99        3097.79       824.03      3921.82 
   1971    100-104        660.22       142.31       802.52 
   1971    105-109         85.10        11.65        96.75 
   1971    110+             6.71         0.04         6.75 
   1972        0        71602.09     75254.09    146856.18 
   1972      1-4       281063.09    292430.17    573493.27 
   1972      5-9       399325.82    418032.29    817358.11 
   1972     10-14      460552.54    485442.82    945995.35 
   1972     15-19      413165.12    427138.63    840303.75 
   1972     20-24      352369.21    363995.15    716364.36 
   1972     25-29      232300.21    229437.37    461737.58 
   1972     30-34      347253.90    325394.90    672648.80 
   1972     35-39      359668.75    323569.37    683238.12 
   1972     40-44      384567.48    343636.89    728204.36 
   1972     45-49      358497.48    242829.63    601327.10 
   1972     50-54      224324.43    140205.16    364529.59 
   1972     55-59      224348.24    123610.95    347959.19 
   1972     60-64      253186.73    141860.08    395046.81 
   1972     65-69      212205.30    118834.73    331040.03 
   1972     70-74      158404.55     79182.03    237586.58 
   1972     75-79       96432.52     50372.28    146804.80 
   1972     80-84       68972.26     27121.42     96093.67 
   1972     85-89       33497.33     12527.82     46025.15 
   1972     90-94       12201.19      4192.61     16393.80 
   1972     95-99        3214.95       844.83      4059.78 
   1972    100-104        654.07       135.64       789.71 
   1972    105-109         77.99         8.14        86.13 
   1972    110+             5.33         0.00         5.33 
   1973        0        70420.73     74353.55    144774.28 
   1973      1-4       280638.80    292256.64    572895.44 
   1973      5-9       384087.03    400581.01    784668.03 
   1973     10-14      450522.60    478341.55    928864.15 
   1973     15-19      427508.26    441248.19    868756.45 
   1973     20-24      360561.29    372413.46    732974.75 
   1973     25-29      253517.46    252477.89    505995.35 
   1973     30-34      312357.62    295283.57    607641.19 
   1973     35-39      364838.25    330637.57    695475.82 
   1973     40-44      379233.91    340123.54    719357.45 
   1973     45-49      368677.24    265754.10    634431.34 
   1973     50-54      255934.95    158795.86    414730.81 
   1973     55-59      206187.14    115279.91    321467.04 
   1973     60-64      258634.76    141128.02    399762.78 
   1973     65-69      215971.49    120912.93    336884.42 
   1973     70-74      168003.72     83195.57    251199.29 
   1973     75-79       97888.54     50514.71    148403.24 
   1973     80-84       67250.07     27842.09     95092.16 
   1973     85-89       35816.23     12790.69     48606.92 
   1973     90-94       13170.87      4498.02     17668.89 
   1973     95-99        3351.70       863.74      4215.44 
   1973    100-104        646.95       132.05       779.01 
   1973    105-109         67.00         6.09        73.08 
   1973    110+             2.95         0.00         2.95 
   1974        0        70282.32     73966.84    144249.16 
   1974      1-4       282203.46    294410.23    576613.69 
   1974      5-9       370419.37    384772.30    755191.67 
   1974     10-14      438387.17    466115.77    904502.93 
   1974     15-19      436346.40    453056.77    889403.17 
   1974     20-24      366132.57    377380.90    743513.48 
   1974     25-29      282911.73    283750.54    566662.27 
   1974     30-34      276828.73    265100.03    541928.76 
   1974     35-39      376890.56    341872.05    718762.60 
   1974     40-44      364882.87    328533.94    693416.81 
   1974     45-49      376222.80    288332.30    664555.10 
   1974     50-54      285096.76    176372.43    461469.20 
   1974     55-59      195368.16    111328.98    306697.14 
   1974     60-64      260947.41    139536.57    400483.98 
   1974     65-69      219849.19    121928.16    341777.36 
   1974     70-74      177171.76     87613.14    264784.90 
   1974     75-79       99871.89     50824.19    150696.08 
   1974     80-84       65576.14     28685.65     94261.79 
   1974     85-89       38534.15     12918.90     51453.05 
   1974     90-94       14148.94      4795.65     18944.59 
   1974     95-99        3614.79       921.08      4535.87 
   1974    100-104        708.04       143.80       851.84 
   1974    105-109         65.65         6.08        71.73 
   1974    110+             2.27         0.00         2.27 
   1975        0        70750.19     74296.91    145047.10 
   1975      1-4       283968.10    296499.88    580467.99 
   1975      5-9       361066.56    374246.81    735313.37 
   1975     10-14      424899.57    448814.97    873714.53 
   1975     15-19      438082.89    460442.79    898525.68 
   1975     20-24      373911.34    383467.62    757378.96 
   1975     25-29      314237.26    317293.08    631530.34 
   1975     30-34      247863.19    239507.34    487370.53 
   1975     35-39      380200.22    346383.72    726583.94 
   1975     40-44      352119.63    317029.99    669149.62 
   1975     45-49      382225.11    310494.56    692719.68 
   1975     50-54      313123.54    194295.26    507418.80 
   1975     55-59      191907.28    111874.00    303781.28 
   1975     60-64      253598.96    134412.80    388011.76 
   1975     65-69      226735.10    123390.27    350125.37 
   1975     70-74      180212.04     89948.80    270160.84 
   1975     75-79      109245.21     52895.60    162140.81 
   1975     80-84       64494.30     29424.99     93919.29 
   1975     85-89       41000.67     13001.92     54002.59 
   1975     90-94       14902.63      4919.83     19822.46 
   1975     95-99        4039.93      1060.17      5100.10 
   1975    100-104        796.71       167.74       964.45 
   1975    105-109         72.82         8.27        81.09 
   1975    110+             1.96         0.00         1.96 
   1976        0        70887.97     74410.85    145298.82 
   1976      1-4       283932.20    296598.40    580530.60 
   1976      5-9       356720.02    369182.23    725902.26 
   1976     10-14      410737.51    431160.66    841898.17 
   1976     15-19      436698.51    464637.40    901335.91 
   1976     20-24      384416.62    391063.68    775480.30 
   1976     25-29      339196.61    343687.88    682884.50 
   1976     30-34      230020.40    223903.17    453923.58 
   1976     35-39      369891.90    340451.89    710343.79 
   1976     40-44      351606.51    313783.77    665390.28 
   1976     45-49      381689.44    326614.16    708303.60 
   1976     50-54      340011.17    213382.94    553394.11 
   1976     55-59      201253.92    118770.76    320024.68 
   1976     60-64      236835.96    125441.07    362277.03 
   1976     65-69      232806.84    123982.37    356789.21 
   1976     70-74      182573.37     91868.31    274441.68 
   1976     75-79      119261.24     55188.51    174449.75 
   1976     80-84       64388.76     29734.41     94123.17 
   1976     85-89       41970.32     13131.15     55101.46 
   1976     90-94       15445.84      4862.30     20308.14 
   1976     95-99        4433.91      1196.99      5630.90 
   1976    100-104        834.42       183.42      1017.84 
   1976    105-109         76.30        11.25        87.55 
   1976    110+             0.95         0.00         0.95 
   1977        0        71428.20     74785.14    146213.34 
   1977      1-4       283471.60    295668.21    579139.81 
   1977      5-9       355467.07    367793.09    723260.16 
   1977     10-14      395847.77    413650.46    809498.23 
   1977     15-19      433910.81    466602.00    900512.81 
   1977     20-24      393997.11    398627.76    792624.87 
   1977     25-29      352788.36    356844.04    709632.40 
   1977     30-34      232517.90    228775.78    461293.68 
   1977     35-39      347551.09    322696.64    670247.72 
   1977     40-44      356774.08    317720.35    674494.43 
   1977     45-49      379138.23    333117.23    712255.46 
   1977     50-54      357527.52    233587.82    591115.34 
   1977     55-59      225602.95    132553.71    358156.66 
   1977     60-64      215642.58    114217.99    329860.57 
   1977     65-69      238419.57    123726.50    362146.07 
   1977     70-74      188397.14     95031.50    283428.63 
   1977     75-79      125956.00     56987.64    182943.65 
   1977     80-84       65003.00     29757.39     94760.39 
   1977     85-89       41425.14     13443.60     54868.74 
   1977     90-94       16125.18      4843.48     20968.65 
   1977     95-99        4772.13      1280.18      6052.32 
   1977    100-104        869.01       191.61      1060.63 
   1977    105-109         84.46        13.80        98.26 
   1977    110+             0.89         0.00         0.89 
   1978        0        71172.10     73912.65    145084.75 
   1978      1-4       283762.43    294937.61    578700.04 
   1978      5-9       355991.60    368494.74    724486.35 
   1978     10-14      381625.07    396137.26    777762.33 
   1978     15-19      428146.94    464611.70    892758.64 
   1978     20-24      404174.54    409844.18    814018.72 
   1978     25-29      358887.88    360937.04    719824.91 
   1978     30-34      254050.32    251936.20    505986.51 
   1978     35-39      312214.23    292401.52    604615.75 
   1978     40-44      362835.97    324942.15    687778.12 
   1978     45-49      373144.72    328757.34    701902.05 
   1978     50-54      365174.33    255552.94    620727.27 
   1978     55-59      257759.43    149621.44    407380.88 
   1978     60-64      199609.96    106280.28    305890.24 
   1978     65-69      242400.61    123264.48    365665.09 
   1978     70-74      192627.00     96574.28    289201.28 
   1978     75-79      133397.01     59638.94    193035.95 
   1978     80-84       65358.84     29611.27     94970.12 
   1978     85-89       40328.12     13874.74     54202.86 
   1978     90-94       17098.40      4895.99     21994.39 
   1978     95-99        5122.22      1355.23      6477.45 
   1978    100-104        935.43       203.71      1139.14 
   1978    105-109        102.05        18.59       120.64 
   1978    110+             1.68         0.00         1.68 
   1979        0        71852.36     75187.90    147040.26 
   1979      1-4       285699.94    296752.47    582452.41 
   1979      5-9       356924.97    370016.25    726941.22 
   1979     10-14      368896.17    380994.66    749890.83 
   1979     15-19      422265.36    453361.51    875626.88 
   1979     20-24      413386.48    423172.59    836559.07 
   1979     25-29      362052.39    363623.96    725676.35 
   1979     30-34      284519.95    283754.23    568274.18 
   1979     35-39      275805.62    262671.07    538476.69 
   1979     40-44      374785.43    335264.70    710050.12 
   1979     45-49      358868.95    316225.63    675094.58 
   1979     50-54      370993.57    277323.98    648317.55 
   1979     55-59      285984.25    165928.35    451912.60 
   1979     60-64      189985.75    101598.70    291584.45 
   1979     65-69      241188.70    121313.79    362502.48 
   1979     70-74      197001.80     96510.76    293512.56 
   1979     75-79      138608.31     61657.57    200265.88 
   1979     80-84       66760.37     29708.49     96468.87 
   1979     85-89       39151.86     14169.05     53320.91 
   1979     90-94       18334.33      4884.29     23218.63 
   1979     95-99        5461.06      1403.82      6864.88 
   1979    100-104       1059.56       224.21      1283.76 
   1979    105-109        134.32        25.96       160.28 
   1979    110+             3.60         0.00         3.60 
   1980        0        74401.33     78632.28    153033.60 
   1980      1-4       288785.54    300782.94    589568.48 
   1980      5-9       357506.30    372101.78    729608.09 
   1980     10-14      359702.61    371000.51    730703.12 
   1980     15-19      414883.78    435480.35    850364.13 
   1980     20-24      422245.37    434903.49    857148.87 
   1980     25-29      369660.27    372236.45    741896.72 
   1980     30-34      316990.56    317562.69    634553.25 
   1980     35-39      246741.06    237295.58    484036.64 
   1980     40-44      377196.03    339381.21    716577.24 
   1980     45-49      346103.47    304243.76    650347.23 
   1980     50-54      376533.91    297299.27    673833.18 
   1980     55-59      311010.23    182595.10    493605.34 
   1980     60-64      186479.55    101239.30    287718.85 
   1980     65-69      234348.13    115738.44    350086.58 
   1980     70-74      199873.30     96374.69    296248.00 
   1980     75-79      144127.26     62866.11    206993.37 
   1980     80-84       71046.59     30409.62    101456.21 
   1980     85-89       37889.25     14194.43     52083.68 
   1980     90-94       19390.90      4785.04     24175.94 
   1980     95-99        5655.59      1372.30      7027.89 
   1980    100-104       1209.05       252.49      1461.53 
   1980    105-109        173.84        32.79       206.63 
   1980    110+             7.07         0.29         7.36 
   1981        0        76407.18     80287.78    156694.96 
   1981      1-4       292375.23    306081.71    598456.94 
   1981      5-9       357037.32    372693.21    729730.53 
   1981     10-14      354636.12    366106.50    720742.63 
   1981     15-19      404850.28    417505.07    822355.35 
   1981     20-24      430694.34    445166.11    875860.46 
   1981     25-29      381701.24    382576.38    764277.63 
   1981     30-34      343306.27    343894.23    687200.50 
   1981     35-39      229163.40    221491.39    450654.79 
   1981     40-44      366064.99    334291.99    700356.98 
   1981     45-49      345025.61    301067.24    646092.86 
   1981     50-54      375873.29    310803.04    686676.33 
   1981     55-59      334602.64    200190.48    534793.12 
   1981     60-64      194956.17    107449.47    302405.64 
   1981     65-69      218861.23    107006.16    325867.38 
   1981     70-74      203291.91     96480.89    299772.80 
   1981     75-79      147533.21     64093.08    211626.29 
   1981     80-84       76205.60     31490.13    107695.73 
   1981     85-89       37241.31     14026.01     51267.32 
   1981     90-94       19775.31      4736.29     24511.60 
   1981     95-99        5752.92      1315.17      7068.09 
   1981    100-104       1320.41       273.35      1593.76 
   1981    105-109        198.60        36.05       234.64 
   1981    110+            10.83         0.93        11.76 
   1982        0        77615.28     81089.80    158705.08 
   1982      1-4       296854.69    311912.16    608766.85 
   1982      5-9       356745.43    372168.57    728914.00 
   1982     10-14      352135.14    365104.20    717239.34 
   1982     15-19      392974.85    399187.38    792162.23 
   1982     20-24      434224.75    451515.78    885740.53 
   1982     25-29      394195.37    392078.00    786273.37 
   1982     30-34      357921.44    358064.62    715986.06 
   1982     35-39      231996.89    226747.07    458743.96 
   1982     40-44      342704.79    316834.94    659539.73 
   1982     45-49      350034.28    304827.03    654861.32 
   1982     50-54      373202.29    314723.11    687925.40 
   1982     55-59      350234.78    219565.06    569799.84 
   1982     60-64      216869.90    119710.53    336580.43 
   1982     65-69      198208.26     96680.97    294889.23 
   1982     70-74      208207.69     96326.22    304533.90 
   1982     75-79      149263.87     65560.08    214823.95 
   1982     80-84       80400.73     32775.21    113175.93 
   1982     85-89       37397.26     13858.44     51255.70 
   1982     90-94       19527.74      4844.25     24371.99 
   1982     95-99        5961.47      1315.61      7277.08 
   1982    100-104       1430.86       280.11      1710.97 
   1982    105-109        220.79        35.80       256.59 
   1982    110+            15.83         1.27        17.10 
   1983        0        81139.21     84258.33    165397.54 
   1983      1-4       300931.38    315384.72    616316.10 
   1983      5-9       357819.63    372489.34    730308.97 
   1983     10-14      352020.68    366977.14    718997.82 
   1983     15-19      380779.95    383223.74    764003.69 
   1983     20-24      430304.61    448296.54    878601.15 
   1983     25-29      406420.39    405746.49    812166.87 
   1983     30-34      364318.05    364399.95    728718.00 
   1983     35-39      253412.52    249100.46    502512.98 
   1983     40-44      307954.60    287232.23    595186.82 
   1983     45-49      355480.10    311589.50    667069.60 
   1983     50-54      368008.12    309784.86    677792.98 
   1983     55-59      357559.41    239120.74    596680.15 
   1983     60-64      246035.60    135324.60    381360.20 
   1983     65-69      184609.63     89645.42    274255.05 
   1983     70-74      210948.71     96113.01    307061.72 
   1983     75-79      151464.96     66327.75    217792.71 
   1983     80-84       84894.12     34301.64    119195.76 
   1983     85-89       37259.32     13639.35     50898.68 
   1983     90-94       18972.76      5011.22     23983.98 
   1983     95-99        6237.81      1323.50      7561.31 
   1983    100-104       1553.57       280.08      1833.66 
   1983    105-109        252.16        33.17       285.33 
   1983    110+            23.56         1.18        24.74 
   1984        0        82975.41     86329.35    169304.75 
   1984      1-4       307489.46    320382.98    627872.44 
   1984      5-9       360192.43    374557.15    734749.58 
   1984     10-14      353677.70    369433.16    723110.86 
   1984     15-19      370905.58    371391.65    742297.23 
   1984     20-24      421511.39    435415.32    856926.71 
   1984     25-29      416524.39    421064.42    837588.80 
   1984     30-34      366668.34    367236.98    733905.32 
   1984     35-39      283381.37    279228.26    562609.63 
   1984     40-44      273335.54    257305.19    530640.73 
   1984     45-49      366865.62    322331.40    689197.01 
   1984     50-54      353500.51    297349.82    650850.33 
   1984     55-59      364154.55    258068.19    622222.74 
   1984     60-64      271946.94    149604.13    421551.07 
   1984     65-69      175772.87     86153.78    261926.65 
   1984     70-74      211386.76     95053.76    306440.52 
   1984     75-79      154478.99     66461.20    220940.19 
   1984     80-84       89101.08     35622.93    124724.01 
   1984     85-89       37475.85     13491.78     50967.63 
   1984     90-94       18230.58      5022.86     23253.45 
   1984     95-99        6570.22      1286.81      7857.03 
   1984    100-104       1620.45       267.58      1888.03 
   1984    105-109        283.20        29.81       313.02 
   1984    110+            32.86         0.94        33.80 
   1985        0        81343.88     85011.17    166355.04 
   1985      1-4       315892.22    327768.80    643661.02 
   1985      5-9       363339.22    377841.02    741180.24 
   1985     10-14      355663.23    371457.67    727120.91 
   1985     15-19      364301.26    363608.50    727909.76 
   1985     20-24      408939.33    417589.91    826529.25 
   1985     25-29      424994.84    432791.53    857786.38 
   1985     30-34      372242.04    373324.16    745566.21 
   1985     35-39      315156.42    311307.14    626463.56 
   1985     40-44      245069.52    231690.79    476760.31 
   1985     45-49      369493.86    326407.09    695900.94 
   1985     50-54      339497.95    285462.64    624960.59 
   1985     55-59      370307.60    276127.50    646435.10 
   1985     60-64      295837.94    163717.08    459555.02 
   1985     65-69      172475.58     86005.43    258481.01 
   1985     70-74      206318.94     90935.94    297254.88 
   1985     75-79      157502.01     66566.82    224068.83 
   1985     80-84       91002.81     36159.26    127162.06 
   1985     85-89       39491.26     13734.76     53226.03 
   1985     90-94       17278.71      4844.02     22122.73 
   1985     95-99        6833.27      1253.60      8086.87 
   1985    100-104       1634.99       244.89      1879.88 
   1985    105-109        317.84        27.97       345.81 
   1985    110+            44.26         0.44        44.70 
   1986        0        82016.34     85767.41    167783.75 
   1986      1-4       320960.58    333184.41    654145.00 
   1986      5-9       367443.59    381760.29    749203.88 
   1986     10-14      356108.23    372072.13    728180.37 
   1986     15-19      360105.75    357877.65    717983.40 
   1986     20-24      393024.89    398648.15    791673.04 
   1986     25-29      430954.69    439473.51    870428.20 
   1986     30-34      382281.25    382633.04    764914.29 
   1986     35-39      341233.47    337535.51    678768.97 
   1986     40-44      226881.21    215479.56    442360.76 
   1986     45-49      359110.22    320505.12    679615.34 
   1986     50-54      337343.11    283376.30    620719.41 
   1986     55-59      369658.95    287871.44    657530.39 
   1986     60-64      320287.65    179239.26    499526.91 
   1986     65-69      179786.97     91154.23    270941.20 
   1986     70-74      193471.14     84004.44    277475.58 
   1986     75-79      160389.55     66641.38    227030.92 
   1986     80-84       92560.74     36615.27    129176.01 
   1986     85-89       42157.08     14251.70     56408.78 
   1986     90-94       16610.46      4643.80     21254.25 
   1986     95-99        6760.95      1239.24      8000.19 
   1986    100-104       1642.69       232.37      1875.05 
   1986    105-109        350.63        28.58       379.21 
   1986    110+            54.64         0.05        54.69 
   1987        0        80587.50     84486.20    165073.71 
   1987      1-4       325211.54    338182.15    663393.69 
   1987      5-9       372241.40    386156.10    758397.50 
   1987     10-14      356739.73    371210.73    727950.45 
   1987     15-19      356088.38    354417.86    710506.24 
   1987     20-24      376869.91    380086.84    756956.76 
   1987     25-29      432225.03    440460.35    872685.38 
   1987     30-34      394009.42    393439.68    787449.10 
   1987     35-39      356075.05    352228.95    708304.00 
   1987     40-44      228785.20    219387.38    448172.57 
   1987     45-49      337274.00    303725.29    640999.29 
   1987     50-54      341063.37    287603.39    628666.76 
   1987     55-59      366756.85    291321.84    658078.69 
   1987     60-64      337572.19    197193.83    534766.03 
   1987     65-69      199517.35    101698.94    301216.29 
   1987     70-74      174534.85     75638.77    250173.62 
   1987     75-79      165282.20     66769.27    232051.47 
   1987     80-84       95143.19     37494.45    132637.64 
   1987     85-89       44228.00     14848.51     59076.51 
   1987     90-94       16249.72      4498.99     20748.72 
   1987     95-99        6493.71      1245.01      7738.72 
   1987    100-104       1642.30       236.38      1878.68 
   1987    105-109        364.83        30.65       395.48 
   1987    110+            58.81         0.45        59.26 
   1988        0        78976.10     83567.80    162543.90 
   1988      1-4       325555.14    339023.62    664578.76 
   1988      5-9       380960.41    395002.12    775962.53 
   1988     10-14      358758.42    370900.51    729658.93 
   1988     15-19      353936.75    354089.26    708026.01 
   1988     20-24      362719.38    361839.88    724559.27 
   1988     25-29      430032.03    438194.26    868226.29 
   1988     30-34      408001.23    408949.13    816950.37 
   1988     35-39      363536.85    359718.27    723255.12 
   1988     40-44      249206.70    240313.43    489520.12 
   1988     45-49      302502.84    275364.21    577867.05 
   1988     50-54      345074.94    293745.03    638819.97 
   1988     55-59      359759.29    285943.17    645702.46 
   1988     60-64      344276.85    214862.97    559139.82 
   1988     65-69      224670.79    114718.06    339388.84 
   1988     70-74      160616.05     69813.22    230429.27 
   1988     75-79      167259.42     66619.04    233878.46 
   1988     80-84       97199.84     37978.32    135178.16 
   1988     85-89       46285.45     15484.20     61769.65 
   1988     90-94       15667.56      4348.25     20015.81 
   1988     95-99        6210.11      1241.68      7451.78 
   1988    100-104       1634.78       235.26      1870.04 
   1988    105-109        368.49        30.77       399.26 
   1988    110+            61.08         0.87        61.95 
   1989        0        76981.95     82187.17    159169.12 
   1989      1-4       322407.16    336970.90    659378.05 
   1989      5-9       390794.45    405449.75    796244.20 
   1989     10-14      361179.88    372773.16    733953.03 
   1989     15-19      355846.86    357876.98    713723.84 
   1989     20-24      351950.56    347521.30    699471.86 
   1989     25-29      421715.32    428930.11    850645.43 
   1989     30-34      420731.00    423579.88    844310.88 
   1989     35-39      366831.12    363578.22    730409.35 
   1989     40-44      278936.96    269821.57    548758.53 
   1989     45-49      267558.85    246382.35    513941.20 
   1989     50-54      355646.34    303534.22    659180.56 
   1989     55-59      343483.13    273496.71    616979.83 
   1989     60-64      349116.80    231399.99    580516.79 
   1989     65-69      247445.80    126647.68    374093.48 
   1989     70-74      152231.93     67199.81    219431.74 
   1989     75-79      166870.62     65793.16    232663.78 
   1989     80-84       99316.66     38199.26    137515.92 
   1989     85-89       48511.93     16079.59     64591.52 
   1989     90-94       15602.51      4324.49     19927.00 
   1989     95-99        5976.90      1199.13      7176.03 
   1989    100-104       1654.08       220.64      1874.72 
   1989    105-109        360.74        27.17       387.91 
   1989    110+            61.54         0.60        62.15 
   1990        0        71540.74     75977.73    147518.47 
   1990      1-4       318691.88    334949.68    653641.56 
   1990      5-9       397247.00    412225.75    809472.75 
   1990     10-14      363786.36    376051.76    739838.12 
   1990     15-19      359855.55    363733.56    723589.11 
   1990     20-24      343889.47    338012.58    681902.04 
   1990     25-29      406781.26    411143.42    817924.68 
   1990     30-34      429042.33    432359.09    861401.42 
   1990     35-39      371534.02    368295.97    739830.00 
   1990     40-44      310228.91    300876.84    611105.74 
   1990     45-49      239991.31    221921.71    461913.02 
   1990     50-54      357989.35    306466.66    664456.02 
   1990     55-59      328314.52    262307.81    590622.33 
   1990     60-64      353178.86    246537.90    599716.75 
   1990     65-69      269607.61    138261.15    407868.76 
   1990     70-74      148912.37     67220.33    216132.70 
   1990     75-79      162970.76     63001.61    225972.37 
   1990     80-84      102341.32     38473.10    140814.42 
   1990     85-89       49789.18     16376.84     66166.02 
   1990     90-94       16625.65      4511.39     21137.04 
   1990     95-99        5783.01      1141.48      6924.49 
   1990    100-104       1652.95       205.94      1858.88 
   1990    105-109        326.35        23.07       349.42 
   1990    110+            54.37         0.17        54.55 
   1991        0        66069.24     70298.01    136367.25 
   1991      1-4       309548.38    326461.29    636009.67 
   1991      5-9       403528.14    418947.26    822475.39 
   1991     10-14      367914.89    380039.99    747954.88 
   1991     15-19      359988.55    365468.05    725456.60 
   1991     20-24      340006.53    332571.81    672578.34 
   1991     25-29      390307.35    392305.11    782612.46 
   1991     30-34      434364.28    438071.95    872436.23 
   1991     35-39      380660.89    376838.07    757498.96 
   1991     40-44      335713.68    325721.07    661434.74 
   1991     45-49      221746.38    206058.00    427804.39 
   1991     50-54      347326.19    299135.23    646461.42 
   1991     55-59      324216.58    259728.36    583944.94 
   1991     60-64      350331.93    254803.62    605135.56 
   1991     65-69      291507.32    150350.72    441858.04 
   1991     70-74      154458.36     70907.47    225365.83 
   1991     75-79      151612.23     57649.56    209261.79 
   1991     80-84      105068.77     38402.46    143471.23 
   1991     85-89       50358.79     16540.43     66899.23 
   1991     90-94       17651.17      4714.94     22366.11 
   1991     95-99        5507.40      1080.55      6587.95 
   1991    100-104       1534.63       194.21      1728.84 
   1991    105-109        275.63        20.39       296.02 
   1991    110+            42.74         0.18        42.93 
   1992        0        62402.43     66370.72    128773.15 
   1992      1-4       295893.88    313391.67    609285.55 
   1992      5-9       408768.98    424973.21    833742.20 
   1992     10-14      373578.38    386019.97    759598.34 
   1992     15-19      359083.57    365481.15    724564.72 
   1992     20-24      340872.57    335053.29    675925.86 
   1992     25-29      375360.80    375873.42    751234.22 
   1992     30-34      435821.11    439848.76    875669.88 
   1992     35-39      392377.45    388459.75    780837.20 
   1992     40-44      351283.16    340899.55    692182.71 
   1992     45-49      223378.67    209486.17    432864.84 
   1992     50-54      326181.43    282745.55    608926.98 
   1992     55-59      326602.68    262412.37    589015.05 
   1992     60-64      345991.11    255901.69    601892.81 
   1992     65-69      307297.07    164344.16    471641.22 
   1992     70-74      170794.22     78520.96    249315.17 
   1992     75-79      135563.87     51207.44    186771.31 
   1992     80-84      107306.85     38090.19    145397.04 
   1992     85-89       51259.79     16837.81     68097.61 
   1992     90-94       18188.47      4877.40     23065.87 
   1992     95-99        5223.59      1045.00      6268.59 
   1992    100-104       1347.06       184.93      1532.00 
   1992    105-109        221.54        17.67       239.21 
   1992    110+            29.53         0.14        29.67 
   1993        0        58921.44     62377.12    121298.56 
   1993      1-4       279523.38    296842.83    576366.21 
   1993      5-9       408986.24    426386.39    835372.63 
   1993     10-14      383088.94    396656.52    779745.45 
   1993     15-19      360534.68    367637.25    728171.93 
   1993     20-24      343410.11    343433.60    686843.70 
   1993     25-29      362560.05    359286.93    721846.98 
   1993     30-34      432210.36    436478.81    868689.17 
   1993     35-39      406850.52    403330.65    810181.17 
   1993     40-44      359664.24    349066.98    708731.22 
   1993     45-49      243983.21    229417.03    473400.24 
   1993     50-54      293421.82    256129.71    549551.53 
   1993     55-59      330817.28    266815.55    597632.83 
   1993     60-64      339342.03    250066.82    589408.85 
   1993     65-69      313916.41    178013.82    491930.24 
   1993     70-74      193195.25     88225.38    281420.63 
   1993     75-79      124734.40     47145.37    171879.77 
   1993     80-84      108842.04     37474.41    146316.45 
   1993     85-89       51567.97     16811.88     68379.85 
   1993     90-94       18636.63      4989.70     23626.34 
   1993     95-99        4885.11       990.85      5875.97 
   1993    100-104       1178.75       169.82      1348.57 
   1993    105-109        170.10        13.55       183.65 
   1993    110+            17.31         0.05        17.36 
   1994        0        54516.05     57733.44    112249.49 
   1994      1-4       261053.22    275460.51    536513.73 
   1994      5-9       404904.11    421623.28    826527.38 
   1994     10-14      394113.88    406311.99    800425.87 
   1994     15-19      363753.97    370787.34    734541.31 
   1994     20-24      347448.00    349842.29    697290.29 
   1994     25-29      351235.52    343232.88    694468.40 
   1994     30-34      423606.73    424353.16    847959.89 
   1994     35-39      420838.99    414930.96    835769.95 
   1994     40-44      364310.98    351213.94    715524.92 
   1994     45-49      274348.57    256063.76    530412.32 
   1994     50-54      260675.56    227904.49    488580.05 
   1994     55-59      342076.44    273302.27    615378.71 
   1994     60-64      324652.27    237401.62    562053.89 
   1994     65-69      319274.30    189865.19    509139.49 
   1994     70-74      213601.53     96610.57    310212.10 
   1994     75-79      118628.52     45109.44    163737.96 
   1994     80-84      108122.60     36287.92    144410.52 
   1994     85-89       51538.68     16487.07     68025.76 
   1994     90-94       18848.27      4966.79     23815.06 
   1994     95-99        4667.18       934.56      5601.74 
   1994    100-104       1052.98       145.20      1198.18 
   1994    105-109        134.55         9.06       143.61 
   1994    110+            10.19         0.00        10.19 
   1995        0        50308.30     53592.06    103900.36 
   1995      1-4       242790.40    255417.56    498207.96 
   1995      5-9       396118.19    412116.15    808234.35 
   1995     10-14      401431.82    412200.27    813632.09 
   1995     15-19      367143.16    373782.35    740925.52 
   1995     20-24      352931.80    355687.36    708619.16 
   1995     25-29      342152.41    332762.02    674914.43 
   1995     30-34      409671.73    405857.37    815529.10 
   1995     35-39      430405.37    422394.86    852800.23 
   1995     40-44      370251.14    354549.30    724800.43 
   1995     45-49      306256.86    284480.50    590737.37 
   1995     50-54      234508.74    204326.91    438835.65 
   1995     55-59      345194.24    274083.66    619277.90 
   1995     60-64      310648.15    225849.96    536498.11 
   1995     65-69      323955.75    200716.55    524672.30 
   1995     70-74      233252.49    104681.36    337933.85 
   1995     75-79      116527.69     44921.95    161449.64 
   1995     80-84      103971.29     34164.90    138136.19 
   1995     85-89       52240.91     16122.40     68363.31 
   1995     90-94       18582.59      4834.37     23416.96 
   1995     95-99        4822.15       946.65      5768.80 
   1995    100-104        923.64       123.98      1047.62 
   1995    105-109        101.56         5.77       107.33 
   1995    110+             5.35         0.00         5.35 
   1996        0        46641.12     50091.47     96732.59 
   1996      1-4       225783.14    238377.91    464161.05 
   1996      5-9       379784.46    397627.85    777412.31 
   1996     10-14      407216.80    419266.41    826483.20 
   1996     15-19      370390.71    378091.35    748482.06 
   1996     20-24      355952.12    360637.43    716589.55 
   1996     25-29      337865.50    329771.04    667636.54 
   1996     30-34      392689.71    387730.31    780420.02 
   1996     35-39      435691.08    428546.46    864237.54 
   1996     40-44      379535.83    363369.51    742905.33 
   1996     45-49      331765.42    308165.11    639930.54 
   1996     50-54      216828.00    189647.33    406475.33 
   1996     55-59      335430.78    267059.10    602489.88 
   1996     60-64      307045.56    222895.01    529940.57 
   1996     65-69      322015.81    206401.95    528417.76 
   1996     70-74      252962.98    113357.54    366320.52 
   1996     75-79      121470.63     47535.55    169006.18 
   1996     80-84       96215.60     31031.40    127246.99 
   1996     85-89       52969.80     15771.47     68741.27 
   1996     90-94       18190.50      4750.87     22941.37 
   1996     95-99        4922.87       973.52      5896.39 
   1996    100-104        807.28       112.05       919.33 
   1996    105-109         69.40         3.41        72.81 
   1996    110+             1.81         0.00         1.81 
   1997        0        44114.22     47027.90     91142.12 
   1997      1-4       209381.47    222281.19    431662.67 
   1997      5-9       360157.46    379551.39    739708.85 
   1997     10-14      411124.76    424773.75    835898.51 
   1997     15-19      374479.25    384154.95    758634.21 
   1997     20-24      356656.22    361186.81    717843.03 
   1997     25-29      338158.22    333239.17    671397.40 
   1997     30-34      375945.82    370428.12    746373.94 
   1997     35-39      435738.00    429416.67    865154.67 
   1997     40-44      390054.00    373823.17    763877.17 
   1997     45-49      346432.75    321626.26    668059.01 
   1997     50-54      218060.67    192335.61    410396.28 
   1997     55-59      314790.59    251317.72    566108.31 
   1997     60-64      309204.61    224281.32    533485.93 
   1997     65-69      317818.79    205677.28    523496.07 
   1997     70-74      266794.73    123272.21    390066.94 
   1997     75-79      134056.89     52339.03    186395.92 
   1997     80-84       87141.82     27761.62    114903.44 
   1997     85-89       53216.03     15441.26     68657.29 
   1997     90-94       17880.00      4726.84     22606.84 
   1997     95-99        4744.29       976.39      5720.67 
   1997    100-104        729.79       112.47       842.26 
   1997    105-109         52.76         2.43        55.19 
   1997    110+             0.77         0.00         0.77 
   1998        0        43604.69     46472.96     90077.65 
   1998      1-4       194715.47    206619.68    401335.15 
   1998      5-9       336734.89    355061.20    691796.09 
   1998     10-14      408452.77    424927.59    833380.35 
   1998     15-19      380396.50    395944.25    776340.75 
   1998     20-24      353545.35    360202.42    713747.77 
   1998     25-29      341895.74    340119.71    682015.45 
   1998     30-34      361950.65    356622.25    718572.90 
   1998     35-39      430185.66    423468.32    853653.98 
   1998     40-44      404629.77    386421.55    791051.32 
   1998     45-49      354119.27    327841.72    681960.98 
   1998     50-54      238234.43    210956.46    449190.89 
   1998     55-59      284578.68    227543.57    512122.25 
   1998     60-64      315969.51    228711.80    544681.31 
   1998     65-69      310753.69    200107.19    510860.88 
   1998     70-74      273707.90    133549.57    407257.47 
   1998     75-79      151742.41     58073.82    209816.24 
   1998     80-84       80201.07     25464.36    105665.43 
   1998     85-89       53254.68     15012.01     68266.69 
   1998     90-94       17450.45      4628.99     22079.44 
   1998     95-99        4558.34       972.70      5531.04 
   1998    100-104        658.30       118.91       777.20 
   1998    105-109         45.85         3.64        49.49 
   1998    110+             0.18         0.00         0.18 
   1999        0        44615.00     47523.29     92138.30 
   1999      1-4       184496.30    195102.76    379599.06 
   1999      5-9       311764.27    328311.58    640075.85 
   1999     10-14      401583.69    420072.58    821656.27 
   1999     15-19      387395.07    406454.23    793849.30 
   1999     20-24      351474.13    361671.16    713145.29 
   1999     25-29      345774.69    344849.84    690624.53 
   1999     30-34      351777.04    346849.70    698626.74 
   1999     35-39      420211.01    412036.21    832247.22 
   1999     40-44      418247.49    397894.53    816142.03 
   1999     45-49      358312.78    330037.13    688349.91 
   1999     50-54      268164.72    237703.51    505868.23 
   1999     55-59      253521.15    203414.72    456935.87 
   1999     60-64      329210.70    236302.42    565513.12 
   1999     65-69      296253.72    190142.91    486396.63 
   1999     70-74      278839.37    142265.13    421104.50 
   1999     75-79      167471.72     63078.17    230549.88 
   1999     80-84       76444.74     24499.73    100944.48 
   1999     85-89       52492.60     14361.17     66853.77 
   1999     90-94       17056.09      4434.84     21490.93 
   1999     95-99        4436.93       974.40      5411.33 
   1999    100-104        658.59       126.87       785.45 
   1999    105-109         49.72         6.24        55.97 
   1999    110+             0.38         0.00         0.38 
   2000        0        45001.55     47625.16     92626.71 
   2000      1-4       178932.43    189386.90    368319.33 
   2000      5-9       290607.79    306754.44    597362.23 
   2000     10-14      391768.66    410505.07    802273.73 
   2000     15-19      393203.52    410144.40    803347.92 
   2000     20-24      354038.66    365889.75    719928.42 
   2000     25-29      346792.58    345685.30    692477.87 
   2000     30-34      345939.19    340592.33    686531.52 
   2000     35-39      406032.44    396455.47    802487.91 
   2000     40-44      426729.27    406847.93    833577.20 
   2000     45-49      364164.21    333937.75    698101.96 
   2000     50-54      299729.38    265641.43    565370.81 
   2000     55-59      226912.66    182747.71    409660.37 
   2000     60-64      331632.43    237258.87    568891.30 
   2000     65-69      284325.77    181149.88    465475.65 
   2000     70-74      281888.19    149888.70    431776.89 
   2000     75-79      182787.37     68064.76    250852.14 
   2000     80-84       76238.19     24789.23    101027.43 
   2000     85-89       50255.25     13443.45     63698.69 
   2000     90-94       17153.65      4283.36     21437.01 
   2000     95-99        4283.93       979.63      5263.56 
   2000    100-104        725.00       144.24       869.25 
   2000    105-109         55.73         9.60        65.33 
   2000    110+             0.56         0.00         0.56 
   2001        0        44643.40     47364.89     92008.29 
   2001      1-4       177084.59    187183.99    364268.58 
   2001      5-9       271271.33    286805.56    558076.90 
   2001     10-14      375149.52    394110.32    769259.83 
   2001     15-19      398823.85    415059.18    813883.03 
   2001     20-24      357001.07    369806.62    726807.70 
   2001     25-29      345963.18    345589.39    691552.57 
   2001     30-34      343796.08    337645.77    681441.85 
   2001     35-39      389497.37    379041.29    768538.66 
   2001     40-44      432428.64    412735.93    845164.57 
   2001     45-49      374166.54    342104.52    716271.07 
   2001     50-54      325322.84    287198.71    612521.55 
   2001     55-59      209459.37    169722.20    379181.57 
   2001     60-64      322363.58    230337.23    552700.81 
   2001     65-69      282628.65    178705.04    461333.69 
   2001     70-74      280071.45    153951.18    434022.62 
   2001     75-79      197678.00     73292.30    270970.29 
   2001     80-84       80697.68     26322.62    107020.30 
   2001     85-89       46401.87     12278.71     58680.58 
   2001     90-94       17385.51      4191.54     21577.06 
   2001     95-99        4110.83       967.58      5078.40 
   2001    100-104        755.37       161.54       916.91 
   2001    105-109         60.12        13.82        73.95 
   2001    110+             0.64         0.00         0.64 
   2002        0        43472.42     46172.25     89644.68 
   2002      1-4       177207.82    187629.36    364837.18 
   2002      5-9       253380.38    267830.04    521210.42 
   2002     10-14      355294.13    374023.94    729318.07 
   2002     15-19      402463.42    419267.12    821730.53 
   2002     20-24      360302.00    373315.07    733617.07 
   2002     25-29      344682.84    345181.61    689864.45 
   2002     30-34      343398.29    336377.10    679775.39 
   2002     35-39      373839.16    362763.66    736602.82 
   2002     40-44      432852.58    412502.57    845355.15 
   2002     45-49      385221.43    351526.46    736747.90 
   2002     50-54      340141.84    298594.83    638736.67 
   2002     55-59      210851.30    172444.95    383296.25 
   2002     60-64      302543.90    215472.77    518016.67 
   2002     65-69      286127.99    180267.93    466395.92 
   2002     70-74      276618.41    153039.74    429658.15 
   2002     75-79      207462.54     79025.40    286487.94 
   2002     80-84       89459.55     28887.79    118347.35 
   2002     85-89       41824.95     10971.36     52796.32 
   2002     90-94       17290.44      4099.31     21389.75 
   2002     95-99        3905.27       927.68      4832.94 
   2002    100-104        711.09       165.12       876.21 
   2002    105-109         62.43        17.72        80.15 
   2002    110+             1.12         0.14         1.26 
   2003        0        42793.32     45345.59     88138.91 
   2003      1-4       176669.88    187127.10    363796.98 
   2003      5-9       238707.33    252542.59    491249.92 
   2003     10-14      334477.04    352428.17    686905.22 
   2003     15-19      399777.05    417401.84    817178.89 
   2003     20-24      366093.89    379492.20    745586.09 
   2003     25-29      344798.74    345989.59    690788.33 
   2003     30-34      343427.85    335524.35    678952.20 
   2003     35-39      360541.95    347862.04    708403.98 
   2003     40-44      426747.36    406674.58    833421.95 
   2003     45-49      398993.79    364048.20    763041.99 
   2003     50-54      347689.81    303161.60    650851.42 
   2003     55-59      230468.47    189082.45    419550.92 
   2003     60-64      271254.98    192879.75    464134.73 
   2003     65-69      291449.15    183134.52    474583.67 
   2003     70-74      269409.90    146763.44    416173.34 
   2003     75-79      213441.08     85634.38    299075.46 
   2003     80-84      100686.26     31943.08    132629.33 
   2003     85-89       38657.09     10099.13     48756.22 
   2003     90-94       17143.45      4031.47     21174.92 
   2003     95-99        3663.93       856.45      4520.38 
   2003    100-104        641.21       150.13       791.35 
   2003    105-109         56.33        16.68        73.00 
   2003    110+             1.12         0.30         1.41 
   2004        0        42824.40     45321.69     88146.09 
   2004      1-4       174687.45    184810.17    359497.62 
   2004      5-9       228892.86    242447.12    471339.98 
   2004     10-14      312093.05    329315.69    641408.74 
   2004     15-19      392613.15    411044.01    803657.16 
   2004     20-24      373203.36    387037.81    760241.17 
   2004     25-29      346025.73    348645.02    694670.75 
   2004     30-34      343516.62    334847.46    678364.08 
   2004     35-39      349786.65    336071.28    685857.93 
   2004     40-44      415739.57    395505.94    811245.51 
   2004     45-49      411326.27    375640.21    786966.48 
   2004     50-54      351344.20    304448.74    655792.95 
   2004     55-59      259388.03    212954.18    472342.21 
   2004     60-64      239631.58    170940.40    410571.98 
   2004     65-69      301936.82    187972.46    489909.28 
   2004     70-74      255638.40    137286.25    392924.66 
   2004     75-79      218680.80     91731.94    310412.74 
   2004     80-84      111989.72     34749.36    146739.08 
   2004     85-89       37599.91      9998.74     47598.65 
   2004     90-94       16907.70      3909.55     20817.24 
   2004     95-99        3529.30       782.25      4311.55 
   2004    100-104        597.49       126.64       724.13 
   2004    105-109         52.16        11.71        63.87 
   2004    110+             1.09         0.15         1.24 
   2005        0        43440.08     45757.20     89197.28 
   2005      1-4       172387.54    182444.08    354831.62 
   2005      5-9       223067.36    235895.22    458962.58 
   2005     10-14      290870.05    307734.18    598604.22 
   2005     15-19      382100.48    401240.27    783340.74 
   2005     20-24      378419.98    392240.25    770660.22 
   2005     25-29      347217.78    351504.79    698722.56 
   2005     30-34      343555.38    334725.10    678280.48 
   2005     35-39      343033.47    328784.52    671817.99 
   2005     40-44      401381.83    379564.76    780946.59 
   2005     45-49      418730.07    382913.97    801644.03 
   2005     50-54      356610.48    307635.14    664245.63 
   2005     55-59      289973.19    237720.73    527693.92 
   2005     60-64      214324.84    153409.95    367734.78 
   2005     65-69      304414.22    188198.26    492612.47 
   2005     70-74      245865.91    130625.83    376491.74 
   2005     75-79      221895.13     96417.13    318312.27 
   2005     80-84      122491.49     37334.94    159826.43 
   2005     85-89       38202.93     10401.53     48604.46 
   2005     90-94       16246.98      3678.06     19925.04 
   2005     95-99        3515.90       740.92      4256.82 
   2005    100-104        565.55       112.55       678.10 
   2005    105-109         55.10         9.56        64.65 
   2005    110+             1.07         0.00         1.07 
   2006        0        45167.92     47730.32     92898.24 
   2006      1-4       171277.06    181044.07    352321.14 
   2006      5-9       220399.86    232856.21    453256.07 
   2006     10-14      271602.09    287623.67    559225.76 
   2006     15-19      366532.29    386244.79    752777.09 
   2006     20-24      383140.46    397689.43    780829.89 
   2006     25-29      349349.41    354661.47    704010.88 
   2006     30-34      342126.45    334013.71    676140.16 
   2006     35-39      340601.72    324971.43    665573.15 
   2006     40-44      384830.60    362112.38    746942.98 
   2006     45-49      423741.90    387678.46    811420.35 
   2006     50-54      365599.83    314516.08    680115.91 
   2006     55-59      314737.75    256616.58    571354.32 
   2006     60-64      197865.63    142849.77    340715.40 
   2006     65-69      296380.11    182270.30    478650.41 
   2006     70-74      245257.76    129196.46    374454.21 
   2006     75-79      221134.46     98688.65    319823.11 
   2006     80-84      132003.45     40248.62    172252.08 
   2006     85-89       40849.66     11167.01     52016.67 
   2006     90-94       15062.42      3368.61     18431.03 
   2006     95-99        3489.09       718.31      4207.40 
   2006    100-104        532.89       109.59       642.48 
   2006    105-109         55.73        10.45        66.18 
   2006    110+             1.15         0.00         1.15 
   2007        0        48111.61     51125.97     99237.58 
   2007      1-4       172816.87    182439.18    355256.05 
   2007      5-9       219242.98    231925.63    451168.61 
   2007     10-14      253800.55    268686.24    522486.79 
   2007     15-19      349572.41    369646.49    719218.90 
   2007     20-24      386085.90    402181.88    788267.77 
   2007     25-29      352422.83    358486.20    710909.03 
   2007     30-34      340456.83    333244.34    673701.16 
   2007     35-39      340151.91    323468.03    663619.93 
   2007     40-44      369230.85    346151.56    715382.42 
   2007     45-49      424188.59    387727.15    811915.74 
   2007     50-54      375655.18    323072.50    698727.68 
   2007     55-59      329344.93    267021.47    596366.40 
   2007     60-64      200056.62    146548.58    346605.20 
   2007     65-69      278971.48    170832.06    449803.54 
   2007     70-74      249767.18    131510.36    381277.55 
   2007     75-79      219426.77     98201.30    317628.07 
   2007     80-84      139724.15     43828.63    183552.79 
   2007     85-89       45995.66     12335.92     58331.58 
   2007     90-94       13801.49      3064.44     16865.93 
   2007     95-99        3442.69       720.92      4163.61 
   2007    100-104        499.83       104.99       604.82 
   2007    105-109         50.43         9.71        60.14 
   2007    110+             1.07         0.00         1.07 
   2008        0        50645.61     53878.49    104524.10 
   2008      1-4       177711.81    187543.09    365254.91 
   2008      5-9       217933.34    230418.11    448351.45 
   2008     10-14      238843.10    253250.26    492093.37 
   2008     15-19      333053.25    353023.05    686076.31 
   2008     20-24      384138.04    402046.97    786185.01 
   2008     25-29      358118.74    365552.20    723670.94 
   2008     30-34      340181.87    333847.80    674029.67 
   2008     35-39      339839.88    322591.62    662431.50 
   2008     40-44      356133.82    332025.95    688159.78 
   2008     45-49      418178.55    382756.70    800935.25 
   2008     50-54      388575.04    335066.04    723641.08 
   2008     55-59      337118.19    271590.49    608708.68 
   2008     60-64      219581.99    162124.86    381706.84 
   2008     65-69      250912.16    153463.89    404376.06 
   2008     70-74      256347.05    134984.85    391331.89 
   2008     75-79      214896.27     94630.09    309526.36 
   2008     80-84      145432.52     47817.42    193249.93 
   2008     85-89       52726.50     13696.78     66423.28 
   2008     90-94       13081.72      2917.18     15998.90 
   2008     95-99        3441.86       729.88      4171.74 
   2008    100-104        466.21        97.98       564.20 
   2008    105-109         44.64         8.26        52.90 
   2008    110+             0.95         0.00         0.95 
   2009        0        52160.00     55483.69    107643.69 
   2009      1-4       185733.36    196112.24    381845.60 
   2009      5-9       215925.94    228039.31    443965.25 
   2009     10-14      228713.62    242704.32    471417.94 
   2009     15-19      314195.70    333489.54    647685.23 
   2009     20-24      380100.00    399554.26    779654.26 
   2009     25-29      365849.07    374849.87    740698.94 
   2009     30-34      341427.99    336986.96    678414.95 
   2009     35-39      339847.76    322567.73    662415.48 
   2009     40-44      345692.47    321305.62    666998.08 
   2009     45-49      407889.13    373208.22    781097.35 
   2009     50-54      400765.75    346855.37    747621.12 
   2009     55-59      340876.51    273289.44    614165.96 
   2009     60-64      247695.70    183320.35    431016.05 
   2009     65-69      222265.70    136540.40    358806.10 
   2009     70-74      266877.99    139210.64    406088.63 
   2009     75-79      204680.76     88891.61    293572.37 
   2009     80-84      149625.66     51516.56    201142.22 
   2009     85-89       59399.28     14975.03     74374.31 
   2009     90-94       13082.19      2994.25     16076.44 
   2009     95-99        3446.51       704.95      4151.46 
   2009    100-104        446.48        93.63       540.11 
   2009    105-109         40.62         7.67        48.29 
   2009    110+             0.86         0.00         0.86 
   2010        0        52496.68     55837.75    108334.42 
   2010      1-4       194791.51    206311.09    401102.60 
   2010      5-9       214608.95    226551.18    441160.14 
   2010     10-14      222899.72    235749.36    458649.08 
   2010     15-19      294361.29    312617.31    606978.60 
   2010     20-24      374467.60    395047.90    769515.50 
   2010     25-29      372316.80    382634.18    754950.98 
   2010     30-34      343250.01    341252.31    684502.32 
   2010     35-39      340211.05    323789.87    664000.92 
   2010     40-44      339257.66    315335.66    654593.31 
   2010     45-49      394846.64    359626.04    754472.68 
   2010     50-54      408809.25    355110.98    763920.23 
   2010     55-59      346102.73    277084.66    623187.39 
   2010     60-64      277422.09    204815.19    482237.29 
   2010     65-69      199215.97    123009.10    322225.07 
   2010     70-74      270047.77    139782.25    409830.01 
   2010     75-79      197965.93     85206.58    283172.52 
   2010     80-84      153768.34     54511.19    208279.53 
   2010     85-89       65305.53     16219.56     81525.08 
   2010     90-94       13622.31      3176.57     16798.88 
   2010     95-99        3359.16       662.00      4021.15 
   2010    100-104        428.97        90.05       519.02 
   2010    105-109         33.66         6.68        40.34 
   2010    110+             0.66         0.00         0.66 
   2011        0        52555.18     55757.67    108312.85 
   2011      1-4       202514.16    215069.94    417584.10 
   2011      5-9       215516.90    227318.13    442835.03 
   2011     10-14      220198.69    232516.47    452715.17 
   2011     15-19      275142.33    291415.77    566558.10 
   2011     20-24      364256.98    385387.32    749644.30 
   2011     25-29      378363.00    390501.72    768864.72 
   2011     30-34      345907.37    345780.79    691688.17 
   2011     35-39      339159.49    324443.86    663603.35 
   2011     40-44      337124.92    312897.98    650022.91 
   2011     45-49      379383.84    344219.85    723603.69 
   2011     50-54      414501.47    360695.79    775197.27 
   2011     55-59      354563.32    283832.01    638395.33 
   2011     60-64      301427.39    220863.09    522290.48 
   2011     65-69      184405.07    115173.23    299578.30 
   2011     70-74      263907.65    135892.29    399799.94 
   2011     75-79      198947.88     85141.16    284089.04 
   2011     80-84      154438.78     55518.21    209956.99 
   2011     85-89       70897.63     17654.01     88551.64 
   2011     90-94       14881.07      3416.21     18297.28 
   2011     95-99        3166.32       618.92      3785.24 
   2011    100-104        407.48        87.95       495.44 
   2011    105-109         25.97         5.95        31.91 
   2011    110+             0.20         0.00         0.20 
   2012        0        54647.60     57915.05    112562.64 
   2012      1-4       207975.05    220911.43    428886.48 
   2012      5-9       220229.03    232284.58    452513.61 
   2012     10-14      219232.26    231796.44    451028.69 
   2012     15-19      255829.77    270575.20    526404.97 
   2012     20-24      351849.10    372225.99    724075.09 
   2012     25-29      383105.11    397286.73    780391.84 
   2012     30-34      349648.05    351237.55    700885.60 
   2012     35-39      337766.62    324861.30    662627.92 
   2012     40-44      337010.48    312687.67    649698.15 
   2012     45-49      364545.87    330039.36    694585.23 
   2012     50-54      415968.74    361913.01    777881.75 
   2012     55-59      364059.69    292147.58    656207.26 
   2012     60-64      315611.22    229858.83    545470.04 
   2012     65-69      186929.48    118953.28    305882.76 
   2012     70-74      249286.40    127788.16    377074.56 
   2012     75-79      204275.55     87434.33    291709.88 
   2012     80-84      153637.55     54944.21    208581.75 
   2012     85-89       75807.51     19389.08     95196.59 
   2012     90-94       17064.81      3760.32     20825.14 
   2012     95-99        2970.40       571.60      3542.00 
   2012    100-104        406.26        82.85       489.11 
   2012    105-109         21.54         4.29        25.83 
   2012    110+             0.00         0.00         0.00 
   2013        0        56831.56     60335.03    117166.58 
   2013      1-4       212780.72    225854.36    438635.08 
   2013      5-9       228487.40    241206.90    469694.30 
   2013     10-14      218355.22    230717.30    449072.52 
   2013     15-19      239892.79    254421.31    494314.09 
   2013     20-24      336378.36    355141.48    691519.83 
   2013     25-29      383388.58    399423.79    782812.37 
   2013     30-34      356385.14    360184.20    716569.34 
   2013     35-39      338072.18    326827.45    664899.64 
   2013     40-44      337112.92    313123.57    650236.49 
   2013     45-49      352181.88    317974.71    670156.59 
   2013     50-54      411275.73    358776.97    770052.70 
   2013     55-59      377176.28    304443.85    681620.13 
   2013     60-64      323426.88    234358.77    557785.65 
   2013     65-69      205721.95    132466.51    338188.46 
   2013     70-74      224570.67    115007.61    339578.28 
   2013     75-79      211667.45     90526.52    302193.97 
   2013     80-84      151170.83     53030.08    204200.91 
   2013     85-89       79537.16     21301.63    100838.79 
   2013     90-94       19792.86      4183.90     23976.76 
   2013     95-99        2872.38       555.83      3428.21 
   2013    100-104        423.01        75.44       498.45 
   2013    105-109         20.54         2.60        23.14 
   2013    110+             0.00         0.00         0.00 
   2014        0        57327.87     61061.61    118389.48 
   2014      1-4       217962.60    231224.27    449186.87 
   2014      5-9       238671.58    252280.21    490951.80 
   2014     10-14      216628.23    228613.84    445242.07 
   2014     15-19      229878.76    244051.83    473930.59 
   2014     20-24      317074.13    334641.10    651715.23 
   2014     25-29      380487.37    397916.92    778404.29 
   2014     30-34      365011.10    370673.23    735684.34 
   2014     35-39      339795.75    330814.63    670610.38 
   2014     40-44      337513.97    314073.70    651587.67 
   2014     45-49      342184.18    308829.94    651014.13 
   2014     50-54      402067.49    351348.91    753416.41 
   2014     55-59      389823.35    316658.92    706482.27 
   2014     60-64      327710.71    237103.24    564813.95 
   2014     65-69      232843.18    150912.53    383755.71 
   2014     70-74      199370.06    102802.89    302172.95 
   2014     75-79      221974.14     94255.25    316229.39 
   2014     80-84      144906.94     49934.87    194841.81 
   2014     85-89       82586.18     23108.59    105694.77 
   2014     90-94       22636.87      4648.67     27285.54 
   2014     95-99        2943.48       583.27      3526.75 
   2014    100-104        435.47        75.98       511.44 
   2014    105-109         22.11         3.15        25.26 
   2014    110+             0.00         0.00         0.00 
