Estonia, Exposure to risk (period 5x1)     Last modified: 01-Dec-2014, MPv5 (May07)

   Year      Age       Female          Male         Total
   1959        0         9383.55      9979.80     19363.36 
   1959      1-4        37375.57     39122.05     76497.62 
   1959      5-9        46135.78     48686.12     94821.91 
   1959     10-14       41961.42     43700.69     85662.11 
   1959     15-19       42367.34     42904.40     85271.74 
   1959     20-24       49828.04     50171.85     99999.90 
   1959     25-29       53108.46     49335.68    102444.15 
   1959     30-34       56241.20     43870.87    100112.07 
   1959     35-39       47567.96     30844.93     78412.90 
   1959     40-44       35629.98     25307.37     60937.35 
   1959     45-49       46051.33     31873.00     77924.33 
   1959     50-54       43991.62     29914.24     73905.85 
   1959     55-59       42523.08     26823.49     69346.57 
   1959     60-64       36325.53     19896.19     56221.72 
   1959     65-69       31196.99     15556.13     46753.12 
   1959     70-74       25115.03     11375.65     36490.68 
   1959     75-79       16977.01      6977.96     23954.97 
   1959     80-84        9411.20      3419.33     12830.53 
   1959     85-89        3731.80      1194.36      4926.16 
   1959     90-94         835.75       236.22      1071.98 
   1959     95-99         144.53        31.14       175.67 
   1959    100-104          6.44         1.31         7.75 
   1959    105-109          0.00         0.00         0.00 
   1959    110+             0.00         0.00         0.00 
   1960        0         9551.51     10131.58     19683.08 
   1960      1-4        37110.28     39008.42     76118.70 
   1960      5-9        46715.63     49135.75     95851.38 
   1960     10-14       44180.93     46566.24     90747.17 
   1960     15-19       40423.43     41122.90     81546.34 
   1960     20-24       50026.52     50414.86    100441.38 
   1960     25-29       51434.12     48389.77     99823.89 
   1960     30-34       56512.03     47052.75    103564.78 
   1960     35-39       50766.60     32669.09     83435.69 
   1960     40-44       34870.93     24704.65     59575.59 
   1960     45-49       44902.26     31179.03     76081.29 
   1960     50-54       44655.91     30243.22     74899.13 
   1960     55-59       42449.70     27265.12     69714.82 
   1960     60-64       37514.44     20816.93     58331.36 
   1960     65-69       31570.49     15471.94     47042.42 
   1960     70-74       25465.44     11605.24     37070.68 
   1960     75-79       17527.92      7095.52     24623.44 
   1960     80-84        9638.06      3463.09     13101.15 
   1960     85-89        3919.50      1252.73      5172.23 
   1960     90-94         863.75       243.39      1107.15 
   1960     95-99         154.22        29.71       183.93 
   1960    100-104          5.09         2.13         7.22 
   1960    105-109          0.00         0.00         0.00 
   1960    110+             0.00         0.00         0.00 
   1961        0         9728.30     10147.48     19875.79 
   1961      1-4        37342.83     39382.30     76725.12 
   1961      5-9        47254.89     49420.14     96675.04 
   1961     10-14       45753.32     49029.10     94782.43 
   1961     15-19       39320.23     40323.00     79643.23 
   1961     20-24       50273.77     50916.53    101190.30 
   1961     25-29       50468.86     48013.75     98482.61 
   1961     30-34       56542.94     49722.88    106265.82 
   1961     35-39       53208.26     34943.39     88151.65 
   1961     40-44       36336.10     25405.57     61741.66 
   1961     45-49       42734.04     29772.09     72506.13 
   1961     50-54       45300.26     30447.69     75747.95 
   1961     55-59       42570.12     27869.57     70439.68 
   1961     60-64       38543.70     21644.54     60188.24 
   1961     65-69       32195.77     15563.40     47759.17 
   1961     70-74       25786.92     11821.29     37608.22 
   1961     75-79       18166.15      7279.88     25446.03 
   1961     80-84        9888.67      3525.40     13414.08 
   1961     85-89        4001.49      1282.88      5284.37 
   1961     90-94         933.85       247.85      1181.70 
   1961     95-99         156.69        29.18       185.88 
   1961    100-104          4.48         1.28         5.77 
   1961    105-109          0.00         0.00         0.00 
   1961    110+             0.00         0.00         0.00 
   1962        0         9633.96     10179.27     19813.23 
   1962      1-4        38063.21     40006.80     78070.01 
   1962      5-9        47271.94     49271.95     96543.89 
   1962     10-14       46648.08     50608.01     97256.09 
   1962     15-19       39320.69     40720.55     80041.24 
   1962     20-24       49770.86     50568.17    100339.03 
   1962     25-29       50345.13     48686.94     99032.07 
   1962     30-34       56371.21     50945.50    107316.71 
   1962     35-39       54647.34     38062.94     92710.28 
   1962     40-44       39836.01     27243.59     67079.61 
   1962     45-49       39731.13     27671.96     67403.09 
   1962     50-54       45601.15     30538.04     76139.18 
   1962     55-59       43127.01     28332.17     71459.18 
   1962     60-64       39423.83     22582.50     62006.33 
   1962     65-69       32547.85     15789.14     48336.99 
   1962     70-74       26320.70     11964.19     38284.89 
   1962     75-79       18541.53      7413.69     25955.22 
   1962     80-84       10088.49      3580.56     13669.05 
   1962     85-89        4043.12      1296.75      5339.86 
   1962     90-94         988.14       239.77      1227.91 
   1962     95-99         156.01        27.68       183.69 
   1962    100-104          6.61         0.48         7.09 
   1962    105-109          0.00         0.00         0.00 
   1962    110+             0.00         0.00         0.00 
   1963        0         9323.50     10029.19     19352.69 
   1963      1-4        38659.57     40554.15     79213.73 
   1963      5-9        47433.94     49487.16     96921.10 
   1963     10-14       46995.60     51245.86     98241.46 
   1963     15-19       41145.28     43076.77     84222.05 
   1963     20-24       47793.96     48495.48     96289.44 
   1963     25-29       50846.41     50218.35    101064.75 
   1963     30-34       55443.07     50946.65    106389.72 
   1963     35-39       55544.82     41513.20     97058.02 
   1963     40-44       43704.26     29203.10     72907.36 
   1963     45-49       37126.81     26013.94     63140.75 
   1963     50-54       45951.06     30845.84     76796.90 
   1963     55-59       43358.20     28246.05     71604.25 
   1963     60-64       40385.42     23600.22     63985.65 
   1963     65-69       32976.39     16240.35     49216.74 
   1963     70-74       26833.92     12019.64     38853.56 
   1963     75-79       18875.93      7478.61     26354.55 
   1963     80-84       10360.30      3663.63     14023.93 
   1963     85-89        4158.00      1303.80      5461.80 
   1963     90-94        1043.77       250.82      1294.59 
   1963     95-99         155.76        28.37       184.13 
   1963    100-104         11.46         0.26        11.72 
   1963    105-109          0.00         0.00         0.00 
   1963    110+             0.00         0.00         0.00 
   1964        0         9252.25      9940.48     19192.73 
   1964      1-4        38703.26     40692.32     79395.58 
   1964      5-9        47809.09     49938.36     97747.46 
   1964     10-14       46992.86     51009.83     98002.69 
   1964     15-19       43895.17     46877.41     90772.58 
   1964     20-24       45309.15     46169.91     91479.06 
   1964     25-29       52095.49     51929.35    104024.85 
   1964     30-34       53722.58     50239.22    103961.80 
   1964     35-39       56232.43     44851.45    101083.88 
   1964     40-44       47154.60     31047.04     78201.64 
   1964     45-49       35389.15     25019.40     60408.55 
   1964     50-54       45966.25     30932.83     76899.08 
   1964     55-59       43734.17     28249.96     71984.12 
   1964     60-64       41060.85     24382.12     65442.97 
   1964     65-69       33849.31     16951.19     50800.50 
   1964     70-74       27052.66     12000.58     39053.24 
   1964     75-79       19436.31      7619.82     27056.13 
   1964     80-84       10733.56      3795.07     14528.63 
   1964     85-89        4382.99      1333.43      5716.41 
   1964     90-94        1130.38       290.87      1421.24 
   1964     95-99         158.09        28.52       186.60 
   1964    100-104         16.45         0.15        16.60 
   1964    105-109          0.00         0.00         0.00 
   1964    110+             0.00         0.00         0.00 
   1965        0         9229.54      9804.35     19033.90 
   1965      1-4        38433.51     40575.72     79009.23 
   1965      5-9        48119.79     50320.83     98440.62 
   1965     10-14       47455.07     50764.57     98219.64 
   1965     15-19       46340.92     50746.39     97087.31 
   1965     20-24       43291.08     44360.30     87651.38 
   1965     25-29       53086.11     53065.08    106151.19 
   1965     30-34       52310.15     49528.66    101838.81 
   1965     35-39       56639.73     48222.20    104861.93 
   1965     40-44       50468.80     33159.47     83628.27 
   1965     45-49       34496.50     24455.22     58951.72 
   1965     50-54       44975.20     30441.03     75416.23 
   1965     55-59       44497.98     28562.89     73060.86 
   1965     60-64       41206.16     24916.60     66122.76 
   1965     65-69       35032.05     17663.78     52695.83 
   1965     70-74       27440.22     12046.14     39486.37 
   1965     75-79       19816.82      7812.80     27629.62 
   1965     80-84       11119.94      3923.58     15043.51 
   1965     85-89        4626.69      1348.12      5974.81 
   1965     90-94        1192.05       326.40      1518.45 
   1965     95-99         168.59        29.52       198.10 
   1965    100-104         19.64         0.22        19.85 
   1965    105-109          0.00         0.00         0.00 
   1965    110+             0.00         0.00         0.00 
   1966        0         9065.29      9517.66     18582.96 
   1966      1-4        37974.73     40304.11     78278.84 
   1966      5-9        48729.10     50880.43     99609.52 
   1966     10-14       47941.33     50298.18     98239.51 
   1966     15-19       47789.47     53609.39    101398.86 
   1966     20-24       41776.97     43111.79     84888.77 
   1966     25-29       53814.06     54167.32    107981.39 
   1966     30-34       51579.94     49250.48    100830.43 
   1966     35-39       56840.03     50962.45    107802.48 
   1966     40-44       52935.22     35522.93     88458.14 
   1966     45-49       35895.31     25214.84     61110.14 
   1966     50-54       42710.52     29092.71     71803.23 
   1966     55-59       45078.13     28798.47     73876.61 
   1966     60-64       41442.27     25467.65     66909.92 
   1966     65-69       36006.67     18364.62     54371.28 
   1966     70-74       27977.20     12119.83     40097.04 
   1966     75-79       20097.35      7991.15     28088.51 
   1966     80-84       11549.40      4004.74     15554.14 
   1966     85-89        4803.23      1361.59      6164.81 
   1966     90-94        1215.74       346.51      1562.25 
   1966     95-99         182.59        31.73       214.32 
   1966    100-104         20.98         0.56        21.54 
   1966    105-109          0.12         0.00         0.12 
   1966    110+             0.00         0.00         0.00 
   1967        0         9064.66      9449.19     18513.85 
   1967      1-4        37422.39     39671.94     77094.34 
   1967      5-9        49459.91     51657.74    101117.65 
   1967     10-14       48107.96     49916.10     98024.05 
   1967     15-19       48368.21     55045.87    103414.08 
   1967     20-24       41504.80     43294.53     84799.33 
   1967     25-29       53550.37     54247.42    107797.79 
   1967     30-34       51778.60     49919.86    101698.46 
   1967     35-39       56778.81     52126.91    108905.72 
   1967     40-44       54447.78     38862.17     93309.94 
   1967     45-49       39409.27     27149.58     66558.86 
   1967     50-54       39524.11     26989.90     66514.01 
   1967     55-59       45332.77     28913.29     74246.06 
   1967     60-64       42100.17     25850.54     67950.71 
   1967     65-69       36871.33     19264.54     56135.87 
   1967     70-74       28393.75     12291.15     40684.90 
   1967     75-79       20550.76      8148.26     28699.03 
   1967     80-84       12006.44      4108.38     16114.81 
   1967     85-89        4915.58      1409.60      6325.17 
   1967     90-94        1267.58       358.28      1625.86 
   1967     95-99         190.42        30.71       221.13 
   1967    100-104         17.83         1.33        19.16 
   1967    105-109          0.15         0.00         0.15 
   1967    110+             0.00         0.00         0.00 
   1968        0         9360.91      9771.14     19132.05 
   1968      1-4        37176.34     39150.34     76326.68 
   1968      5-9        49837.54     52108.02    101945.56 
   1968     10-14       48538.13     50388.22     98926.35 
   1968     15-19       48325.26     54954.93    103280.18 
   1968     20-24       43265.47     45820.90     89086.36 
   1968     25-29       51444.79     52307.72    103752.51 
   1968     30-34       52773.74     51607.00    104380.74 
   1968     35-39       55969.85     51935.63    107905.48 
   1968     40-44       55482.78     42519.35     98002.13 
   1968     45-49       43195.55     29159.54     72355.09 
   1968     50-54       36824.21     25416.85     62241.05 
   1968     55-59       45603.17     29180.70     74783.87 
   1968     60-64       42482.68     25732.59     68215.27 
   1968     65-69       37821.53     20208.95     58030.48 
   1968     70-74       28951.94     12655.79     41607.73 
   1968     75-79       20968.64      8198.17     29166.81 
   1968     80-84       12419.92      4205.95     16625.87 
   1968     85-89        5054.87      1483.26      6538.13 
   1968     90-94        1335.30       360.59      1695.89 
   1968     95-99         207.05        32.91       239.96 
   1968    100-104         13.29         0.91        14.20 
   1968    105-109          0.00         0.00         0.00 
   1968    110+             0.00         0.00         0.00 
   1969        0         9581.44     10095.61     19677.04 
   1969      1-4        37363.62     39086.97     76450.59 
   1969      5-9        49901.15     52211.12    102112.27 
   1969     10-14       49162.96     51113.52    100276.48 
   1969     15-19       47968.68     53628.90    101597.59 
   1969     20-24       46024.15     50204.83     96228.99 
   1969     25-29       48612.11     49741.90     98354.01 
   1969     30-34       54616.32     53809.93    108426.25 
   1969     35-39       54396.65     51126.21    105522.86 
   1969     40-44       56204.10     45794.52    101998.62 
   1969     45-49       46595.01     31077.91     77672.92 
   1969     50-54       35001.71     24485.66     59487.37 
   1969     55-59       45610.56     29346.54     74957.10 
   1969     60-64       42933.55     25650.09     68583.64 
   1969     65-69       38515.31     20870.18     59385.49 
   1969     70-74       29816.97     13142.56     42959.53 
   1969     75-79       21101.58      8145.20     29246.77 
   1969     80-84       12728.84      4268.41     16997.24 
   1969     85-89        5206.70      1577.28      6783.98 
   1969     90-94        1392.77       349.84      1742.62 
   1969     95-99         220.97        42.09       263.07 
   1969    100-104         13.71         0.87        14.58 
   1969    105-109          0.00         0.00         0.00 
   1969    110+             0.00         0.00         0.00 
   1970        0        10029.22     10425.96     20455.18 
   1970      1-4        37736.78     39346.13     77082.91 
   1970      5-9        49412.36     51860.41    101272.77 
   1970     10-14       49710.95     51984.99    101695.94 
   1970     15-19       48613.73     52722.31    101336.04 
   1970     20-24       48594.43     54290.64    102885.07 
   1970     25-29       45976.68     47118.68     93095.36 
   1970     30-34       55891.86     55186.22    111078.08 
   1970     35-39       53047.68     50229.74    103277.42 
   1970     40-44       56649.12     48874.37    105523.50 
   1970     45-49       50004.00     33178.05     83182.05 
   1970     50-54       33982.21     23838.32     57820.53 
   1970     55-59       44603.01     28943.99     73547.01 
   1970     60-64       43590.27     25848.51     69438.78 
   1970     65-69       38762.04     21257.58     60019.63 
   1970     70-74       30843.37     13560.35     44403.73 
   1970     75-79       21387.04      8165.99     29553.03 
   1970     80-84       12946.62      4348.38     17295.00 
   1970     85-89        5362.58      1629.52      6992.10 
   1970     90-94        1446.39       348.84      1795.23 
   1970     95-99         218.58        52.55       271.14 
   1970    100-104         15.56         2.12        17.68 
   1970    105-109          0.00         0.00         0.00 
   1970    110+             0.00         0.00         0.00 
   1971        0        10520.46     11038.14     21558.59 
   1971      1-4        38609.13     40129.97     78739.11 
   1971      5-9        48418.50     50996.78     99415.28 
   1971     10-14       50321.86     52993.30    103315.16 
   1971     15-19       49865.37     52646.67    102512.04 
   1971     20-24       50332.64     56631.06    106963.70 
   1971     25-29       43846.56     44886.57     88733.13 
   1971     30-34       56487.89     56004.50    112492.40 
   1971     35-39       52372.34     49672.80    102045.14 
   1971     40-44       56865.90     51116.40    107982.31 
   1971     45-49       52565.23     35307.33     87872.57 
   1971     50-54       35380.31     24484.97     59865.28 
   1971     55-59       42199.24     27571.98     69771.21 
   1971     60-64       43978.54     26066.87     70045.40 
   1971     65-69       38991.26     21636.02     60627.28 
   1971     70-74       31718.43     14049.96     45768.39 
   1971     75-79       21853.96      8177.90     30031.86 
   1971     80-84       13220.74      4457.82     17678.56 
   1971     85-89        5592.78      1653.80      7246.57 
   1971     90-94        1502.57       360.49      1863.06 
   1971     95-99         223.64        60.88       284.53 
   1971    100-104         17.42         2.57        19.99 
   1971    105-109          0.00         0.00         0.00 
   1971    110+             0.00         0.00         0.00 
   1972        0        10548.26     11175.35     21723.61 
   1972      1-4        39975.29     41665.75     81641.04 
   1972      5-9        47610.30     49960.56     97570.87 
   1972     10-14       50738.69     53839.14    104577.84 
   1972     15-19       50683.84     53129.77    103813.61 
   1972     20-24       51415.76     57483.99    108899.75 
   1972     25-29       43305.79     44388.00     87693.80 
   1972     30-34       55823.10     55520.35    111343.45 
   1972     35-39       52603.74     49953.11    102556.85 
   1972     40-44       56776.29     51779.32    108555.60 
   1972     45-49       54062.84     38273.36     92336.19 
   1972     50-54       38995.72     26301.99     65297.71 
   1972     55-59       38856.45     25439.39     64295.84 
   1972     60-64       44126.15     26243.42     70369.57 
   1972     65-69       39464.93     21894.60     61359.54 
   1972     70-74       32511.70     14810.80     47322.50 
   1972     75-79       22206.33      8215.28     30421.61 
   1972     80-84       13580.15      4517.08     18097.24 
   1972     85-89        5812.67      1687.12      7499.79 
   1972     90-94        1575.51       384.21      1959.72 
   1972     95-99         242.81        60.76       303.57 
   1972    100-104         19.78         1.50        21.28 
   1972    105-109          0.00         0.00         0.00 
   1972    110+             0.00         0.00         0.00 
   1973        0        10367.70     10952.96     21320.66 
   1973      1-4        41103.27     43029.15     84132.42 
   1973      5-9        47461.97     49489.60     96951.57 
   1973     10-14       50629.68     54074.09    104703.77 
   1973     15-19       51465.09     54373.55    105838.64 
   1973     20-24       52072.56     57295.05    109367.61 
   1973     25-29       45245.60     46443.52     91689.12 
   1973     30-34       53021.47     52745.94    105767.40 
   1973     35-39       53665.02     51237.78    104902.80 
   1973     40-44       55859.28     51122.10    106981.38 
   1973     45-49       55090.39     41541.63     96632.02 
   1973     50-54       42805.34     28104.79     70910.13 
   1973     55-59       36161.80     23873.96     60035.76 
   1973     60-64       44215.59     26449.07     70664.66 
   1973     65-69       39719.25     21810.36     61529.61 
   1973     70-74       33272.65     15575.27     48847.91 
   1973     75-79       22671.86      8435.14     31106.99 
   1973     80-84       13883.20      4493.47     18376.67 
   1973     85-89        5999.89      1719.83      7719.72 
   1973     90-94        1647.98       415.25      2063.23 
   1973     95-99         259.20        57.44       316.65 
   1973    100-104         24.64         2.06        26.71 
   1973    105-109          0.12         0.00         0.12 
   1973    110+             0.00         0.00         0.00 
   1974        0        10332.21     10836.48     21168.69 
   1974      1-4        41817.36     43801.36     85618.72 
   1974      5-9        47753.97     49624.96     97378.93 
   1974     10-14       50198.50     53459.54    103658.04 
   1974     15-19       51945.86     55636.88    107582.74 
   1974     20-24       52591.51     56885.25    109476.76 
   1974     25-29       48489.94     50165.42     98655.36 
   1974     30-34       49604.81     49325.95     98930.76 
   1974     35-39       55370.81     53028.01    108398.82 
   1974     40-44       54266.72     49987.48    104254.20 
   1974     45-49       55757.57     44313.20    100070.77 
   1974     50-54       46217.44     29757.04     75974.48 
   1974     55-59       34424.59     22928.49     57353.08 
   1974     60-64       44094.36     26560.81     70655.18 
   1974     65-69       40005.38     21768.47     61773.85 
   1974     70-74       33871.53     16132.32     50003.86 
   1974     75-79       23372.41      8793.37     32165.78 
   1974     80-84       14047.33      4482.23     18529.56 
   1974     85-89        6227.97      1747.99      7975.96 
   1974     90-94        1733.27       426.13      2159.40 
   1974     95-99         274.18        57.57       331.75 
   1974    100-104         29.56         4.41        33.97 
   1974    105-109          0.13         0.00         0.13 
   1974    110+             0.00         0.00         0.00 
   1975        0        10323.06     10915.09     21238.15 
   1975      1-4        42110.61     44159.16     86269.77 
   1975      5-9        48648.03     50345.22     98993.25 
   1975     10-14       49511.62     52213.80    101725.43 
   1975     15-19       51797.95     56469.48    108267.44 
   1975     20-24       53747.36     57253.53    111000.90 
   1975     25-29       51715.49     53898.77    105614.26 
   1975     30-34       46775.36     46349.54     93124.90 
   1975     35-39       56509.69     54078.76    110588.46 
   1975     40-44       52979.33     48940.10    101919.43 
   1975     45-49       56133.65     47022.01    103155.65 
   1975     50-54       49610.43     31637.24     81247.67 
   1975     55-59       33464.17     22224.69     55688.86 
   1975     60-64       43067.49     26244.41     69311.90 
   1975     65-69       40557.30     21945.82     62503.12 
   1975     70-74       34087.42     16454.34     50541.76 
   1975     75-79       24210.71      9114.55     33325.26 
   1975     80-84       14232.26      4487.85     18720.11 
   1975     85-89        6423.24      1781.88      8205.12 
   1975     90-94        1812.02       434.46      2246.49 
   1975     95-99         292.40        60.64       353.04 
   1975    100-104         30.66         6.01        36.68 
   1975    105-109          0.18         0.00         0.18 
   1975    110+             0.00         0.00         0.00 
   1976        0        10426.10     10992.33     21418.43 
   1976      1-4        42081.07     44135.26     86216.33 
   1976      5-9        50127.16     51940.69    102067.85 
   1976     10-14       48625.56     50990.82     99616.38 
   1976     15-19       51580.57     56645.84    108226.40 
   1976     20-24       54842.30     58130.71    112973.00 
   1976     25-29       54091.62     56381.67    110473.30 
   1976     30-34       44811.05     44271.99     89083.04 
   1976     35-39       57131.39     54691.49    111822.88 
   1976     40-44       52451.16     48383.93    100835.08 
   1976     45-49       56252.14     49121.80    105373.94 
   1976     50-54       52081.14     33605.25     85686.39 
   1976     55-59       34852.68     22755.89     57608.57 
   1976     60-64       40697.27     24961.77     65659.04 
   1976     65-69       41008.10     22135.43     63143.53 
   1976     70-74       34184.92     16705.75     50890.67 
   1976     75-79       24918.02      9424.42     34342.44 
   1976     80-84       14414.27      4472.27     18886.54 
   1976     85-89        6546.64      1797.92      8344.56 
   1976     90-94        1865.14       446.76      2311.91 
   1976     95-99         310.71        65.84       376.55 
   1976    100-104         27.99         5.64        33.64 
   1976    105-109          0.20         0.00         0.20 
   1976    110+             0.00         0.00         0.00 
   1977        0        10639.70     11124.91     21764.61 
   1977      1-4        42151.97     44040.73     86192.70 
   1977      5-9        51719.81     53857.66    105577.48 
   1977     10-14       47914.61     49911.54     97826.14 
   1977     15-19       51434.13     56605.77    108039.90 
   1977     20-24       55113.55     58800.76    113914.31 
   1977     25-29       55771.46     57806.76    113578.22 
   1977     30-34       44619.80     43964.68     88584.48 
   1977     35-39       56458.39     54149.07    110607.47 
   1977     40-44       52798.54     48639.78    101438.32 
   1977     45-49       56163.47     49741.27    105904.74 
   1977     50-54       53357.31     36280.38     89637.68 
   1977     55-59       38432.30     24474.00     62906.30 
   1977     60-64       37462.61     22889.91     60352.52 
   1977     65-69       41261.06     22316.63     63577.69 
   1977     70-74       34505.01     16844.28     51349.29 
   1977     75-79       25587.28      9885.75     35473.03 
   1977     80-84       14578.41      4513.03     19091.45 
   1977     85-89        6685.81      1829.66      8515.47 
   1977     90-94        1923.81       463.06      2386.87 
   1977     95-99         340.98        68.05       409.03 
   1977    100-104         25.69         6.29        31.99 
   1977    105-109          0.05         0.00         0.05 
   1977    110+             0.00         0.00         0.00 
   1978        0        10606.81     11064.01     21670.82 
   1978      1-4        42642.87     44306.44     86949.32 
   1978      5-9        52932.40     55220.49    108152.89 
   1978     10-14       47870.00     49482.98     97352.98 
   1978     15-19       50921.14     56146.20    107067.34 
   1978     20-24       55229.60     59474.33    114703.93 
   1978     25-29       56872.15     58773.40    115645.55 
   1978     30-34       47064.27     46085.78     93150.05 
   1978     35-39       53565.60     51432.63    104998.23 
   1978     40-44       53986.21     49818.40    103804.61 
   1978     45-49       55295.51     49091.32    104386.83 
   1978     50-54       54200.04     39252.11     93452.15 
   1978     55-59       42168.51     26081.33     68249.85 
   1978     60-64       34933.20     21425.96     56359.16 
   1978     65-69       41344.94     22472.03     63816.98 
   1978     70-74       34731.37     16761.93     51493.31 
   1978     75-79       26188.59     10373.13     36561.72 
   1978     80-84       14886.65      4640.99     19527.64 
   1978     85-89        6807.92      1823.42      8631.34 
   1978     90-94        1979.78       470.41      2450.19 
   1978     95-99         363.73        73.86       437.59 
   1978    100-104         26.13         9.37        35.50 
   1978    105-109          0.06         0.00         0.06 
   1978    110+             0.00         0.00         0.00 
   1979        0        10531.42     11005.12     21536.55 
   1979      1-4        42961.53     44533.84     87495.37 
   1979      5-9        53512.60     55785.53    109298.12 
   1979     10-14       48448.91     50142.55     98591.46 
   1979     15-19       50652.74     54867.93    105520.67 
   1979     20-24       55027.38     59879.22    114906.60 
   1979     25-29       57222.38     59327.38    116549.76 
   1979     30-34       50658.73     49567.52    100226.25 
   1979     35-39       50076.79     48080.60     98157.39 
   1979     40-44       55693.10     51466.79    107159.89 
   1979     45-49       53756.84     47917.44    101674.28 
   1979     50-54       54805.77     41777.34     96583.11 
   1979     55-59       45375.14     27475.93     72851.06 
   1979     60-64       33279.41     20517.46     53796.86 
   1979     65-69       41204.10     22484.85     63688.96 
   1979     70-74       34939.32     16754.42     51693.75 
   1979     75-79       26612.62     10735.30     37347.92 
   1979     80-84       15283.12      4770.91     20054.02 
   1979     85-89        6831.04      1766.88      8597.91 
   1979     90-94        2033.43       457.44      2490.88 
   1979     95-99         363.53        78.67       442.20 
   1979    100-104         27.74        12.07        39.80 
   1979    105-109          0.00         0.38         0.38 
   1979    110+             0.00         0.00         0.00 
   1980        0        10600.20     11202.93     21803.14 
   1980      1-4        42871.11     44483.67     87354.78 
   1980      5-9        53672.76     55991.75    109664.51 
   1980     10-14       49452.15     51551.67    101003.82 
   1980     15-19       50639.19     53396.42    104035.61 
   1980     20-24       54444.44     59668.91    114113.35 
   1980     25-29       57708.17     59834.63    117542.80 
   1980     30-34       53905.35     53060.81    106966.15 
   1980     35-39       47192.54     45210.72     92403.27 
   1980     40-44       56653.80     52385.63    109039.43 
   1980     45-49       52538.38     46826.22     99364.61 
   1980     50-54       55162.09     44265.38     99427.47 
   1980     55-59       48508.03     29148.37     77656.41 
   1980     60-64       32269.48     19807.26     52076.74 
   1980     65-69       40219.66     22120.79     62340.45 
   1980     70-74       35391.03     16854.25     52245.28 
   1980     75-79       26757.76     10922.06     37679.82 
   1980     80-84       15780.76      4873.37     20654.13 
   1980     85-89        6869.26      1751.95      8621.22 
   1980     90-94        2094.16       452.93      2547.09 
   1980     95-99         364.71        77.61       442.32 
   1980    100-104         36.29        13.12        49.42 
   1980    105-109          0.29         1.29         1.58 
   1980    110+             0.00         0.00         0.00 
   1981        0        10862.56     11480.94     22343.49 
   1981      1-4        42800.06     44615.99     87416.04 
   1981      5-9        53729.86     55908.05    109637.91 
   1981     10-14       50683.60     53468.51    104152.12 
   1981     15-19       50202.67     52434.82    102637.49 
   1981     20-24       54407.06     59025.52    113432.58 
   1981     25-29       58088.92     60173.31    118262.23 
   1981     30-34       56080.90     55467.30    111548.19 
   1981     35-39       45133.21     43185.61     88318.82 
   1981     40-44       57135.57     52920.02    110055.59 
   1981     45-49       51972.78     46254.10     98226.88 
   1981     50-54       55276.99     46178.46    101455.45 
   1981     55-59       50808.74     30913.10     81721.84 
   1981     60-64       33495.66     20263.98     53759.63 
   1981     65-69       37915.86     20971.53     58887.39 
   1981     70-74       35902.21     16947.90     52850.10 
   1981     75-79       26856.51     11098.84     37955.35 
   1981     80-84       16305.55      5009.62     21315.17 
   1981     85-89        6960.71      1747.35      8708.06 
   1981     90-94        2166.51       464.00      2630.51 
   1981     95-99         376.90        73.00       449.90 
   1981    100-104         43.21         8.23        51.45 
   1981    105-109          0.47         0.98         1.45 
   1981    110+             0.00         0.00         0.00 
   1982        0        11092.43     11701.62     22794.05 
   1982      1-4        42939.23     44913.75     87852.98 
   1982      5-9        53820.70     55856.60    109677.30 
   1982     10-14       51958.23     55506.70    107464.93 
   1982     15-19       49625.58     51639.38    101264.97 
   1982     20-24       54832.30     58628.26    113460.56 
   1982     25-29       57886.47     59988.18    117874.65 
   1982     30-34       57303.90     56775.71    114079.61 
   1982     35-39       44861.84     42870.58     87732.42 
   1982     40-44       56297.46     52409.90    108707.37 
   1982     45-49       52214.79     46457.75     98672.54 
   1982     50-54       55237.38     46682.20    101919.59 
   1982     55-59       52011.31     33374.34     85385.65 
   1982     60-64       36801.51     21754.26     58555.77 
   1982     65-69       34814.58     19176.33     53990.90 
   1982     70-74       36252.17     17108.89     53361.07 
   1982     75-79       27202.11     11273.86     38475.97 
   1982     80-84       16843.30      5241.39     22084.69 
   1982     85-89        7072.85      1771.11      8843.95 
   1982     90-94        2230.82       473.55      2704.37 
   1982     95-99         395.24        70.61       465.85 
   1982    100-104         46.66         3.79        50.44 
   1982    105-109          0.82         0.00         0.82 
   1982    110+             0.00         0.00         0.00 
   1983        0        11423.51     11983.10     23406.61 
   1983      1-4        43413.75     45491.54     88905.29 
   1983      5-9        53933.41     55915.48    109848.88 
   1983     10-14       52893.25     56866.15    109759.40 
   1983     15-19       49388.33     51350.46    100738.79 
   1983     20-24       54987.12     58274.82    113261.93 
   1983     25-29       57999.02     59851.56    117850.58 
   1983     30-34       57819.00     57473.32    115292.32 
   1983     35-39       47124.43     44860.06     91984.49 
   1983     40-44       53256.22     49775.49    103031.71 
   1983     45-49       53260.99     47562.01    100822.99 
   1983     50-54       54434.12     46026.01    100460.12 
   1983     55-59       52835.98     36120.01     88955.99 
   1983     60-64       40272.79     23131.45     63404.24 
   1983     65-69       32376.08     17946.92     50322.99 
   1983     70-74       36391.46     17260.33     53651.79 
   1983     75-79       27477.46     11290.05     38767.51 
   1983     80-84       17349.07      5540.97     22890.04 
   1983     85-89        7273.80      1833.44      9107.24 
   1983     90-94        2280.09       474.41      2754.49 
   1983     95-99         408.93        77.70       486.63 
   1983    100-104         46.62         4.33        50.95 
   1983    105-109          0.98         0.00         0.98 
   1983    110+             0.00         0.00         0.00 
   1984        0        11749.53     12231.16     23980.69 
   1984      1-4        44318.14     46435.06     90753.20 
   1984      5-9        54073.25     56104.75    110178.01 
   1984     10-14       53382.73     56860.68    110243.41 
   1984     15-19       49497.55     52279.99    101777.55 
   1984     20-24       54858.81     57485.00    112343.81 
   1984     25-29       58228.02     59970.45    118198.48 
   1984     30-34       57956.84     57760.31    115717.15 
   1984     35-39       50663.77     48226.42     98890.19 
   1984     40-44       49690.19     46460.50     96150.69 
   1984     45-49       54877.26     49139.07    104016.33 
   1984     50-54       52868.76     44882.29     97751.06 
   1984     55-59       53405.89     38404.98     91810.87 
   1984     60-64       43327.61     24354.69     67682.30 
   1984     65-69       30776.10     17187.18     47963.28 
   1984     70-74       36254.09     17266.12     53520.21 
   1984     75-79       27695.81     11285.28     38981.09 
   1984     80-84       17661.51      5843.69     23505.21 
   1984     85-89        7493.47      1887.55      9381.02 
   1984     90-94        2301.96       467.34      2769.30 
   1984     95-99         420.55        82.84       503.39 
   1984    100-104         44.41         5.86        50.27 
   1984    105-109          0.88         0.00         0.88 
   1984    110+             0.00         0.00         0.00 
   1985        0        11683.89     12082.33     23766.23 
   1985      1-4        45462.62     47441.88     92904.50 
   1985      5-9        54287.17     56446.70    110733.87 
   1985     10-14       53708.22     56382.66    110090.89 
   1985     15-19       49888.04     53866.28    103754.32 
   1985     20-24       54375.27     56417.92    110793.19 
   1985     25-29       58291.71     60027.42    118319.14 
   1985     30-34       58648.17     58273.73    116921.90 
   1985     35-39       54016.01     51617.57    105633.58 
   1985     40-44       46828.08     43659.17     90487.25 
   1985     45-49       55782.45     49997.30    105779.75 
   1985     50-54       51589.65     43873.73     95463.38 
   1985     55-59       53746.45     40585.87     94332.32 
   1985     60-64       46329.90     25797.20     72127.10 
   1985     65-69       29816.58     16537.83     46354.42 
   1985     70-74       35328.01     16951.47     52279.49 
   1985     75-79       28045.57     11321.02     39366.59 
   1985     80-84       17754.86      6014.10     23768.96 
   1985     85-89        7683.07      1927.61      9610.68 
   1985     90-94        2316.76       459.94      2776.70 
   1985     95-99         432.42        78.98       511.40 
   1985    100-104         42.56         6.14        48.71 
   1985    105-109          0.74         0.00         0.74 
   1985    110+             0.00         0.00         0.00 
   1986        0        11584.80     12103.33     23688.13 
   1986      1-4        46348.32     48054.19     94402.52 
   1986      5-9        54674.13     56945.13    111619.26 
   1986     10-14       53987.62     56198.26    110185.88 
   1986     15-19       50660.48     55575.91    106236.39 
   1986     20-24       53265.42     55271.33    108536.75 
   1986     25-29       58787.56     60056.78    118844.34 
   1986     30-34       59390.47     58842.70    118233.17 
   1986     35-39       56270.56     53921.44    110192.00 
   1986     40-44       44818.30     41702.33     86520.63 
   1986     45-49       56309.18     50586.04    106895.22 
   1986     50-54       50934.27     43392.22     94326.49 
   1986     55-59       53879.12     42274.03     96153.16 
   1986     60-64       48564.94     27335.75     75900.69 
   1986     65-69       30994.62     16895.42     47890.03 
   1986     70-74       33222.37     16066.05     49288.42 
   1986     75-79       28450.45     11388.95     39839.40 
   1986     80-84       17874.88      6123.32     23998.19 
   1986     85-89        7915.56      1989.59      9905.15 
   1986     90-94        2365.68       462.33      2828.02 
   1986     95-99         440.81        76.51       517.32 
   1986    100-104         41.27         5.17        46.44 
   1986    105-109          0.48         0.00         0.48 
   1986    110+             0.00         0.00         0.00 
   1987        0        11820.19     12547.04     24367.23 
   1987      1-4        46950.32     48516.66     95466.98 
   1987      5-9        55215.07     57512.05    112727.12 
   1987     10-14       54198.39     56224.42    110422.82 
   1987     15-19       51732.49     57353.99    109086.47 
   1987     20-24       51976.35     54012.16    105988.52 
   1987     25-29       59402.78     60280.67    119683.45 
   1987     30-34       59790.04     59153.02    118943.06 
   1987     35-39       57565.28     55166.54    112731.82 
   1987     40-44       44590.86     41449.34     86040.21 
   1987     45-49       55575.21     50213.51    105788.73 
   1987     50-54       51105.61     43651.62     94757.23 
   1987     55-59       53872.95     42725.84     96598.79 
   1987     60-64       49847.65     29622.04     79469.68 
   1987     65-69       33998.98     18134.33     52133.31 
   1987     70-74       30467.33     14668.06     45135.39 
   1987     75-79       28775.10     11531.41     40306.51 
   1987     80-84       18077.77      6234.58     24312.35 
   1987     85-89        8241.44      2099.08     10340.53 
   1987     90-94        2390.93       470.39      2861.32 
   1987     95-99         437.57        77.17       514.74 
   1987    100-104         42.22         4.89        47.10 
   1987    105-109          0.53         0.00         0.53 
   1987    110+             0.00         0.00         0.00 
   1988        0        12106.22     12644.63     24750.85 
   1988      1-4        47442.36     49115.93     96558.29 
   1988      5-9        56147.74     58357.35    114505.08 
   1988     10-14       54430.44     56426.23    110856.67 
   1988     15-19       52648.84     58510.05    111158.88 
   1988     20-24       51055.07     53311.74    104366.82 
   1988     25-29       59465.95     60336.34    119802.29 
   1988     30-34       60566.48     59586.02    120152.49 
   1988     35-39       58230.69     55817.49    114048.18 
   1988     40-44       46900.59     43470.25     90370.85 
   1988     45-49       52613.46     47779.90    100393.36 
   1988     50-54       52123.82     44769.92     96893.75 
   1988     55-59       53084.32     42093.16     95177.48 
   1988     60-64       50745.22     32137.59     82882.81 
   1988     65-69       37119.23     19321.09     56440.32 
   1988     70-74       28304.95     13715.71     42020.67 
   1988     75-79       28956.31     11656.40     40612.71 
   1988     80-84       18182.82      6252.59     24435.42 
   1988     85-89        8507.56      2231.70     10739.26 
   1988     90-94        2414.36       477.43      2891.78 
   1988     95-99         430.33        74.01       504.34 
   1988    100-104         41.77         3.40        45.17 
   1988    105-109          0.45         0.00         0.45 
   1988    110+             0.00         0.00         0.00 
   1989        0        11929.32     12431.13     24360.45 
   1989      1-4        47709.76     49451.35     97161.11 
   1989      5-9        57251.21     59339.74    116590.95 
   1989     10-14       54632.23     56679.45    111311.68 
   1989     15-19       53094.73     57595.32    110690.05 
   1989     20-24       50636.64     54230.31    104866.94 
   1989     25-29       58703.57     59715.50    118419.07 
   1989     30-34       61020.17     59905.83    120926.00 
   1989     35-39       58481.73     56135.11    114616.84 
   1989     40-44       50534.22     46849.13     97383.34 
   1989     45-49       49039.06     44565.49     93604.55 
   1989     50-54       53731.58     46315.28    100046.86 
   1989     55-59       51416.27     41089.51     92505.79 
   1989     60-64       51253.35     34097.43     85350.77 
   1989     65-69       40015.94     20433.71     60449.65 
   1989     70-74       26856.21     13164.39     40020.60 
   1989     75-79       28865.54     11674.40     40539.94 
   1989     80-84       18372.65      6288.19     24660.84 
   1989     85-89        8702.65      2391.25     11093.91 
   1989     90-94        2476.29       488.07      2964.36 
   1989     95-99         437.49        74.20       511.69 
   1989    100-104         43.37         2.68        46.05 
   1989    105-109          0.85         0.00         0.85 
   1989    110+             0.00         0.00         0.00 
   1990        0        11183.99     11896.77     23080.76 
   1990      1-4        47515.27     49546.36     97061.63 
   1990      5-9        57980.18     59909.03    117889.22 
   1990     10-14       54684.06     56863.86    111547.91 
   1990     15-19       53225.40     55998.22    109223.62 
   1990     20-24       50744.88     55733.98    106478.86 
   1990     25-29       56988.15     58208.54    115196.68 
   1990     30-34       60712.93     59819.04    120531.97 
   1990     35-39       59023.19     56655.47    115678.66 
   1990     40-44       53907.35     50156.23    104063.58 
   1990     45-49       46112.89     41785.13     87898.02 
   1990     50-54       54627.52     47117.31    101744.84 
   1990     55-59       50029.42     40235.04     90264.45 
   1990     60-64       51424.52     35915.71     87340.24 
   1990     65-69       42826.26     21661.59     64487.84 
   1990     70-74       26005.35     12656.52     38661.86 
   1990     75-79       28018.53     11519.24     39537.77 
   1990     80-84       18706.40      6350.23     25056.62 
   1990     85-89        8822.90      2470.19     11293.09 
   1990     90-94        2598.82       497.18      3096.00 
   1990     95-99         456.91        76.29       533.19 
   1990    100-104         42.03         2.91        44.95 
   1990    105-109          0.59         0.00         0.59 
   1990    110+             0.00         0.00         0.00 
   1991        0         9984.30     10602.76     20587.05 
   1991      1-4        46613.89     49046.66     95660.54 
   1991      5-9        58123.34     60120.86    118244.20 
   1991     10-14       54638.76     57005.39    111644.14 
   1991     15-19       53102.01     55286.30    108388.31 
   1991     20-24       51272.48     55811.45    107083.93 
   1991     25-29       54486.00     56046.86    110532.85 
   1991     30-34       60322.43     59459.52    119781.94 
   1991     35-39       59321.20     57077.01    116398.21 
   1991     40-44       55873.42     52117.02    107990.44 
   1991     45-49       44049.18     39826.49     83875.66 
   1991     50-54       55087.59     47554.11    102641.70 
   1991     55-59       49260.34     39733.23     88993.57 
   1991     60-64       51325.11     37200.81     88525.92 
   1991     65-69       44749.97     22900.33     67650.29 
   1991     70-74       27025.88     12935.02     39960.90 
   1991     75-79       26135.78     10925.49     37061.27 
   1991     80-84       18981.64      6400.71     25382.35 
   1991     85-89        8924.43      2498.24     11422.68 
   1991     90-94        2689.33       517.89      3207.22 
   1991     95-99         464.30        72.39       536.69 
   1991    100-104         39.10         5.12        44.23 
   1991    105-109          0.41         0.00         0.41 
   1991    110+             0.00         0.00         0.00 
   1992        0         8924.47      9466.59     18391.06 
   1992      1-4        43990.10     46464.25     90454.34 
   1992      5-9        57342.23     59654.45    116996.69 
   1992     10-14       53841.35     56317.57    110158.92 
   1992     15-19       52295.67     54440.95    106736.61 
   1992     20-24       51574.94     53634.13    105209.08 
   1992     25-29       51577.45     52827.14    104404.60 
   1992     30-34       58750.65     57980.15    116730.81 
   1992     35-39       58231.15     56212.57    114443.72 
   1992     40-44       56104.97     52318.46    108423.43 
   1992     45-49       43423.53     39193.82     82617.35 
   1992     50-54       53933.44     46715.98    100649.42 
   1992     55-59       49151.30     39682.99     88834.29 
   1992     60-64       50920.08     37241.55     88161.63 
   1992     65-69       45592.81     24604.67     70197.48 
   1992     70-74       29505.19     13841.09     43346.28 
   1992     75-79       23751.36      9849.74     33601.11 
   1992     80-84       19168.44      6509.54     25677.99 
   1992     85-89        9004.35      2569.67     11574.02 
   1992     90-94        2782.37       548.59      3330.96 
   1992     95-99         458.05        72.37       530.42 
   1992    100-104         34.68         7.38        42.06 
   1992    105-109          0.42         0.00         0.42 
   1992    110+             0.00         0.00         0.00 
   1993        0         7873.00      8452.91     16325.90 
   1993      1-4        40204.41     42715.29     82919.70 
   1993      5-9        56113.06     58676.68    114789.74 
   1993     10-14       52934.66     55490.22    108424.88 
   1993     15-19       50972.89     53156.88    104129.77 
   1993     20-24       51105.32     51834.73    102940.05 
   1993     25-29       49234.41     49529.25     98763.65 
   1993     30-34       56145.25     55503.30    111648.55 
   1993     35-39       56766.57     54629.32    111395.89 
   1993     40-44       55162.50     51445.86    106608.35 
   1993     45-49       44956.68     40376.43     85333.10 
   1993     50-54       50408.89     43712.59     94121.48 
   1993     55-59       49770.63     40220.25     89990.88 
   1993     60-64       49670.43     36383.37     86053.80 
   1993     65-69       45978.66     26249.72     72228.38 
   1993     70-74       31944.80     14601.28     46546.09 
   1993     75-79       21969.39      9090.85     31060.23 
   1993     80-84       19157.67      6488.17     25645.84 
   1993     85-89        9066.34      2574.84     11641.17 
   1993     90-94        2813.22       573.94      3387.16 
   1993     95-99         464.11        74.03       538.14 
   1993    100-104         30.57         6.36        36.93 
   1993    105-109          0.04         0.00         0.04 
   1993    110+             0.00         0.00         0.00 
   1994        0         6981.18      7452.69     14433.87 
   1994      1-4        36308.77     38830.15     75138.92 
   1994      5-9        55059.78     57968.77    113028.55 
   1994     10-14       52856.60     55499.66    108356.27 
   1994     15-19       49793.06     52145.37    101938.42 
   1994     20-24       50136.46     51346.86    101483.32 
   1994     25-29       47927.07     47538.75     95465.82 
   1994     30-34       53892.45     53106.74    106999.18 
   1994     35-39       55670.98     53343.05    109014.03 
   1994     40-44       54055.92     50419.69    104475.62 
   1994     45-49       47607.76     42582.00     90189.76 
   1994     50-54       46581.81     40321.47     86903.28 
   1994     55-59       50863.94     41037.72     91901.66 
   1994     60-64       47763.52     35257.89     83021.41 
   1994     65-69       46062.57     27421.87     73484.44 
   1994     70-74       34168.60     15250.57     49419.17 
   1994     75-79       20817.31      8679.69     29497.00 
   1994     80-84       19000.82      6379.96     25380.78 
   1994     85-89        9175.14      2579.94     11755.08 
   1994     90-94        2813.52       617.71      3431.23 
   1994     95-99         455.93        70.75       526.68 
   1994    100-104         30.19         4.03        34.21 
   1994    105-109          0.06         0.00         0.06 
   1994    110+             0.00         0.00         0.00 
   1995        0         6645.01      7013.77     13658.78 
   1995      1-4        32528.95     34754.88     67283.83 
   1995      5-9        53847.07     57262.96    111110.03 
   1995     10-14       53033.07     55642.80    108675.87 
   1995     15-19       49031.95     51670.70    100702.65 
   1995     20-24       49075.34     50644.82     99720.16 
   1995     25-29       47427.18     46793.41     94220.60 
   1995     30-34       51723.53     50772.23    102495.76 
   1995     35-39       54655.76     52206.62    106862.38 
   1995     40-44       53590.87     49772.57    103363.44 
   1995     45-49       49964.78     44574.73     94539.51 
   1995     50-54       43484.63     37434.46     80919.09 
   1995     55-59       51264.58     41143.54     92408.12 
   1995     60-64       46323.99     34206.61     80530.60 
   1995     65-69       46002.19     28613.60     74615.79 
   1995     70-74       36409.70     16047.03     52456.74 
   1995     75-79       20118.52      8291.58     28410.10 
   1995     80-84       18452.59      6287.09     24739.68 
   1995     85-89        9439.36      2605.08     12044.45 
   1995     90-94        2847.78       653.13      3500.91 
   1995     95-99         471.74        71.65       543.39 
   1995    100-104         29.57         2.74        32.30 
   1995    105-109          0.05         0.00         0.05 
   1995    110+             0.00         0.00         0.00 
   1996        0         6429.62      6858.88     13288.49 
   1996      1-4        29598.66     31551.79     61150.45 
   1996      5-9        52071.07     55600.11    107671.17 
   1996     10-14       52949.92     55608.74    108558.66 
   1996     15-19       48749.04     51688.18    100437.23 
   1996     20-24       48146.37     49868.94     98015.31 
   1996     25-29       47637.30     47242.42     94879.72 
   1996     30-34       49397.07     48522.74     97919.82 
   1996     35-39       54032.62     51338.40    105371.02 
   1996     40-44       53320.09     49365.90    102685.98 
   1996     45-49       51179.79     45636.62     96816.41 
   1996     50-54       41271.35     35323.85     76595.21 
   1996     55-59       51380.93     41012.39     92393.31 
   1996     60-64       45535.50     33628.04     79163.54 
   1996     65-69       45906.02     29572.05     75478.07 
   1996     70-74       38035.36     16893.10     54928.46 
   1996     75-79       20957.28      8502.28     29459.55 
   1996     80-84       17338.23      5941.85     23280.08 
   1996     85-89        9688.16      2652.20     12340.36 
   1996     90-94        2914.92       667.66      3582.58 
   1996     95-99         492.18        81.05       573.22 
   1996    100-104         32.28         5.01        37.29 
   1996    105-109          0.00         0.00         0.00 
   1996    110+             0.00         0.00         0.00 
   1997        0         6186.78      6689.88     12876.66 
   1997      1-4        27353.39     29203.57     56556.96 
   1997      5-9        49585.84     52977.54    102563.38 
   1997     10-14       53019.31     55895.72    108915.03 
   1997     15-19       48877.81     52014.76    100892.58 
   1997     20-24       47515.52     49298.59     96814.11 
   1997     25-29       48082.56     48200.61     96283.17 
   1997     30-34       47489.83     46541.74     94031.57 
   1997     35-39       53499.51     50830.85    104330.36 
   1997     40-44       52885.11     48917.37    101802.48 
   1997     45-49       51576.56     45999.06     97575.62 
   1997     50-54       40682.29     34705.93     75388.22 
   1997     55-59       50476.54     40418.63     90895.18 
   1997     60-64       45518.10     33624.01     79142.11 
   1997     65-69       45824.39     29864.86     75689.25 
   1997     70-74       38984.99     18180.04     57165.03 
   1997     75-79       23084.29      9204.12     32288.41 
   1997     80-84       15959.61      5357.21     21316.82 
   1997     85-89        9888.78      2751.03     12639.81 
   1997     90-94        3033.28       719.47      3752.75 
   1997     95-99         513.30        87.11       600.41 
   1997    100-104         35.52         7.58        43.10 
   1997    105-109          0.16         0.00         0.16 
   1997    110+             0.00         0.00         0.00 
   1998        0         5909.43      6449.73     12359.16 
   1998      1-4        25755.60     27542.33     53297.93 
   1998      5-9        46190.64     49570.80     95761.44 
   1998     10-14       53217.88     56375.58    109593.46 
   1998     15-19       49596.38     52774.23    102370.61 
   1998     20-24       47242.98     49153.88     96396.87 
   1998     25-29       48185.67     48823.12     97008.79 
   1998     30-34       46417.61     45337.23     91754.83 
   1998     35-39       52602.40     50212.69    102815.09 
   1998     40-44       52804.79     48803.46    101608.25 
   1998     45-49       51524.44     45998.68     97523.11 
   1998     50-54       42278.16     35946.17     78224.33 
   1998     55-59       47569.35     38296.77     85866.12 
   1998     60-64       46319.94     34122.25     80442.20 
   1998     65-69       45071.00     29472.86     74543.86 
   1998     70-74       39616.96     19576.09     59193.05 
   1998     75-79       25229.66      9821.25     35050.91 
   1998     80-84       14929.38      5016.91     19946.29 
   1998     85-89       10027.97      2819.88     12847.84 
   1998     90-94        3162.23       745.48      3907.71 
   1998     95-99         536.21        88.97       625.18 
   1998    100-104         35.75         8.78        44.53 
   1998    105-109          0.15         0.00         0.15 
   1998    110+             0.00         0.00         0.00 
   1999        0         5908.09      6316.71     12224.80 
   1999      1-4        24887.77     26502.66     51390.43 
   1999      5-9        42039.42     45106.98     87146.39 
   1999     10-14       51846.02     55463.24    107309.26 
   1999     15-19       49752.03     52961.70    102713.73 
   1999     20-24       47479.63     49840.91     97320.54 
   1999     25-29       48552.65     49805.80     98358.44 
   1999     30-34       46367.01     45800.81     92167.82 
   1999     35-39       51593.97     49938.72    101532.69 
   1999     40-44       52854.06     49299.69    102153.75 
   1999     45-49       51313.55     45952.72     97266.27 
   1999     50-54       45293.24     38344.12     83637.36 
   1999     55-59       44439.48     35695.34     80134.81 
   1999     60-64       47809.28     34917.64     82726.92 
   1999     65-69       43700.63     28532.52     72233.15 
   1999     70-74       40128.26     20560.86     60689.12 
   1999     75-79       27332.70     10295.21     37627.91 
   1999     80-84       14282.89      4867.34     19150.23 
   1999     85-89       10115.69      2821.73     12937.42 
   1999     90-94        3320.64       745.66      4066.30 
   1999     95-99         557.19       104.68       661.88 
   1999    100-104         42.38         6.43        48.82 
   1999    105-109          0.15         0.00         0.15 
   1999    110+             0.00         0.00         0.00 
   2000        0         6131.19      6564.33     12695.52 
   2000      1-4        24331.00     25801.02     50132.02 
   2000      5-9        38335.00     40773.81     79108.81 
   2000     10-14       50194.83     54190.51    104385.34 
   2000     15-19       49435.17     52586.02    102021.19 
   2000     20-24       47730.17     50434.32     98164.49 
   2000     25-29       48669.83     50574.83     99244.66 
   2000     30-34       46869.50     46850.51     93720.01 
   2000     35-39       50346.34     49313.05     99659.39 
   2000     40-44       52698.18     49675.51    102373.69 
   2000     45-49       51538.85     46243.31     97782.16 
   2000     50-54       48194.35     40746.95     88941.30 
   2000     55-59       41874.67     33512.21     75386.88 
   2000     60-64       48693.18     35298.22     83991.40 
   2000     65-69       42732.66     27689.65     70422.31 
   2000     70-74       40473.67     21579.82     62053.49 
   2000     75-79       29448.14     10853.38     40301.53 
   2000     80-84       13946.39      4710.12     18656.50 
   2000     85-89        9969.10      2816.68     12785.78 
   2000     90-94        3497.95       777.36      4275.31 
   2000     95-99         593.54       117.99       711.53 
   2000    100-104         51.94         3.73        55.66 
   2000    105-109          0.18         0.00         0.18 
   2000    110+             0.00         0.00         0.00 
   2001        0         6224.68      6700.57     12925.25 
   2001      1-4        24010.50     25579.66     49590.17 
   2001      5-9        35645.17     37719.15     73364.32 
   2001     10-14       49215.50     53011.18    102226.68 
   2001     15-19       49431.00     52506.35    101937.36 
   2001     20-24       47590.00     50391.35     97981.35 
   2001     25-29       48054.83     50161.68     98216.52 
   2001     30-34       47450.00     47650.85     95100.85 
   2001     35-39       48576.84     47726.86     96303.69 
   2001     40-44       52558.50     49615.63    102174.12 
   2001     45-49       51674.83     46402.76     98077.60 
   2001     50-54       49754.85     42159.56     91914.40 
   2001     55-59       39838.00     31865.51     71703.50 
   2001     60-64       49031.00     35444.83     84475.83 
   2001     65-69       42197.16     27338.82     69535.98 
   2001     70-74       40604.33     22462.58     63066.91 
   2001     75-79       30966.48     11512.26     42478.74 
   2001     80-84       14755.73      4864.21     19619.94 
   2001     85-89        9428.26      2701.98     12130.24 
   2001     90-94        3660.61       809.30      4469.90 
   2001     95-99         661.41       122.19       783.60 
   2001    100-104         57.47         5.12        62.59 
   2001    105-109          0.48         0.00         0.48 
   2001    110+             0.00         0.00         0.00 
   2002        0         6328.67      6630.04     12958.71 
   2002      1-4        24044.67     25665.34     49710.00 
   2002      5-9        33399.83     35299.83     68699.66 
   2002     10-14       47419.33     50840.84     98260.17 
   2002     15-19       49529.50     52675.00    102204.50 
   2002     20-24       47490.50     50278.86     97769.36 
   2002     25-29       47594.83     49737.14     97331.98 
   2002     30-34       48120.67     48646.17     96766.84 
   2002     35-39       46938.00     46155.50     93093.51 
   2002     40-44       52331.50     49557.52    101889.02 
   2002     45-49       51478.67     46288.57     97767.23 
   2002     50-54       50309.50     42703.73     93013.23 
   2002     55-59       39392.50     31498.57     70891.07 
   2002     60-64       48270.17     35006.93     83277.09 
   2002     65-69       42437.51     27418.69     69856.21 
   2002     70-74       40691.97     22658.66     63350.63 
   2002     75-79       31860.68     12412.39     44273.07 
   2002     80-84       16484.57      5302.82     21787.39 
   2002     85-89        8658.43      2459.21     11117.65 
   2002     90-94        3726.91       861.81      4588.72 
   2002     95-99         703.05       126.99       830.04 
   2002    100-104         60.33         8.27        68.60 
   2002    105-109          0.78         0.00         0.78 
   2002    110+             0.00         0.00         0.00 
   2003        0         6478.50      6676.35     13154.86 
   2003      1-4        24465.33     25950.33     50415.67 
   2003      5-9        31630.33     33349.83     64980.16 
   2003     10-14       44604.17     47755.17     92359.33 
   2003     15-19       49689.33     52958.66    102647.99 
   2003     20-24       47709.50     50374.83     98084.33 
   2003     25-29       47259.67     49405.33     96665.00 
   2003     30-34       48345.50     49236.17     97581.67 
   2003     35-39       46003.33     45169.01     91172.35 
   2003     40-44       51565.67     49074.33    100640.00 
   2003     45-49       51472.67     46408.33     97880.99 
   2003     50-54       50272.17     42767.02     93039.19 
   2003     55-59       41051.84     32730.37     73782.21 
   2003     60-64       45536.67     33241.82     78778.49 
   2003     65-69       43431.84     27933.03     71364.86 
   2003     70-74       40175.50     22332.98     62508.48 
   2003     75-79       32496.82     13364.31     45861.13 
   2003     80-84       18236.22      5690.66     23926.88 
   2003     85-89        8104.19      2320.61     10424.80 
   2003     90-94        3792.06       887.08      4679.15 
   2003     95-99         735.65       125.47       861.12 
   2003    100-104         61.03        10.86        71.89 
   2003    105-109          0.53         0.00         0.53 
   2003    110+             0.00         0.00         0.00 
   2004        0         6650.50      6920.19     13570.69 
   2004      1-4        24990.17     26350.34     51340.50 
   2004      5-9        30605.33     32239.50     62844.83 
   2004     10-14       41104.33     43865.33     84969.67 
   2004     15-19       49664.50     53034.33    102698.83 
   2004     20-24       48100.67     50714.35     98815.02 
   2004     25-29       46866.33     49071.67     95938.01 
   2004     30-34       48125.33     49194.50     97319.83 
   2004     35-39       45664.83     44881.51     90546.34 
   2004     40-44       50448.00     48180.00     98628.00 
   2004     45-49       51474.67     46621.69     98096.35 
   2004     50-54       49891.17     42607.53     92498.70 
   2004     55-59       43797.17     34839.68     78636.85 
   2004     60-64       42411.50     31086.84     73498.34 
   2004     65-69       44785.67     28696.45     73482.12 
   2004     70-74       39026.99     21787.84     60814.84 
   2004     75-79       33107.00     14181.36     47288.35 
   2004     80-84       19880.28      6048.45     25928.73 
   2004     85-89        7850.26      2248.41     10098.67 
   2004     90-94        3870.53       893.64      4764.17 
   2004     95-99         753.78       132.58       886.36 
   2004    100-104         64.61        12.40        77.01 
   2004    105-109          0.52         0.00         0.52 
   2004    110+             0.00         0.00         0.00 
   2005        0         6848.50      7315.86     14164.36 
   2005      1-4        25450.00     26674.67     52124.67 
   2005      5-9        30055.17     31879.16     61934.33 
   2005     10-14       37784.67     40009.83     77794.50 
   2005     15-19       49314.67     52854.83    102169.50 
   2005     20-24       48200.33     50718.99     98919.32 
   2005     25-29       46450.33     48755.17     95205.50 
   2005     30-34       47530.00     48895.84     96425.84 
   2005     35-39       45720.50     45079.02     90799.52 
   2005     40-44       49014.50     46937.18     95951.68 
   2005     45-49       51210.50     46591.67     97802.17 
   2005     50-54       49895.34     42720.53     92615.87 
   2005     55-59       46370.00     36933.68     83303.69 
   2005     60-64       39839.67     29250.50     69090.17 
   2005     65-69       45568.83     29189.69     74758.52 
   2005     70-74       38320.83     21307.87     59628.70 
   2005     75-79       33634.33     15025.86     48660.19 
   2005     80-84       21450.72      6449.89     27900.61 
   2005     85-89        7827.61      2176.35     10003.96 
   2005     90-94        3771.30       911.00      4682.29 
   2005     95-99         785.09       145.72       930.82 
   2005    100-104         72.59        10.05        82.64 
   2005    105-109          1.04         0.00         1.04 
   2005    110+             0.00         0.00         0.00 
   2006        0         6997.67      7599.01     14596.68 
   2006      1-4        26054.33     27250.17     53304.50 
   2006      5-9        29730.00     31764.83     61494.83 
   2006     10-14       35095.50     36975.17     72070.67 
   2006     15-19       48285.83     51754.33    100040.17 
   2006     20-24       48099.83     50539.83     98639.67 
   2006     25-29       46050.00     48495.67     94545.67 
   2006     30-34       46715.33     48357.17     95072.51 
   2006     35-39       46136.83     45802.17     91939.00 
   2006     40-44       47183.50     45408.01     92591.51 
   2006     45-49       50980.00     46567.51     97547.51 
   2006     50-54       49962.83     42947.03     92909.87 
   2006     55-59       47924.17     38243.85     86168.01 
   2006     60-64       37982.50     27950.15     65932.65 
   2006     65-69       45970.00     29445.17     75415.17 
   2006     70-74       38139.17     21151.84     59291.00 
   2006     75-79       34039.17     15679.51     49718.68 
   2006     80-84       22711.56      6851.92     29563.49 
   2006     85-89        8442.92      2259.89     10702.81 
   2006     90-94        3553.52       856.86      4410.38 
   2006     95-99         806.37       151.31       957.68 
   2006    100-104         80.61         7.76        88.38 
   2006    105-109          1.68         0.00         1.68 
   2006    110+             0.00         0.00         0.00 
   2007        0         7388.50      7894.01     15282.51 
   2007      1-4        26750.00     28240.67     54990.67 
   2007      5-9        29775.00     31739.50     61514.50 
   2007     10-14       32805.00     34549.83     67354.83 
   2007     15-19       46519.83     49679.67     96199.50 
   2007     20-24       48266.33     50770.17     99036.50 
   2007     25-29       45805.67     48245.18     94050.85 
   2007     30-34       46065.33     47896.33     93961.66 
   2007     35-39       46676.33     46758.68     93435.01 
   2007     40-44       45524.17     43922.49     89446.66 
   2007     45-49       50645.50     46554.85     97200.35 
   2007     50-54       49741.67     42936.18     92677.85 
   2007     55-59       48507.17     38785.50     87292.67 
   2007     60-64       37632.33     27751.17     65383.50 
   2007     65-69       45347.67     29183.82     74531.48 
   2007     70-74       38561.50     21402.34     59963.84 
   2007     75-79       34387.33     15919.86     50307.19 
   2007     80-84       23522.83      7455.44     30978.27 
   2007     85-89        9635.07      2495.98     12131.05 
   2007     90-94        3304.98       768.02      4073.00 
   2007     95-99         818.03       161.03       979.06 
   2007    100-104         85.93         9.45        95.37 
   2007    105-109          2.34         0.00         2.34 
   2007    110+             0.00         0.00         0.00 
   2008        0         7698.67      8135.67     15834.34 
   2008      1-4        27724.67     29535.33     57260.00 
   2008      5-9        30300.17     32035.67     62335.83 
   2008     10-14       30985.00     32645.00     63630.00 
   2008     15-19       43830.67     46751.00     90581.67 
   2008     20-24       48579.17     51280.67     99859.83 
   2008     25-29       45964.83     48344.00     94308.83 
   2008     30-34       45634.83     47646.17     93281.00 
   2008     35-39       46884.67     47443.33     94328.00 
   2008     40-44       44625.67     43096.17     87721.83 
   2008     45-49       49859.17     46220.83     96079.99 
   2008     50-54       49756.00     43157.67     92913.67 
   2008     55-59       48498.83     38956.84     87455.67 
   2008     60-64       39284.67     28983.51     68268.17 
   2008     65-69       42938.83     27851.67     70790.51 
   2008     70-74       39655.17     21977.67     61632.84 
   2008     75-79       34165.00     15787.16     49952.16 
   2008     80-84       24172.93      8181.64     32354.58 
   2008     85-89       10843.65      2747.97     13591.63 
   2008     90-94        3181.87       720.36      3902.23 
   2008     95-99         861.51       165.39      1026.89 
   2008    100-104         91.34        11.91       103.25 
   2008    105-109          2.92         0.00         2.92 
   2008    110+             0.00         0.00         0.00 
   2009        0         7752.83      8124.00     15876.84 
   2009      1-4        28829.50     30805.33     59634.83 
   2009      5-9        30975.00     32639.67     63614.67 
   2009     10-14       29934.83     31600.33     61535.17 
   2009     15-19       40449.83     43013.67     83463.50 
   2009     20-24       48745.17     51689.67    100434.84 
   2009     25-29       46355.83     48844.67     95200.50 
   2009     30-34       45206.00     47425.00     92631.00 
   2009     35-39       46668.17     47588.00     94256.17 
   2009     40-44       44310.00     43063.17     87373.17 
   2009     45-49       48840.33     45669.17     94509.50 
   2009     50-54       49755.50     43507.50     93263.00 
   2009     55-59       48190.33     38950.00     87140.34 
   2009     60-64       41969.50     31028.01     72997.51 
   2009     65-69       40105.66     26227.83     66333.49 
   2009     70-74       41076.17     22758.50     63834.67 
   2009     75-79       33380.33     15529.83     48910.17 
   2009     80-84       24853.05      8777.55     33630.60 
   2009     85-89       11998.05      2980.88     14978.93 
   2009     90-94        3159.08       699.22      3858.29 
   2009     95-99         889.43       177.74      1067.17 
   2009    100-104         94.11        17.33       111.44 
   2009    105-109          3.31         0.34         3.65 
   2009    110+             0.00         0.00         0.00 
   2010        0         7732.50      8128.34     15860.84 
   2010      1-4        29760.50     31634.33     61394.83 
   2010      5-9        31629.50     33325.50     64955.00 
   2010     10-14       29400.33     31254.83     60655.17 
   2010     15-19       37200.50     39264.17     76464.67 
   2010     20-24       48554.00     51799.33    100353.33 
   2010     25-29       46564.50     49038.00     95602.50 
   2010     30-34       44765.17     47188.33     91953.50 
   2010     35-39       46129.67     47408.83     93538.50 
   2010     40-44       44393.17     43550.00     87943.17 
   2010     45-49       47496.50     44731.84     92228.34 
   2010     50-54       49541.17     43700.83     93241.99 
   2010     55-59       48260.00     39255.17     87515.17 
   2010     60-64       44517.50     33021.85     77539.35 
   2010     65-69       37692.67     24906.33     62599.01 
   2010     70-74       41909.66     23305.51     65215.17 
   2010     75-79       32954.33     15347.17     48301.50 
   2010     80-84       25510.51      9358.39     34868.90 
   2010     85-89       13041.22      3185.87     16227.09 
   2010     90-94        3254.59       707.23      3961.81 
   2010     95-99         879.08       188.92      1068.01 
   2010    100-104         97.94        19.43       117.37 
   2010    105-109          3.55         0.39         3.94 
   2010    110+             0.00         0.00         0.00 
   2011        0         7421.50      7911.17     15332.67 
   2011      1-4        30508.83     32175.67     62684.50 
   2011      5-9        32431.00     34198.33     66629.33 
   2011     10-14       29077.83     31128.84     60206.67 
   2011     15-19       34550.00     36355.67     70905.67 
   2011     20-24       47524.00     50811.00     98335.00 
   2011     25-29       46537.83     49060.34     95598.17 
   2011     30-34       44405.00     46928.33     91333.33 
   2011     35-39       45431.00     47012.51     92443.51 
   2011     40-44       44907.83     44468.33     89376.17 
   2011     45-49       45782.33     43501.50     89283.84 
   2011     50-54       49413.83     43961.84     93375.68 
   2011     55-59       48426.50     39718.86     88145.36 
   2011     60-64       46177.00     34324.03     80501.03 
   2011     65-69       35956.34     24009.17     59965.51 
   2011     70-74       42432.67     23698.49     66131.15 
   2011     75-79       32974.33     15429.15     48403.49 
   2011     80-84       26047.33      9879.30     35926.63 
   2011     85-89       13958.06      3401.65     17359.71 
   2011     90-94        3623.76       773.02      4396.78 
   2011     95-99         851.16       177.00      1028.16 
   2011    100-104        105.06        16.98       122.04 
   2011    105-109          3.70         0.05         3.75 
   2011    110+             0.00         0.00         0.00 
   2012        0         6986.67      7392.50     14379.17 
   2012      1-4        30512.67     32160.67     62673.33 
   2012      5-9        33547.17     35473.67     69020.83 
   2012     10-14       29076.67     31068.00     60144.67 
   2012     15-19       32284.83     34042.00     66326.83 
   2012     20-24       45646.50     48790.67     94437.17 
   2012     25-29       46713.00     49459.17     96172.17 
   2012     30-34       44197.83     46663.83     90861.66 
   2012     35-39       44816.83     46574.67     91391.50 
   2012     40-44       45476.17     45480.01     90956.18 
   2012     45-49       44261.33     42295.83     86557.16 
   2012     50-54       49154.50     44191.17     93345.67 
   2012     55-59       48285.00     39982.84     88267.85 
   2012     60-64       46887.33     34955.00     81842.34 
   2012     65-69       35644.83     24021.51     59666.35 
   2012     70-74       42009.16     23763.17     65772.34 
   2012     75-79       33618.83     15842.32     49461.15 
   2012     80-84       26546.47     10180.25     36726.72 
   2012     85-89       14727.70      3789.38     18517.08 
   2012     90-94        4223.55       880.33      5103.88 
   2012     95-99         811.70       156.66       968.36 
   2012    100-104        113.60        17.33       130.94 
   2012    105-109          3.32         0.00         3.32 
   2012    110+             0.00         0.00         0.00 
   2013        0         6746.17      7058.83     13805.00 
   2013      1-4        29728.67     31372.83     61101.50 
   2013      5-9        34772.50     36921.33     71693.83 
   2013     10-14       29540.83     31289.67     60830.50 
   2013     15-19       30490.83     32175.83     62666.67 
   2013     20-24       42939.33     45989.33     88928.67 
   2013     25-29       47050.50     50067.50     97118.00 
   2013     30-34       44388.33     46798.50     91186.83 
   2013     35-39       44383.33     46227.67     90611.00 
   2013     40-44       45643.50     46122.50     91766.00 
   2013     45-49       43387.17     41622.17     85009.33 
   2013     50-54       48439.83     44106.83     92546.67 
   2013     55-59       48276.00     40380.50     88656.50 
   2013     60-64       46945.33     35242.00     82187.33 
   2013     65-69       37284.33     25218.67     62503.00 
   2013     70-74       39826.67     22873.50     62700.17 
   2013     75-79       34831.67     16454.17     51285.83 
   2013     80-84       26631.46     10248.61     36880.07 
   2013     85-89       15322.30      4244.19     19566.49 
   2013     90-94        4869.69       979.43      5849.12 
   2013     95-99         800.84       149.00       949.84 
   2013    100-104        123.46        19.30       142.76 
   2013    105-109          3.39         0.00         3.39 
   2013    110+             0.00         0.00         0.00 
