Hungary, Exposure to risk (period 5x1)     Last modified: 18-Apr-2016, MPv5 (May07)

   Year      Age       Female          Male         Total
   1950        0        89308.65     94141.86    183450.51 
   1950      1-4       315085.40    328013.38    643098.78 
   1950      5-9       378703.17    390589.67    769292.83 
   1950     10-14      363495.50    370257.32    733752.83 
   1950     15-19      378003.66    380933.00    758936.66 
   1950     20-24      396822.01    386723.67    783545.68 
   1950     25-29      411473.01    377046.67    788519.68 
   1950     30-34      262644.33    232676.67    495321.00 
   1950     35-39      383670.17    343538.66    727208.84 
   1950     40-44      365106.68    335912.50    701019.19 
   1950     45-49      328335.32    307484.17    635819.49 
   1950     50-54      303124.69    264812.84    567937.53 
   1950     55-59      248096.22    198122.71    446218.93 
   1950     60-64      211218.66    165172.98    376391.64 
   1950     65-69      173812.35    135804.52    309616.87 
   1950     70-74      118764.35     93725.16    212489.52 
   1950     75-79       69520.72     54679.56    124200.28 
   1950     80-84       33124.83     26330.79     59455.62 
   1950     85-89       11391.35      8079.93     19471.28 
   1950     90-94        2315.90      1418.19      3734.09 
   1950     95-99         257.03       152.96       409.99 
   1950    100-104         12.55         8.28        20.84 
   1950    105-109          0.00         0.00         0.00 
   1950    110+             0.00         0.00         0.00 
   1951        0        89713.56     93826.16    183539.72 
   1951      1-4       329819.69    344001.70    673821.38 
   1951      5-9       375441.50    387666.34    763107.84 
   1951     10-14      364894.50    372107.50    737002.00 
   1951     15-19      371536.00    375060.17    746596.16 
   1951     20-24      392020.83    386054.66    778075.50 
   1951     25-29      409512.99    380143.50    789656.49 
   1951     30-34      296769.17    262894.01    559663.18 
   1951     35-39      353489.00    314704.83    668193.83 
   1951     40-44      373680.49    342518.67    716199.16 
   1951     45-49      328849.01    307218.83    636067.84 
   1951     50-54      307642.17    275571.50    583213.67 
   1951     55-59      260467.01    206850.83    467317.83 
   1951     60-64      209717.99    163653.50    373371.49 
   1951     65-69      178485.01    138191.16    316676.17 
   1951     70-74      121579.66     95122.85    216702.51 
   1951     75-79       72978.34     56381.01    129359.35 
   1951     80-84       34383.15     27310.42     61693.57 
   1951     85-89       11725.79      8325.56     20051.35 
   1951     90-94        2494.05      1478.45      3972.50 
   1951     95-99         268.82       148.29       417.11 
   1951    100-104          9.28         5.28        14.55 
   1951    105-109          0.00         0.00         0.00 
   1951    110+             0.00         0.00         0.00 
   1952        0        87899.51     91447.70    179347.21 
   1952      1-4       340452.85    354818.68    695271.53 
   1952      5-9       376503.34    389913.67    766417.01 
   1952     10-14      367739.67    375818.17    743557.83 
   1952     15-19      366687.33    370498.67    737186.00 
   1952     20-24      388573.99    385370.83    773944.83 
   1952     25-29      403286.99    379778.34    783065.32 
   1952     30-34      339501.66    301137.67    640639.33 
   1952     35-39      314816.32    278935.83    593752.16 
   1952     40-44      380084.49    347536.16    727620.66 
   1952     45-49      333158.83    309044.33    642203.16 
   1952     50-54      310590.01    284628.83    595218.84 
   1952     55-59      270240.34    215463.50    485703.84 
   1952     60-64      211965.01    164259.17    376224.17 
   1952     65-69      181651.17    139934.82    321585.99 
   1952     70-74      125877.51     97011.32    222888.83 
   1952     75-79       76050.18     57640.00    133690.18 
   1952     80-84       34938.39     27493.89     62432.28 
   1952     85-89       11773.57      8302.04     20075.61 
   1952     90-94        2493.65      1445.78      3939.43 
   1952     95-99         283.61       132.06       415.66 
   1952    100-104          7.79         3.13        10.92 
   1952    105-109          0.00         0.00         0.00 
   1952    110+             0.00         0.00         0.00 
   1953        0        91878.31     96168.35    188046.66 
   1953      1-4       343169.84    357216.00    700385.84 
   1953      5-9       383060.50    397602.83    780663.34 
   1953     10-14      371079.00    380669.83    751748.83 
   1953     15-19      363117.50    366671.50    729789.00 
   1953     20-24      385794.50    384332.33    770126.83 
   1953     25-29      397317.83    379433.83    776751.67 
   1953     30-34      382012.00    341143.83    723155.83 
   1953     35-39      274411.66    242622.83    517034.50 
   1953     40-44      385121.50    350757.00    735878.50 
   1953     45-49      338891.33    312555.83    651447.17 
   1953     50-54      314240.66    291439.00    605679.66 
   1953     55-59      277245.00    225001.83    502246.83 
   1953     60-64      215776.99    167399.50    383176.50 
   1953     65-69      184458.99    140567.33    325026.32 
   1953     70-74      131251.48     99719.83    230971.31 
   1953     75-79       78034.31     58528.66    136562.98 
   1953     80-84       35225.88     26965.68     62191.57 
   1953     85-89       11572.64      8183.84     19756.48 
   1953     90-94        2419.09      1413.17      3832.26 
   1953     95-99         271.04       114.97       386.01 
   1953    100-104         12.81         3.72        16.53 
   1953    105-109          0.00         0.00         0.00 
   1953    110+             0.00         0.00         0.00 
   1954        0       100024.05    105793.18    205817.24 
   1954      1-4       347927.18    362001.85    709929.04 
   1954      5-9       390120.50    405178.34    795298.84 
   1954     10-14      376346.84    387741.50    764088.34 
   1954     15-19      361391.99    364841.16    726233.16 
   1954     20-24      381057.33    380901.33    761958.66 
   1954     25-29      395928.15    381372.99    777301.15 
   1954     30-34      404544.99    366140.68    770685.67 
   1954     35-39      250708.83    222273.33    472982.16 
   1954     40-44      387660.83    350608.99    738269.83 
   1954     45-49      347230.82    319368.83    666599.64 
   1954     50-54      317365.30    294948.79    612314.09 
   1954     55-59      282588.46    235716.62    518305.08 
   1954     60-64      220992.93    171734.74    392727.67 
   1954     65-69      186946.02    140746.54    327692.56 
   1954     70-74      136081.14    102216.50    238297.64 
   1954     75-79       79891.70     59804.65    139696.34 
   1954     80-84       35445.83     26497.43     61943.26 
   1954     85-89       11604.14      8276.36     19880.50 
   1954     90-94        2374.62      1396.40      3771.02 
   1954     95-99         274.19       113.59       387.78 
   1954    100-104         12.24         2.94        15.18 
   1954    105-109          0.00         0.00         0.00 
   1954    110+             0.00         0.00         0.00 
   1955        0       100772.31    106770.34    207542.65 
   1955      1-4       359530.69    374730.53    734261.22 
   1955      5-9       400336.83    416343.84    816680.67 
   1955     10-14      378839.83    391794.34    770634.17 
   1955     15-19      362078.00    366319.01    728397.00 
   1955     20-24      374823.99    374836.17    749660.16 
   1955     25-29      394419.00    383597.67    778016.67 
   1955     30-34      406969.67    374062.00    781031.67 
   1955     35-39      259757.00    230938.33    490695.33 
   1955     40-44      376909.99    338781.83    715691.82 
   1955     45-49      357826.50    328299.66    686126.16 
   1955     50-54      317982.00    295223.33    613205.33 
   1955     55-59      288761.15    247802.35    536563.51 
   1955     60-64      230743.51    178529.01    409272.52 
   1955     65-69      186615.14    140427.49    327042.64 
   1955     70-74      140789.48    104675.98    245465.46 
   1955     75-79       82753.16     61591.15    144344.31 
   1955     80-84       37148.96     27426.25     64575.21 
   1955     85-89       12259.83      8747.90     21007.73 
   1955     90-94        2489.43      1486.00      3975.43 
   1955     95-99         302.16       124.11       426.27 
   1955    100-104         12.71         0.24        12.95 
   1955    105-109          0.13         0.00         0.13 
   1955    110+             0.00         0.00         0.00 
   1956        0        94063.53     99070.67    193134.20 
   1956      1-4       369948.84    386977.08    756925.93 
   1956      5-9       414051.33    430433.52    844484.85 
   1956     10-14      373944.83    385014.36    758959.20 
   1956     15-19      360446.50    358506.34    718952.84 
   1956     20-24      365069.83    358312.08    723381.92 
   1956     25-29      386624.50    375944.48    762568.98 
   1956     30-34      403018.66    373395.28    776413.94 
   1956     35-39      291892.67    258719.40    550612.08 
   1956     40-44      346321.83    308637.73    654959.56 
   1956     45-49      365435.17    333910.53    699345.69 
   1956     50-54      318668.49    295154.02    613822.51 
   1956     55-59      293637.65    258243.66    551881.31 
   1956     60-64      241849.50    186690.45    428539.96 
   1956     65-69      186188.47    140049.95    326238.43 
   1956     70-74      144873.47    106982.85    251856.32 
   1956     75-79       85407.14     63050.81    148457.94 
   1956     80-84       39313.92     28652.92     67966.83 
   1956     85-89       12917.93      9128.74     22046.67 
   1956     90-94        2607.68      1583.94      4191.62 
   1956     95-99         304.76       141.58       446.34 
   1956    100-104         23.11         1.25        24.37 
   1956    105-109          0.65         0.00         0.65 
   1956    110+             0.00         0.00         0.00 
   1957        0        84128.17     88837.93    172966.09 
   1957      1-4       375123.33    393575.84    768699.18 
   1957      5-9       420572.00    436525.17    857097.17 
   1957     10-14      372633.33    381818.00    754451.33 
   1957     15-19      359819.83    352773.67    712593.50 
   1957     20-24      355702.33    339160.00    694862.33 
   1957     25-29      378989.00    365912.50    744901.50 
   1957     30-34      393764.67    367535.67    761300.34 
   1957     35-39      331405.50    292853.34    624258.83 
   1957     40-44      306733.67    270994.33    577728.00 
   1957     45-49      370124.33    336653.68    706778.01 
   1957     50-54      322240.50    295988.67    618229.17 
   1957     55-59      296534.00    266353.84    562887.84 
   1957     60-64      250608.67    194410.52    445019.18 
   1957     65-69      188215.50    140733.34    328948.84 
   1957     70-74      147680.17    108566.50    256246.66 
   1957     75-79       88597.83     64749.00    153346.84 
   1957     80-84       41357.27     29690.65     71047.92 
   1957     85-89       13284.09      9354.17     22638.25 
   1957     90-94        2649.96      1637.12      4287.09 
   1957     95-99         309.42       156.96       466.37 
   1957    100-104         21.93         3.73        25.66 
   1957    105-109          0.58         0.00         0.58 
   1957    110+             0.00         0.00         0.00 
   1958        0        76306.60     80642.49    156949.09 
   1958      1-4       368357.84    387443.00    755800.84 
   1958      5-9       426339.00    442969.67    869308.67 
   1958     10-14      378780.50    389292.83    768073.33 
   1958     15-19      363787.67    361051.67    724839.34 
   1958     20-24      351217.00    331225.67    682442.67 
   1958     25-29      375107.00    361760.84    736867.84 
   1958     30-34      387224.00    365596.83    752820.83 
   1958     35-39      372181.84    330626.67    702808.51 
   1958     40-44      266496.00    235152.00    501648.00 
   1958     45-49      374158.83    338860.33    713019.16 
   1958     50-54      327563.67    298704.17    626267.83 
   1958     55-59      300084.00    272445.66    572529.66 
   1958     60-64      257010.83    202853.67    459864.50 
   1958     65-69      192216.00    143242.66    335458.66 
   1958     70-74      150185.99    109276.82    259462.81 
   1958     75-79       92864.82     67049.49    159914.31 
   1958     80-84       43338.58     30813.11     74151.69 
   1958     85-89       13622.77      9507.03     23129.81 
   1958     90-94        2751.18      1743.81      4495.00 
   1958     95-99         315.95       173.29       489.24 
   1958    100-104         15.98         6.67        22.65 
   1958    105-109          0.00         0.00         0.00 
   1958    110+             0.00         0.00         0.00 
   1959        0        72972.70     76775.02    149747.72 
   1959      1-4       346450.55    364299.87    710750.42 
   1959      5-9       439454.73    457928.36    897383.09 
   1959     10-14      385251.59    397230.36    782481.95 
   1959     15-19      370118.60    371822.89    741941.49 
   1959     20-24      349861.06    329642.44    679503.50 
   1959     25-29      370149.14    357194.02    727343.17 
   1959     30-34      386144.57    366299.07    752443.63 
   1959     35-39      393901.95    354184.45    748086.40 
   1959     40-44      243382.24    215253.97    458636.21 
   1959     45-49      376322.88    338367.85    714690.73 
   1959     50-54      335888.20    305009.49    640897.69 
   1959     55-59      303052.57    275542.18    578594.74 
   1959     60-64      262442.95    212306.27    474749.22 
   1959     65-69      197535.34    146733.55    344268.89 
   1959     70-74      152816.73    109766.92    262583.65 
   1959     75-79       96914.17     69094.06    166008.23 
   1959     80-84       45216.75     31939.93     77156.68 
   1959     85-89       14115.94      9648.29     23764.23 
   1959     90-94        2915.51      1885.02      4800.53 
   1959     95-99         339.25       186.33       525.58 
   1959    100-104         22.26        10.88        33.14 
   1959    105-109          0.33         0.00         0.33 
   1959    110+             0.00         0.00         0.00 
   1960        0        69948.38     73944.25    143892.63 
   1960      1-4       320328.11    336421.33    656749.44 
   1960      5-9       452020.22    472180.93    924201.15 
   1960     10-14      394790.91    408665.29    803456.20 
   1960     15-19      372560.56    377032.79    749593.34 
   1960     20-24      351144.56    332867.89    684012.46 
   1960     25-29      363760.46    350289.81    714050.27 
   1960     30-34      384617.87    366818.71    751436.58 
   1960     35-39      396009.35    360979.86    756989.21 
   1960     40-44      252325.13    223298.22    475623.35 
   1960     45-49      365700.37    326378.51    692078.88 
   1960     50-54      346144.52    312999.32    659143.84 
   1960     55-59      303515.55    275196.13    578711.69 
   1960     60-64      268948.46    222793.57    491742.03 
   1960     65-69      205952.89    151886.76    357839.65 
   1960     70-74      153278.78    109116.22    262395.00 
   1960     75-79       99952.27     70332.82    170285.09 
   1960     80-84       47076.01     32722.90     79798.92 
   1960     85-89       14846.83      9921.04     24767.87 
   1960     90-94        3120.31      1925.86      5046.17 
   1960     95-99         342.77       195.05       537.82 
   1960    100-104         18.09        11.97        30.05 
   1960    105-109          0.40         0.00         0.40 
   1960    110+             0.00         0.00         0.00 
   1961        0        67230.22     71473.18    138703.40 
   1961      1-4       297548.93    313032.21    610581.15 
   1961      5-9       457784.67    479601.40    937386.08 
   1961     10-14      409723.38    424801.27    834524.64 
   1961     15-19      369370.30    375633.87    745004.17 
   1961     20-24      353620.18    339779.77    693399.95 
   1961     25-29      357699.54    342366.58    700066.12 
   1961     30-34      379602.08    364519.91    744121.99 
   1961     35-39      394902.82    364041.20    758944.02 
   1961     40-44      285308.81    252311.77    537620.58 
   1961     45-49      337160.44    299166.09    636326.54 
   1961     50-54      354171.22    319429.70    673600.92 
   1961     55-59      305072.65    275668.78    580741.42 
   1961     60-64      274558.79    232698.21    507257.00 
   1961     65-69      216323.87    158931.21    375255.08 
   1961     70-74      153836.24    108822.30    262658.54 
   1961     75-79      103405.73     71786.11    175191.83 
   1961     80-84       49123.34     33537.04     82660.38 
   1961     85-89       15950.36     10556.79     26507.15 
   1961     90-94        3368.70      1986.89      5355.59 
   1961     95-99         357.84       201.49       559.33 
   1961    100-104         10.26         8.82        19.08 
   1961    105-109          0.00         0.00         0.00 
   1961    110+             0.00         0.00         0.00 
   1962        0        63402.57     67309.57    130712.14 
   1962      1-4       281543.66    296765.06    578308.73 
   1962      5-9       455562.28    479280.31    934842.60 
   1962     10-14      418546.32    433839.11    852385.44 
   1962     15-19      370234.34    378829.39    749063.73 
   1962     20-24      357384.24    349113.08    706497.32 
   1962     25-29      353107.96    335235.51    688343.47 
   1962     30-34      375799.98    362150.78    737950.76 
   1962     35-39      389374.14    363320.92    752695.06 
   1962     40-44      326668.13    288622.72    615290.86 
   1962     45-49      300213.17    265103.67    565316.85 
   1962     50-54      360352.67    324308.70    684661.37 
   1962     55-59      309608.33    277841.15    587449.47 
   1962     60-64      278572.78    240753.43    519326.21 
   1962     65-69      225268.71    166018.72    391287.44 
   1962     70-74      156283.05    109517.38    265800.43 
   1962     75-79      106054.07     72622.88    178676.95 
   1962     80-84       51065.73     34176.49     85242.21 
   1962     85-89       16651.47     10802.88     27454.35 
   1962     90-94        3391.22      1962.11      5353.33 
   1962     95-99         356.65       186.85       543.50 
   1962    100-104         10.20         3.72        13.92 
   1962    105-109          0.00         0.00         0.00 
   1962    110+             0.00         0.00         0.00 
   1963        0        61610.56     65273.61    126884.17 
   1963      1-4       269170.78    284053.56    553224.34 
   1963      5-9       441926.20    466282.94    908209.14 
   1963     10-14      425128.85    441624.99    866753.83 
   1963     15-19      376349.63    387050.50    763400.13 
   1963     20-24      361437.12    358293.03    719730.16 
   1963     25-29      349516.34    329937.20    679453.53 
   1963     30-34      372747.91    359356.48    732104.38 
   1963     35-39      383802.25    362007.00    745809.25 
   1963     40-44      367759.38    326255.55    694014.93 
   1963     45-49      261382.90    230338.85    491721.75 
   1963     50-54      365315.62    327402.80    692718.41 
   1963     55-59      315424.17    281100.12    596524.29 
   1963     60-64      282773.75    246672.68    529446.43 
   1963     65-69      232304.99    173674.28    405979.27 
   1963     70-74      160591.18    111887.31    272478.49 
   1963     75-79      108664.20     73160.69    181824.89 
   1963     80-84       53829.24     35271.19     89100.43 
   1963     85-89       17297.03     10945.24     28242.27 
   1963     90-94        3420.74      1959.94      5380.68 
   1963     95-99         369.21       183.88       553.09 
   1963    100-104         10.25         1.65        11.91 
   1963    105-109          0.00         0.00         0.00 
   1963    110+             0.00         0.00         0.00 
   1964        0        62172.53     66021.78    128194.30 
   1964      1-4       258376.30    273126.64    531502.93 
   1964      5-9       416810.88    439452.76    856263.63 
   1964     10-14      438468.38    457784.52    896252.89 
   1964     15-19      382498.79    394487.18    776985.97 
   1964     20-24      366923.36    368061.43    734984.79 
   1964     25-29      347829.41    327981.99    675811.40 
   1964     30-34      367828.58    354649.46    722478.03 
   1964     35-39      382647.72    362367.49    745015.21 
   1964     40-44      389376.81    349302.82    738679.63 
   1964     45-49      238818.62    210874.01    449692.63 
   1964     50-54      367583.90    327170.77    694754.68 
   1964     55-59      323867.83    287311.44    611179.27 
   1964     60-64      286121.50    249644.57    535766.08 
   1964     65-69      238083.63    182070.19    420153.82 
   1964     70-74      166184.15    115166.72    281350.87 
   1964     75-79      111663.13     73818.63    185481.76 
   1964     80-84       56975.83     36803.45     93779.28 
   1964     85-89       18297.22     11452.37     29749.59 
   1964     90-94        3604.56      2038.38      5642.95 
   1964     95-99         422.23       199.24       621.47 
   1964    100-104         15.33         4.45        19.78 
   1964    105-109          0.00         0.00         0.00 
   1964    110+             0.00         0.00         0.00 
   1965        0        62437.43     66258.61    128696.03 
   1965      1-4       250911.42    265610.27    516521.68 
   1965      5-9       387891.38    408538.61    796429.99 
   1965     10-14      451395.51    473571.35    924966.86 
   1965     15-19      392120.04    405606.40    797726.44 
   1965     20-24      368988.40    372975.75    741964.15 
   1965     25-29      348776.66    330642.00    679418.66 
   1965     30-34      361488.17    347703.40    709191.57 
   1965     35-39      381139.88    362825.56    743965.44 
   1965     40-44      391551.30    355956.88    747508.18 
   1965     45-49      247847.20    218870.47    466717.67 
   1965     50-54      357176.06    315760.16    672936.22 
   1965     55-59      334070.78    295177.37    629248.15 
   1965     60-64      286791.94    249622.40    536414.34 
   1965     65-69      244522.84    191138.41    435661.25 
   1965     70-74      173942.34    119195.36    293137.71 
   1965     75-79      112617.45     73633.65    186251.10 
   1965     80-84       59056.70     37483.74     96540.43 
   1965     85-89       19329.10     11860.69     31189.80 
   1965     90-94        3789.19      2171.17      5960.36 
   1965     95-99         467.58       210.87       678.46 
   1965    100-104         18.03         7.24        25.27 
   1965    105-109          0.00         0.00         0.00 
   1965    110+             0.00         0.00         0.00 
   1966        0        63889.13     67881.03    131770.15 
   1966      1-4       246349.66    260792.85    507142.51 
   1966      5-9       362697.86    382492.24    745190.10 
   1966     10-14      457345.49    481879.58    939225.07 
   1966     15-19      407244.45    421613.35    828857.80 
   1966     20-24      365921.44    371816.91    737738.34 
   1966     25-29      350942.75    337025.79    687968.54 
   1966     30-34      355538.98    339868.50    695407.49 
   1966     35-39      376343.70    360673.57    737017.27 
   1966     40-44      390437.84    358857.78    749295.62 
   1966     45-49      280557.25    247348.90    527906.15 
   1966     50-54      329076.15    289267.45    618343.59 
   1966     55-59      342083.59    301649.80    643733.39 
   1966     60-64      288403.71    250175.23    538578.94 
   1966     65-69      249877.14    199495.64    449372.77 
   1966     70-74      182912.39    124461.49    307373.88 
   1966     75-79      113492.40     73435.77    186928.17 
   1966     80-84       61066.09     38014.01     99080.11 
   1966     85-89       20476.20     12273.27     32749.47 
   1966     90-94        4057.05      2328.95      6386.00 
   1966     95-99         478.95       219.83       698.78 
   1966    100-104         19.12         7.21        26.33 
   1966    105-109          0.00         0.00         0.00 
   1966    110+             0.00         0.00         0.00 
   1967        0        67581.81     71931.20    139513.01 
   1967      1-4       246975.84    261658.09    508633.93 
   1967      5-9       343149.72    362138.37    705288.09 
   1967     10-14      455100.71    481460.58    936561.29 
   1967     15-19      416493.86    431157.80    847651.65 
   1967     20-24      366831.43    375101.02    741932.45 
   1967     25-29      354418.88    345703.39    700122.27 
   1967     30-34      351003.17    333114.10    684117.27 
   1967     35-39      372765.31    358525.41    731290.72 
   1967     40-44      384989.17    357940.28    742929.46 
   1967     45-49      321428.22    282973.47    604401.68 
   1967     50-54      292734.48    256221.55    548956.03 
   1967     55-59      348399.19    306651.41    655050.59 
   1967     60-64      292909.20    252139.62    545048.83 
   1967     65-69      253905.16    206409.57    460314.73 
   1967     70-74      190752.78    129946.50    320699.28 
   1967     75-79      116167.18     74261.47    190428.65 
   1967     80-84       63123.60     38720.53    101844.12 
   1967     85-89       21802.12     12893.80     34695.92 
   1967     90-94        4414.28      2443.54      6857.81 
   1967     95-99         498.53       237.42       735.95 
   1967    100-104         19.43         6.68        26.10 
   1967    105-109          0.00         0.00         0.00 
   1967    110+             0.00         0.00         0.00 
   1968        0        71649.76     75930.19    147579.95 
   1968      1-4       252818.18    268330.75    521148.93 
   1968      5-9       329325.64    347596.15    676921.79 
   1968     10-14      441373.04    467857.30    909230.34 
   1968     15-19      423608.73    439961.27    863569.99 
   1968     20-24      372987.31    383325.72    756313.03 
   1968     25-29      358280.51    354302.08    712582.59 
   1968     30-34      347388.54    328074.05    675462.59 
   1968     35-39      369866.96    355876.78    725743.75 
   1968     40-44      379517.95    356402.53    735920.48 
   1968     45-49      361969.71    319688.82    681658.53 
   1968     50-54      254733.08    222526.85    477259.93 
   1968     55-59      353427.87    309708.01    663135.88 
   1968     60-64      298389.46    255080.64    553470.10 
   1968     65-69      257887.19    211191.72    469078.91 
   1968     70-74      196830.65    135474.69    332305.34 
   1968     75-79      119748.51     75813.18    195561.70 
   1968     80-84       64440.88     38686.03    103126.92 
   1968     85-89       23057.32     13341.18     36398.50 
   1968     90-94        4653.87      2533.14      7187.01 
   1968     95-99         512.61       231.94       744.55 
   1968    100-104         19.62         7.85        27.47 
   1968    105-109          0.00         0.00         0.00 
   1968    110+             0.00         0.00         0.00 
   1969        0        72695.28     77518.35    150213.63 
   1969      1-4       262279.90    278492.13    540772.03 
   1969      5-9       319324.02    337458.19    656782.21 
   1969     10-14      416085.11    440173.75    856258.86 
   1969     15-19      437371.10    457374.36    894745.45 
   1969     20-24      379350.06    390763.51    770113.56 
   1969     25-29      363516.86    363838.34    727355.20 
   1969     30-34      345542.56    325904.56    671447.12 
   1969     35-39      365074.17    351253.68    716327.85 
   1969     40-44      378340.28    356597.97    734938.25 
   1969     45-49      383323.15    341922.68    725245.83 
   1969     50-54      232733.41    203760.22    436493.63 
   1969     55-59      355497.12    309453.66    664950.78 
   1969     60-64      306433.12    260568.60    567001.71 
   1969     65-69      260555.68    212991.30    473546.97 
   1969     70-74      201602.05    141509.81    343111.86 
   1969     75-79      123988.30     77415.17    201403.48 
   1969     80-84       65887.03     38567.49    104454.52 
   1969     85-89       24352.06     13666.28     38018.35 
   1969     90-94        4866.51      2604.48      7470.99 
   1969     95-99         541.22       220.20       761.42 
   1969    100-104         24.93         7.71        32.65 
   1969    105-109          0.00         0.00         0.00 
   1969    110+             0.00         0.00         0.00 
   1970        0        71987.58     76847.92    148835.51 
   1970      1-4       272640.85    289979.32    562620.17 
   1970      5-9       312223.87    330497.33    642721.20 
   1970     10-14      387132.52    408335.82    795468.33 
   1970     15-19      450477.47    473638.72    924116.19 
   1970     20-24      389236.47    401535.58    790772.05 
   1970     25-29      365528.62    368621.27    734149.88 
   1970     30-34      346362.87    328023.44    674386.30 
   1970     35-39      358852.94    344195.58    703048.52 
   1970     40-44      376958.08    356935.40    733893.48 
   1970     45-49      385598.97    348015.60    733614.57 
   1970     50-54      241887.86    211611.85    453499.71 
   1970     55-59      345247.66    298503.26    643750.92 
   1970     60-64      316412.60    267625.46    584038.07 
   1970     65-69      260971.93    212160.78    473132.72 
   1970     70-74      207107.38    148051.56    355158.95 
   1970     75-79      129779.80     79705.37    209485.18 
   1970     80-84       66911.48     38347.00    105258.48 
   1970     85-89       25152.58     13802.92     38955.51 
   1970     90-94        5188.37      2677.80      7866.18 
   1970     95-99         573.92       237.12       811.04 
   1970    100-104         29.70         7.79        37.49 
   1970    105-109          0.00         0.00         0.00 
   1970    110+             0.00         0.00         0.00 
   1971        0        71493.12     75624.21    147117.33 
   1971      1-4       281122.02    299104.41    580226.43 
   1971      5-9       309026.17    327770.46    636796.63 
   1971     10-14      362151.52    381710.27    743861.79 
   1971     15-19      456155.39    480906.92    937062.31 
   1971     20-24      404538.53    417107.01    821645.53 
   1971     25-29      362647.81    367311.77    729959.58 
   1971     30-34      348465.00    333703.30    682168.30 
   1971     35-39      353022.56    336114.45    689137.02 
   1971     40-44      372435.87    354707.50    727143.37 
   1971     45-49      384640.30    350305.67    734945.98 
   1971     50-54      274368.85    238892.42    513261.26 
   1971     55-59      317926.93    273089.62    591016.55 
   1971     60-64      324209.42    273520.18    597729.59 
   1971     65-69      262549.15    212122.46    474671.61 
   1971     70-74      211898.91    153831.40    365730.31 
   1971     75-79      136331.34     82778.44    219109.77 
   1971     80-84       68015.32     38279.51    106294.84 
   1971     85-89       25932.99     13918.69     39851.68 
   1971     90-94        5579.51      2785.43      8364.94 
   1971     95-99         602.52       262.72       865.24 
   1971    100-104         29.22         8.40        37.62 
   1971    105-109          0.04         0.00         0.04 
   1971    110+             0.00         0.00         0.00 
   1972        0        71775.84     76172.44    147948.28 
   1972      1-4       285467.19    303094.53    588561.72 
   1972      5-9       313482.88    333140.67    646623.55 
   1972     10-14      342772.80    361188.86    703961.66 
   1972     15-19      453656.89    479051.84    932708.73 
   1972     20-24      413880.95    426387.85    840268.80 
   1972     25-29      363685.62    370370.33    734055.96 
   1972     30-34      351858.89    341653.87    693512.75 
   1972     35-39      348586.34    329240.71    677827.05 
   1972     40-44      369115.26    352366.74    721482.00 
   1972     45-49      379290.18    348757.68    728047.86 
   1972     50-54      314747.57    272911.44    587659.00 
   1972     55-59      282645.71    241412.66    524058.38 
   1972     60-64      330333.16    278240.03    608573.19 
   1972     65-69      266760.53    213628.24    480388.78 
   1972     70-74      215458.02    158448.63    373906.65 
   1972     75-79      142172.82     85969.00    228141.82 
   1972     80-84       69973.34     38657.06    108630.40 
   1972     85-89       26968.77     14121.88     41090.65 
   1972     90-94        5960.56      2882.05      8842.61 
   1972     95-99         646.74       293.15       939.90 
   1972    100-104         30.59         6.94        37.53 
   1972    105-109          0.00         0.00         0.00 
   1972    110+             0.00         0.00         0.00 
   1973        0        73098.69     77684.29    150782.99 
   1973      1-4       285761.90    303433.58    589195.48 
   1973      5-9       323843.48    344289.17    668132.65 
   1973     10-14      329154.31    346947.47    676101.78 
   1973     15-19      439993.12    464564.87    904557.99 
   1973     20-24      420882.68    434573.91    855456.59 
   1973     25-29      369883.52    378192.26    748075.79 
   1973     30-34      355751.70    349749.10    705500.80 
   1973     35-39      345034.83    323988.01    669022.84 
   1973     40-44      366419.00    349677.36    716096.36 
   1973     45-49      373932.27    346782.88    720715.14 
   1973     50-54      354778.07    307863.94    662642.01 
   1973     55-59      245911.86    209433.21    455345.06 
   1973     60-64      335346.06    281430.79    616776.85 
   1973     65-69      272114.96    216733.59    488848.55 
   1973     70-74      219311.31    162092.70    381404.01 
   1973     75-79      147400.17     89728.64    237128.81 
   1973     80-84       72970.29     39648.61    112618.90 
   1973     85-89       27945.10     14192.15     42137.25 
   1973     90-94        6354.87      2995.91      9350.77 
   1973     95-99         710.79       305.06      1015.84 
   1973    100-104         33.34         6.16        39.50 
   1973    105-109          0.05         0.00         0.05 
   1973    110+             0.00         0.00         0.00 
   1974        0        81093.74     85725.86    166819.61 
   1974      1-4       286301.69    303747.25    590048.94 
   1974      5-9       334567.31    355934.20    690501.51 
   1974     10-14      319507.52    337741.84    657249.36 
   1974     15-19      415018.84    436790.48    851809.32 
   1974     20-24      434300.15    450476.46    884776.61 
   1974     25-29      376292.62    385233.75    761526.37 
   1974     30-34      361035.50    359023.79    720059.29 
   1974     35-39      343182.02    321383.01    664565.02 
   1974     40-44      361840.32    344933.91    706774.23 
   1974     45-49      372793.37    346722.44    719515.81 
   1974     50-54      375930.37    328728.07    704658.44 
   1974     55-59      225008.57    191716.37    416724.94 
   1974     60-64      337446.01    281438.73    618884.74 
   1974     65-69      280055.09    222086.66    502141.75 
   1974     70-74      221868.08    163695.13    385563.21 
   1974     75-79      152015.88     93886.07    245901.95 
   1974     80-84       76733.01     40956.15    117689.15 
   1974     85-89       28905.77     14247.86     43153.63 
   1974     90-94        6719.95      3142.55      9862.51 
   1974     95-99         761.77       308.05      1069.82 
   1974    100-104         37.92         7.05        44.97 
   1974    105-109          0.00         0.00         0.00 
   1974    110+             0.00         0.00         0.00 
   1975        0        90149.32     95069.98    185219.30 
   1975      1-4       295351.41    312716.00    608067.41 
   1975      5-9       344206.45    366362.19    710568.64 
   1975     10-14      312815.22    331849.30    644664.52 
   1975     15-19      386386.80    405365.88    791752.68 
   1975     20-24      447308.18    465313.61    912621.79 
   1975     25-29      386210.85    396149.50    782360.35 
   1975     30-34      362804.95    363477.60    726282.55 
   1975     35-39      343999.24    323234.30    667233.54 
   1975     40-44      355682.21    337669.89    693352.10 
   1975     45-49      371358.24    346801.95    718160.18 
   1975     50-54      378052.26    334024.57    712076.84 
   1975     55-59      234425.30    199187.89    433613.18 
   1975     60-64      327580.47    271042.45    598622.92 
   1975     65-69      289489.28    228531.65    518020.94 
   1975     70-74      222469.03    163098.06    385567.09 
   1975     75-79      156549.13     98160.07    254709.20 
   1975     80-84       80599.80     42189.57    122789.37 
   1975     85-89       29397.74     14189.28     43587.01 
   1975     90-94        6888.97      3189.68     10078.65 
   1975     95-99         828.14       327.97      1156.11 
   1975    100-104         45.22         8.39        53.61 
   1975    105-109          0.00         0.00         0.00 
   1975    110+             0.00         0.00         0.00 
   1976        0        90129.89     95018.93    185148.82 
   1976      1-4       313870.15    332096.41    645966.57 
   1976      5-9       352143.14    374236.06    726379.20 
   1976     10-14      309941.26    329780.85    639722.11 
   1976     15-19      361606.54    379231.30    740837.84 
   1976     20-24      453118.15    472360.38    925478.53 
   1976     25-29      401566.80    412040.83    813607.63 
   1976     30-34      359630.43    361819.31    721449.74 
   1976     35-39      346139.89    328779.10    674918.99 
   1976     40-44      349656.07    329467.32    679123.38 
   1976     45-49      366891.36    344457.46    711348.82 
   1976     50-54      376553.24    335649.02    712202.26 
   1976     55-59      266131.17    224731.36    490862.52 
   1976     60-64      301319.68    247287.51    548607.19 
   1976     65-69      296820.20    233689.35    530509.55 
   1976     70-74      223982.53    163018.57    387001.10 
   1976     75-79      160309.37    101933.46    262242.83 
   1976     80-84       84395.22     43571.87    127967.09 
   1976     85-89       29875.43     14119.13     43994.56 
   1976     90-94        7123.73      3201.31     10325.04 
   1976     95-99         873.18       345.61      1218.80 
   1976    100-104         53.55        11.94        65.49 
   1976    105-109          0.30         0.00         0.30 
   1976    110+             0.00         0.00         0.00 
   1977        0        86515.00     90971.87    177486.86 
   1977      1-4       332073.12    351057.53    683130.65 
   1977      5-9       356778.20    378835.23    735613.44 
   1977     10-14      314562.89    335368.71    649931.60 
   1977     15-19      342301.47    359158.08    701459.55 
   1977     20-24      451010.88    471204.47    922215.34 
   1977     25-29      410837.03    421016.02    831853.05 
   1977     30-34      360530.46    364726.61    725257.06 
   1977     35-39      349292.97    336323.62    685616.59 
   1977     40-44      345114.94    322604.20    667719.14 
   1977     45-49      363732.45    341928.61    705661.06 
   1977     50-54      370752.10    333610.73    704362.83 
   1977     55-59      305355.91    256302.16    561658.07 
   1977     60-64      267488.73    218112.00    485600.73 
   1977     65-69      302540.68    237621.83    540162.52 
   1977     70-74      227836.23    164221.91    392058.14 
   1977     75-79      163362.90    104830.29    268193.18 
   1977     80-84       88012.28     45256.88    133269.16 
   1977     85-89       30975.30     14249.51     45224.81 
   1977     90-94        7488.69      3281.92     10770.61 
   1977     95-99         905.08       362.84      1267.92 
   1977    100-104         62.97        13.86        76.83 
   1977    105-109          0.82         0.00         0.82 
   1977    110+             0.00         0.00         0.00 
   1978        0        82682.19     86982.39    169664.58 
   1978      1-4       345070.12    364302.35    709372.47 
   1978      5-9       358756.31    381211.29    739967.60 
   1978     10-14      324842.90    346151.93    670994.84 
   1978     15-19      328830.71    345681.30    674512.01 
   1978     20-24      437995.93    457969.08    895965.01 
   1978     25-29      417606.08    428290.50    845896.57 
   1978     30-34      366606.91    372341.51    738948.42 
   1978     35-39      352859.64    343874.49    696734.14 
   1978     40-44      341527.28    317252.07    658779.34 
   1978     45-49      361050.64    338929.55    699980.18 
   1978     50-54      365135.68    330840.44    695976.12 
   1978     55-59      343808.07    288243.19    632051.26 
   1978     60-64      232546.92    188590.15    421137.08 
   1978     65-69      306969.13    239629.83    546598.96 
   1978     70-74      232461.19    166378.56    398839.75 
   1978     75-79      165895.35    106322.27    272217.61 
   1978     80-84       90911.13     46957.14    137868.26 
   1978     85-89       32360.56     14623.60     46984.16 
   1978     90-94        7753.69      3316.12     11069.81 
   1978     95-99         980.12       379.63      1359.75 
   1978    100-104         63.11        14.30        77.40 
   1978    105-109          0.75         0.00         0.75 
   1978    110+             0.00         0.00         0.00 
   1979        0        79068.94     83931.71    163000.65 
   1979      1-4       346579.55    366093.83    712673.39 
   1979      5-9       367316.88    389874.33    757191.21 
   1979     10-14      335295.23    357097.22    692392.45 
   1979     15-19      319558.83    337612.71    657171.55 
   1979     20-24      413588.72    431569.01    845157.73 
   1979     25-29      430877.02    442967.96    873844.97 
   1979     30-34      372878.98    379152.31    752031.30 
   1979     35-39      357907.24    352745.51    710652.75 
   1979     40-44      339482.64    314244.15    653726.79 
   1979     45-49      356479.26    334015.96    690495.22 
   1979     50-54      363798.79    329938.83    693737.61 
   1979     55-59      363682.02    306557.80    670239.82 
   1979     60-64      212998.37    172380.48    385378.85 
   1979     65-69      308668.99    238889.67    547558.66 
   1979     70-74      239327.72    170308.54    409636.26 
   1979     75-79      167371.34    106517.07    273888.41 
   1979     80-84       93273.13     48704.74    141977.87 
   1979     85-89       34187.34     15119.20     49306.54 
   1979     90-94        8059.76      3322.29     11382.05 
   1979     95-99        1040.11       393.88      1433.99 
   1979    100-104         61.03        14.60        75.63 
   1979    105-109          0.35         0.00         0.35 
   1979    110+             0.00         0.00         0.00 
   1980        0        74531.05     78727.94    153258.99 
   1980      1-4       335812.37    355276.92    691089.29 
   1980      5-9       385014.38    407952.51    792966.89 
   1980     10-14      344335.95    366398.45    710734.40 
   1980     15-19      312733.00    331702.18    644435.18 
   1980     20-24      384991.41    400475.80    785467.20 
   1980     25-29      443587.87    456370.36    899958.23 
   1980     30-34      382569.65    389874.41    772444.06 
   1980     35-39      359172.74    356559.95    715732.69 
   1980     40-44      339992.04    315466.54    655458.58 
   1980     45-49      350020.61    326335.20    676355.81 
   1980     50-54      361998.47    329330.18    691328.66 
   1980     55-59      364973.79    310021.62    674995.41 
   1980     60-64      221878.01    178794.07    400672.08 
   1980     65-69      299038.13    228968.41    528006.54 
   1980     70-74      247102.20    174789.41    421891.60 
   1980     75-79      167710.27    105543.54    273253.81 
   1980     80-84       95710.00     50407.06    146117.07 
   1980     85-89       36164.07     15574.06     51738.12 
   1980     90-94        8201.46      3309.96     11511.42 
   1980     95-99        1075.20       393.76      1468.97 
   1980    100-104         68.06        14.78        82.85 
   1980    105-109          0.46         0.00         0.46 
   1980    110+             0.00         0.00         0.00 
   1981        0        70161.50     73061.02    143222.52 
   1981      1-4       320415.82    338307.82    658723.63 
   1981      5-9       403282.72    427236.57    830519.29 
   1981     10-14      351412.91    372895.06    724307.97 
   1981     15-19      309045.68    328018.17    637063.85 
   1981     20-24      359622.78    373584.90    733207.68 
   1981     25-29      448764.47    462137.33    910901.80 
   1981     30-34      397487.50    404918.91    802406.41 
   1981     35-39      355394.48    354135.79    709530.27 
   1981     40-44      341656.50    320122.44    661778.93 
   1981     45-49      343345.07    317507.12    660852.19 
   1981     50-54      357150.36    326025.87    683176.23 
   1981     55-59      362530.20    309844.45    672374.65 
   1981     60-64      251380.44    200775.64    452156.08 
   1981     65-69      273830.09    207202.48    481032.58 
   1981     70-74      252443.92    177578.40    430022.33 
   1981     75-79      168533.58    104814.72    273348.30 
   1981     80-84       97434.59     51694.55    149129.14 
   1981     85-89       37879.91     16076.75     53956.66 
   1981     90-94        8360.09      3249.83     11609.92 
   1981     95-99        1122.66       396.11      1518.77 
   1981    100-104         75.89        16.77        92.67 
   1981    105-109          1.02         0.00         1.02 
   1981    110+             0.00         0.00         0.00 
   1982        0        66412.00     69567.78    135979.78 
   1982      1-4       304129.22    319826.08    623955.30 
   1982      5-9       417952.60    442095.73    860048.34 
   1982     10-14      355481.56    376595.89    732077.45 
   1982     15-19      312590.30    331625.44    644215.75 
   1982     20-24      339758.90    352665.52    692424.42 
   1982     25-29      446005.48    460292.45    906297.93 
   1982     30-34      406146.06    412436.99    818583.05 
   1982     35-39      355865.95    356286.61    712152.56 
   1982     40-44      344208.17    326577.72    670785.89 
   1982     45-49      338283.17    310086.82    648369.98 
   1982     50-54      353582.77    322314.44    675897.21 
   1982     55-59      355958.20    306445.67    662403.87 
   1982     60-64      287774.36    227624.13    515398.48 
   1982     65-69      241882.95    181199.65    423082.60 
   1982     70-74      256666.01    179495.37    436161.38 
   1982     75-79      171153.01    105204.32    276357.33 
   1982     80-84       99068.18     52600.41    151668.58 
   1982     85-89       39415.81     16582.31     55998.12 
   1982     90-94        8749.61      3300.23     12049.84 
   1982     95-99        1189.56       418.59      1608.15 
   1982    100-104         77.69        20.81        98.50 
   1982    105-109          1.33         0.00         1.33 
   1982    110+             0.00         0.00         0.00 
   1983        0        62597.87     65761.33    128359.21 
   1983      1-4       287777.79    301978.42    589756.21 
   1983      5-9       427249.62    451052.22    878301.85 
   1983     10-14      357209.37    378595.77    735805.14 
   1983     15-19      321848.66    340585.37    662434.04 
   1983     20-24      325664.01    338012.30    663676.31 
   1983     25-29      432467.25    446522.64    878989.89 
   1983     30-34      412113.02    418017.98    830131.00 
   1983     35-39      361472.45    362906.60    724379.05 
   1983     40-44      347188.64    333072.44    680261.08 
   1983     45-49      334265.10    304012.13    638277.23 
   1983     50-54      350452.25    318474.30    668926.54 
   1983     55-59      349816.11    302502.31    652318.42 
   1983     60-64      322791.71    254263.30    577055.01 
   1983     65-69      209571.47    155729.33    365300.80 
   1983     70-74      259865.38    180357.14    440222.53 
   1983     75-79      174653.70    106341.62    280995.32 
   1983     80-84      100610.82     53130.56    153741.38 
   1983     85-89       40601.51     17034.11     57635.62 
   1983     90-94        9304.23      3406.00     12710.23 
   1983     95-99        1237.48       429.19      1666.67 
   1983    100-104         78.48        25.57       104.06 
   1983    105-109          0.94         0.00         0.94 
   1983    110+             0.00         0.00         0.00 
   1984        0        60862.87     63426.25    124289.12 
   1984      1-4       271426.57    284157.17    555583.74 
   1984      5-9       424600.49    448061.82    872662.30 
   1984     10-14      366117.33    387595.45    753712.79 
   1984     15-19      331504.43    350252.03    681756.46 
   1984     20-24      315558.30    328225.40    643783.70 
   1984     25-29      407515.22    419514.56    827029.79 
   1984     30-34      424444.22    430832.49    855276.72 
   1984     35-39      367191.13    368620.41    735811.54 
   1984     40-44      351672.69    340779.84    692452.53 
   1984     45-49      331821.40    299984.60    631806.00 
   1984     50-54      345410.04    312959.35    658369.40 
   1984     55-59      348062.98    300232.17    648295.16 
   1984     60-64      340277.19    268712.56    608989.76 
   1984     65-69      191898.92    142081.98    333980.91 
   1984     70-74      260750.94    179060.36    439811.30 
   1984     75-79      179661.56    108633.02    288294.58 
   1984     80-84      101511.90     52954.52    154466.43 
   1984     85-89       41768.03     17776.83     59544.85 
   1984     90-94        9931.83      3503.81     13435.64 
   1984     95-99        1310.99       421.42      1732.41 
   1984    100-104         83.24        25.75       108.99 
   1984    105-109          0.88         0.00         0.88 
   1984    110+             0.00         0.00         0.00 
   1985        0        61414.81     64242.08    125656.89 
   1985      1-4       257837.15    269394.88    527232.03 
   1985      5-9       408218.86    430100.60    838319.46 
   1985     10-14      384878.84    406788.03    791666.87 
   1985     15-19      340469.90    359515.78    699985.68 
   1985     20-24      307992.88    321152.53    629145.41 
   1985     25-29      379141.09    388759.16    767900.26 
   1985     30-34      436318.60    442686.19    879004.79 
   1985     35-39      376350.41    378239.62    754590.03 
   1985     40-44      352704.77    343811.46    696516.23 
   1985     45-49      332012.14    300378.39    632390.52 
   1985     50-54      338843.66    304958.67    643802.32 
   1985     55-59      346130.33    298824.84    644955.16 
   1985     60-64      340971.30    270592.72    611564.02 
   1985     65-69      200506.07    147747.90    348253.97 
   1985     70-74      252309.99    171045.43    423355.43 
   1985     75-79      185336.32    111289.94    296626.26 
   1985     80-84      101903.49     52326.08    154229.57 
   1985     85-89       43080.47     18312.57     61393.04 
   1985     90-94       10462.96      3574.18     14037.15 
   1985     95-99        1332.30       419.21      1751.51 
   1985    100-104         86.39        26.05       112.44 
   1985    105-109          1.31         0.00         1.31 
   1985    110+             0.00         0.00         0.00 
   1986        0        62119.33     64980.95    127100.28 
   1986      1-4       249000.87    260489.91    509490.78 
   1986      5-9       387830.97    407165.46    794996.43 
   1986     10-14      404011.13    427017.65    831028.77 
   1986     15-19      347868.47    366730.64    714599.11 
   1986     20-24      304038.42    317408.74    621447.16 
   1986     25-29      354539.94    362919.48    717459.42 
   1986     30-34      441040.28    447563.12    888603.40 
   1986     35-39      390769.53    392118.96    782888.49 
   1986     40-44      348906.83    341118.89    690025.71 
   1986     45-49      333423.00    304318.06    637741.06 
   1986     50-54      332352.34    296237.19    628589.54 
   1986     55-59      341448.40    295317.09    636765.49 
   1986     60-64      338942.69    269696.57    608639.26 
   1986     65-69      227436.13    165970.74    393406.86 
   1986     70-74      230661.92    154463.13    385125.05 
   1986     75-79      189585.02    113349.31    302934.32 
   1986     80-84      103106.02     52521.16    155627.18 
   1986     85-89       44077.05     18732.90     62809.94 
   1986     90-94       10993.15      3695.08     14688.23 
   1986     95-99        1350.24       414.05      1764.29 
   1986    100-104         90.22        27.21       117.44 
   1986    105-109          1.35         0.00         1.35 
   1986    110+             0.00         0.00         0.00 
   1987        0        61159.88     63951.35    125111.23 
   1987      1-4       244628.27    255744.06    500372.33 
   1987      5-9       367613.10    385268.34    752881.44 
   1987     10-14      418811.38    442123.19    860934.57 
   1987     15-19      352277.32    371151.27    723428.59 
   1987     20-24      307516.24    321337.62    628853.86 
   1987     25-29      335163.33    342485.27    677648.60 
   1987     30-34      438121.17    445312.15    883433.32 
   1987     35-39      399119.42    398778.69    797898.11 
   1987     40-44      349153.58    342775.88    691929.46 
   1987     45-49      335934.41    310105.38    646039.79 
   1987     50-54      327380.86    288911.14    616292.00 
   1987     55-59      337991.80    291630.97    629622.77 
   1987     60-64      333028.64    266029.23    599057.87 
   1987     65-69      260204.81    187750.84    447955.65 
   1987     70-74      203455.26    135003.45    338458.70 
   1987     75-79      193348.50    115320.85    308669.35 
   1987     80-84      105622.01     53310.41    158932.42 
   1987     85-89       45090.03     19255.07     64345.10 
   1987     90-94       11552.55      3827.01     15379.55 
   1987     95-99        1456.27       415.60      1871.88 
   1987    100-104         95.06        27.42       122.48 
   1987    105-109          0.91         0.54         1.45 
   1987    110+             0.00         0.00         0.00 
   1988        0        60137.52     63218.28    123355.80 
   1988      1-4       243120.67    253817.78    496938.45 
   1988      5-9       347399.20    363839.32    711238.52 
   1988     10-14      427860.77    450819.50    878680.26 
   1988     15-19      354543.17    374044.69    728587.85 
   1988     20-24      316925.88    330944.47    647870.35 
   1988     25-29      321205.74    327797.88    649003.62 
   1988     30-34      424789.26    431667.94    856457.20 
   1988     35-39      404690.89    403731.21    808422.10 
   1988     40-44      354468.03    348842.53    703310.56 
   1988     45-49      338862.89    316200.07    655062.96 
   1988     50-54      323531.33    283021.56    606552.88 
   1988     55-59      334914.13    288186.64    623100.77 
   1988     60-64      327607.09    262236.17    589843.26 
   1988     65-69      291767.19    209099.47    500866.66 
   1988     70-74      176539.94    116323.12    292863.06 
   1988     75-79      196809.93    117185.26    313995.20 
   1988     80-84      109286.59     54806.65    164093.24 
   1988     85-89       46548.64     19759.65     66308.28 
   1988     90-94       12130.07      4089.46     16219.52 
   1988     95-99        1609.66       442.83      2052.48 
   1988    100-104        104.66        28.51       133.17 
   1988    105-109          1.94         1.00         2.94 
   1988    110+             0.00         0.00         0.00 
   1989        0        59550.50     62568.85    122119.35 
   1989      1-4       242459.67    253642.20    496101.87 
   1989      5-9       329269.67    344350.28    673619.95 
   1989     10-14      424304.23    446408.72    870712.95 
   1989     15-19      364462.30    384410.22    748872.52 
   1989     20-24      326995.15    341487.59    668482.73 
   1989     25-29      310953.78    317712.98    628666.77 
   1989     30-34      400317.68    405283.21    805600.89 
   1989     35-39      416486.65    415532.62    832019.27 
   1989     40-44      359879.26    354033.98    713913.25 
   1989     45-49      343142.53    323464.24    666606.76 
   1989     50-54      321188.50    279060.42    600248.92 
   1989     55-59      330009.39    283011.46    613020.85 
   1989     60-64      326182.93    260176.99    586359.92 
   1989     65-69      307489.38    220515.68    528005.06 
   1989     70-74      162544.29    107029.28    269573.57 
   1989     75-79      198619.71    117299.13    315918.84 
   1989     80-84      113841.15     56877.96    170719.11 
   1989     85-89       47586.17     19999.54     67585.71 
   1989     90-94       12677.40      4357.87     17035.27 
   1989     95-99        1746.71       451.88      2198.59 
   1989    100-104        120.09        30.61       150.70 
   1989    105-109          3.66         1.00         4.66 
   1989    110+             0.00         0.00         0.00 
   1990        0        60122.58     62856.20    122978.79 
   1990      1-4       241073.45    252546.93    493620.39 
   1990      5-9       317142.23    331614.47    648756.71 
   1990     10-14      406904.16    427356.97    834261.14 
   1990     15-19      384108.16    404551.97    788660.13 
   1990     20-24      336918.61    352211.95    689130.55 
   1990     25-29      303857.15    311328.71    615185.86 
   1990     30-34      373483.62    376641.10    750124.72 
   1990     35-39      428580.50    427117.91    855698.41 
   1990     40-44      369264.43    363654.16    732918.59 
   1990     45-49      344779.22    326640.73    671419.95 
   1990     50-54      321977.22    279691.38    601668.60 
   1990     55-59      324418.26    276005.85    600424.10 
   1990     60-64      325087.63    259207.52    584295.15 
   1990     65-69      308973.99    222069.83    531043.82 
   1990     70-74      171585.25    112550.73    284135.98 
   1990     75-79      192922.51    112598.17    305520.68 
   1990     80-84      118635.16     59012.27    177647.43 
   1990     85-89       48269.75     20055.08     68324.83 
   1990     90-94       13298.12      4565.39     17863.51 
   1990     95-99        1820.89       468.73      2289.62 
   1990    100-104        135.67        31.17       166.83 
   1990    105-109          4.67         0.83         5.50 
   1990    110+             0.00         0.00         0.00 
   1991        0        61162.78     63867.21    125030.00 
   1991      1-4       239834.05    251265.70    491099.75 
   1991      5-9       310857.51    324938.68    635796.19 
   1991     10-14      386747.34    405419.02    792166.35 
   1991     15-19      402825.70    424185.79    827011.50 
   1991     20-24      345575.52    361142.58    706718.10 
   1991     25-29      301209.99    309518.54    610728.53 
   1991     30-34      351241.13    353785.88    705027.01 
   1991     35-39      434573.58    433107.71    867681.29 
   1991     40-44      384429.16    377953.15    762382.31 
   1991     45-49      342346.46    325101.84    667448.29 
   1991     50-54      324761.48    284261.84    609023.32 
   1991     55-59      319689.56    269007.23    588696.79 
   1991     60-64      322055.86    257006.50    579062.36 
   1991     65-69      308665.36    221666.53    530331.89 
   1991     70-74      196402.23    127396.43    323798.66 
   1991     75-79      176901.80    101917.81    278819.60 
   1991     80-84      122533.47     60819.55    183353.01 
   1991     85-89       49348.33     20334.74     69683.07 
   1991     90-94       13871.88      4744.23     18616.10 
   1991     95-99        1952.07       500.89      2452.96 
   1991    100-104        141.50        31.50       173.00 
   1991    105-109          7.17         0.50         7.67 
   1991    110+             0.00         0.00         0.00 
   1992        0        60035.02     63008.50    123043.52 
   1992      1-4       240245.57    251629.13    491874.70 
   1992      5-9       307283.49    320691.63    627975.12 
   1992     10-14      367962.62    385700.93    753663.55 
   1992     15-19      416317.02    437882.17    854199.19 
   1992     20-24      350819.83    366724.78    717544.61 
   1992     25-29      306185.32    315499.12    621684.44 
   1992     30-34      333612.90    335669.71    669282.61 
   1992     35-39      433339.89    432460.42    865800.31 
   1992     40-44      393774.80    385173.85    778948.65 
   1992     45-49      343552.83    327177.03    670729.86 
   1992     50-54      328580.55    290351.99    618932.54 
   1992     55-59      316336.77    262970.25    579307.01 
   1992     60-64      320052.42    254675.02    574727.44 
   1992     65-69      304868.32    218646.11    523514.43 
   1992     70-74      225789.84    144168.22    369958.06 
   1992     75-79      156569.95     89426.97    245996.92 
   1992     80-84      126440.68     62673.93    189114.61 
   1992     85-89       50932.12     20911.79     71843.91 
   1992     90-94       14416.31      4891.63     19307.94 
   1992     95-99        2116.59       533.89      2650.48 
   1992    100-104        143.50        30.67       174.17 
   1992    105-109          6.00         0.83         6.83 
   1992    110+             0.00         0.00         0.00 
   1993        0        57595.47     60581.80    118177.27 
   1993      1-4       240341.48    251618.80    491960.29 
   1993      5-9       306005.11    319266.05    625271.17 
   1993     10-14      349885.79    366940.87    716826.66 
   1993     15-19      424217.62    445621.29    869838.92 
   1993     20-24      353466.59    370003.37    723469.97 
   1993     25-29      316915.85    326989.65    643905.50 
   1993     30-34      321163.32    322919.93    644083.26 
   1993     35-39      421871.82    420743.98    842615.80 
   1993     40-44      400648.95    390729.06    791378.01 
   1993     45-49      349326.11    332943.72    682269.83 
   1993     50-54      332781.04    296359.34    629140.38 
   1993     55-59      313806.91    258034.61    571841.52 
   1993     60-64      318432.31    252171.48    570603.79 
   1993     65-69      301253.56    215414.94    516668.49 
   1993     70-74      253901.63    160084.26    413985.90 
   1993     75-79      136378.21     77387.36    213765.58 
   1993     80-84      129808.56     64128.89    193937.45 
   1993     85-89       53040.17     21673.88     74714.05 
   1993     90-94       14898.89      4982.16     19881.06 
   1993     95-99        2176.11       587.77      2763.89 
   1993    100-104        152.00        30.33       182.33 
   1993    105-109          4.17         1.50         5.67 
   1993    110+             0.00         0.00         0.00 
   1994        0        56131.41     59086.86    115218.27 
   1994      1-4       238397.47    249586.98    487984.45 
   1994      5-9       305430.17    319144.99    624575.16 
   1994     10-14      334430.05    350144.93    684574.98 
   1994     15-19      420794.84    442017.29    862812.13 
   1994     20-24      362657.36    379533.29    742190.64 
   1994     25-29      328062.52    339094.38    667156.90 
   1994     30-34      312453.72    314877.10    627330.82 
   1994     35-39      399572.45    396871.37    796443.82 
   1994     40-44      413363.33    402845.30    816208.63 
   1994     45-49      355606.84    338492.48    694099.32 
   1994     50-54      337998.26    303347.06    641345.32 
   1994     55-59      312851.66    255046.04    567897.70 
   1994     60-64      315370.93    248404.51    563775.44 
   1994     65-69      301144.84    214385.72    515530.55 
   1994     70-74      268251.56    168424.18    436675.74 
   1994     75-79      127635.22     72171.51    199806.74 
   1994     80-84      131935.53     64873.75    196809.28 
   1994     85-89       55963.83     22831.55     78795.38 
   1994     90-94       15226.52      5043.26     20269.78 
   1994     95-99        2278.95       623.96      2902.91 
   1994    100-104        164.50        29.50       194.00 
   1994    105-109          4.17         2.83         7.00 
   1994    110+             0.00         0.00         0.00 
   1995        0        54906.32     57893.12    112799.44 
   1995      1-4       234166.51    245485.89    479652.40 
   1995      5-9       304158.13    318019.72    622177.85 
   1995     10-14      324076.93    338666.13    662743.05 
   1995     15-19      405463.46    425985.95    831449.41 
   1995     20-24      380396.27    397572.33    777968.61 
   1995     25-29      338428.79    350580.77    689009.57 
   1995     30-34      306121.99    309553.57    615675.56 
   1995     35-39      374210.59    370242.15    744452.74 
   1995     40-44      425561.66    414041.12    839602.77 
   1995     45-49      365616.99    347931.19    713548.18 
   1995     50-54      339822.83    306161.33    645984.16 
   1995     55-59      314452.18    255675.47    570127.65 
   1995     60-64      310808.08    242853.54    553661.62 
   1995     65-69      301271.22    214658.32    515929.55 
   1995     70-74      270289.41    169514.59    439803.99 
   1995     75-79      137359.45     77345.49    214704.95 
   1995     80-84      128583.66     62579.11    191162.77 
   1995     85-89       59081.98     23961.76     83043.74 
   1995     90-94       15626.63      5128.45     20755.09 
   1995     95-99        2478.11       647.77      3125.89 
   1995    100-104        165.67        35.00       200.67 
   1995    105-109          5.67         4.50        10.17 
   1995    110+             0.00         0.00         0.00 
   1996        0        52413.60     55375.36    107788.97 
   1996      1-4       227857.43    239279.22    467136.64 
   1996      5-9       302581.56    316643.92    619225.48 
   1996     10-14      318147.78    331811.07    649958.85 
   1996     15-19      387796.28    407206.65    795002.93 
   1996     20-24      397519.58    415654.13    813173.71 
   1996     25-29      346821.58    359521.50    706343.08 
   1996     30-34      303506.79    307897.85    611404.64 
   1996     35-39      352325.90    348328.39    700654.29 
   1996     40-44      431598.36    419530.08    851128.44 
   1996     45-49      380055.43    360688.03    740743.46 
   1996     50-54      337374.11    304577.18    641951.30 
   1996     55-59      317329.73    259538.78    576868.52 
   1996     60-64      306339.19    236674.03    543013.22 
   1996     65-69      299105.66    213725.30    512830.97 
   1996     70-74      270683.10    169057.67    439740.77 
   1996     75-79      158282.97     87934.04    246217.01 
   1996     80-84      117218.83     56602.31    173821.14 
   1996     85-89       61133.83     24878.00     86011.82 
   1996     90-94       16192.39      5326.83     21519.22 
   1996     95-99        2585.45       672.58      3258.03 
   1996    100-104        172.50        37.50       210.00 
   1996    105-109          7.33         3.67        11.00 
   1996    110+             0.00         0.00         0.00 
   1997        0        49400.24     52564.54    101964.79 
   1997      1-4       220279.20    231587.95    451867.15 
   1997      5-9       301079.58    315461.37    616540.95 
   1997     10-14      314241.13    326980.97    641222.09 
   1997     15-19      370804.42    389618.32    760422.74 
   1997     20-24      410468.63    429154.00    839622.63 
   1997     25-29      351498.15    364685.84    716183.99 
   1997     30-34      308487.08    313998.84    622485.92 
   1997     35-39      334755.21    331058.70    665813.91 
   1997     40-44      430774.54    419012.64    849787.18 
   1997     45-49      389158.00    367555.29    756713.29 
   1997     50-54      338347.69    306597.57    644945.26 
   1997     55-59      321197.17    265254.46    586451.62 
   1997     60-64      303661.92    231854.05    535515.97 
   1997     65-69      297679.93    212523.21    510203.15 
   1997     70-74      268409.25    167294.68    435703.93 
   1997     75-79      182256.75     99714.92    281971.67 
   1997     80-84      103478.84     49796.52    153275.35 
   1997     85-89       63479.25     26043.35     89522.60 
   1997     90-94       16961.47      5545.46     22506.93 
   1997     95-99        2662.45       703.91      3366.36 
   1997    100-104        184.17        42.50       226.67 
   1997    105-109          8.50         1.50        10.00 
   1997    110+             0.00         0.00         0.00 
   1998        0        47547.63     50433.38     97981.01 
   1998      1-4       211906.60    223442.26    435348.86 
   1998      5-9       298588.73    312664.59    611253.32 
   1998     10-14      311969.87    324601.26    636571.13 
   1998     15-19      354360.80    372507.19    726867.99 
   1998     20-24      418645.60    437607.38    856252.98 
   1998     25-29      353322.65    367009.45    720332.10 
   1998     30-34      318888.61    325383.72    644272.34 
   1998     35-39      322482.16    319062.26    641544.43 
   1998     40-44      419775.42    407950.39    827725.82 
   1998     45-49      396561.63    373502.78    770064.42 
   1998     50-54      343339.25    311650.49    654989.74 
   1998     55-59      325585.28    271690.97    597276.25 
   1998     60-64      301608.84    228124.12    529732.95 
   1998     65-69      297019.35    211541.53    508560.89 
   1998     70-74      266373.13    165914.31    432287.44 
   1998     75-79      204921.62    110888.65    315810.27 
   1998     80-84       90839.84     43379.35    134219.19 
   1998     85-89       65908.59     27180.92     93089.51 
   1998     90-94       17907.12      5841.28     23748.41 
   1998     95-99        2828.24       739.91      3568.15 
   1998    100-104        199.17        48.83       248.00 
   1998    105-109         10.33         1.33        11.67 
   1998    110+             0.00         0.00         0.00 
   1999        0        46332.57     48977.48     95310.05 
   1999      1-4       203357.95    214859.32    418217.26 
   1999      5-9       294698.94    308379.39    603078.33 
   1999     10-14      310117.18    323341.75    633458.93 
   1999     15-19      340341.81    356663.29    697005.10 
   1999     20-24      416663.02    436307.33    852970.34 
   1999     25-29      361118.78    374981.27    736100.05 
   1999     30-34      329583.06    337263.19    666846.26 
   1999     35-39      314091.26    311538.28    625629.54 
   1999     40-44      398187.87    385538.19    783726.06 
   1999     45-49      408899.23    385115.75    794014.98 
   1999     50-54      349419.74    317072.44    666492.18 
   1999     55-59      330618.60    278441.19    609059.79 
   1999     60-64      301064.78    225889.99    526954.77 
   1999     65-69      295081.47    209597.51    504678.98 
   1999     70-74      266938.44    165830.41    432768.85 
   1999     75-79      216291.24    116588.75    332879.98 
   1999     80-84       86403.47     41145.08    127548.56 
   1999     85-89       67195.53     27733.42     94928.96 
   1999     90-94       18962.04      6218.29     25180.33 
   1999     95-99        2891.20       751.59      3642.79 
   1999    100-104        208.67        55.17       263.83 
   1999    105-109         12.00         2.50        14.50 
   1999    110+             0.00         0.00         0.00 
   2000        0        46566.46     49061.62     95628.08 
   2000      1-4       195129.32    205946.35    401075.66 
   2000      5-9       288546.25    302289.26    590835.51 
   2000     10-14      307482.39    321075.04    628557.43 
   2000     15-19      330943.28    345509.27    676452.55 
   2000     20-24      403932.58    423855.99    827788.57 
   2000     25-29      376769.54    390680.70    767450.24 
   2000     30-34      339726.10    348695.37    688421.47 
   2000     35-39      307862.97    306644.55    614507.52 
   2000     40-44      373679.35    360707.04    734386.39 
   2000     45-49      420441.38    395731.68    816173.05 
   2000     50-54      359709.23    326874.18    686583.42 
   2000     55-59      332148.94    281052.86    613201.79 
   2000     60-64      303133.08    227256.29    530389.38 
   2000     65-69      291188.04    205576.51    496764.55 
   2000     70-74      268047.11    167354.15    435401.26 
   2000     75-79      218545.70    117664.16    336209.86 
   2000     80-84       94912.65     44748.18    139660.83 
   2000     85-89       65502.50     26790.00     92292.50 
   2000     90-94       20044.87      6603.80     26648.67 
   2000     95-99        3001.21       752.43      3753.64 
   2000    100-104        213.67        60.00       273.67 
   2000    105-109          9.50         2.33        11.83 
   2000    110+             0.17         0.00         0.17 
   2001        0        46843.31     49371.64     96214.95 
   2001      1-4       189206.50    199077.37    388283.86 
   2001      5-9       279301.33    293090.31    572391.64 
   2001     10-14      304193.01    318133.63    622326.64 
   2001     15-19      324745.37    337661.72    662407.09 
   2001     20-24      388730.69    408167.90    796898.59 
   2001     25-29      393446.52    408221.45    801667.97 
   2001     30-34      348684.33    358528.10    707212.43 
   2001     35-39      305201.24    305437.25    610638.49 
   2001     40-44      351979.84    340216.02    692195.86 
   2001     45-49      427043.89    401823.12    828867.01 
   2001     50-54      374147.00    339569.28    713716.28 
   2001     55-59      329420.05    279747.29    609167.33 
   2001     60-64      305901.14    231140.10    537041.24 
   2001     65-69      287336.32    200608.99    487945.31 
   2001     70-74      267143.70    168153.41    435297.11 
   2001     75-79      220308.34    118066.01    338374.36 
   2001     80-84      110652.18     51514.91    162167.09 
   2001     85-89       60094.11     24394.51     84488.62 
   2001     90-94       21076.09      7076.03     28152.12 
   2001     95-99        3278.45       820.78      4099.23 
   2001    100-104        227.67        55.50       283.17 
   2001    105-109          7.33         2.17         9.50 
   2001    110+             0.00         0.00         0.00 
   2002        0        46250.67     48971.01     95221.68 
   2002      1-4       186995.33    196309.67    383305.00 
   2002      5-9       268599.67    282379.50    550979.17 
   2002     10-14      301616.00    315871.33    617487.33 
   2002     15-19      319233.00    330688.50    649921.50 
   2002     20-24      372860.00    391929.00    764789.00 
   2002     25-29      407576.67    422903.83    830480.50 
   2002     30-34      353795.00    364295.33    718090.33 
   2002     35-39      309796.00    311571.83    621367.83 
   2002     40-44      334290.50    323695.83    657986.33 
   2002     45-49      426527.17    401908.84    828436.01 
   2002     50-54      382519.33    345653.67    728173.01 
   2002     55-59      329694.17    281396.67    611090.84 
   2002     60-64      309552.33    236449.84    546002.17 
   2002     65-69      284635.50    196301.16    480936.66 
   2002     70-74      266358.50    167892.01    434250.51 
   2002     75-79      219064.33    117064.67    336129.00 
   2002     80-84      127839.62     58664.26    186503.88 
   2002     85-89       53306.70     21505.24     74811.94 
   2002     90-94       22244.37      7639.05     29883.42 
   2002     95-99        3494.68       890.93      4385.60 
   2002    100-104        257.50        53.00       310.50 
   2002    105-109          7.50         2.67        10.17 
   2002    110+             0.00         0.00         0.00 
   2003        0        45662.67     48407.84     94070.51 
   2003      1-4       186762.33    196269.00    383031.33 
   2003      5-9       258752.33    272489.33    531241.67 
   2003     10-14      298849.50    312795.50    611645.00 
   2003     15-19      315267.00    326779.00    642046.00 
   2003     20-24      356876.67    374848.34    731725.00 
   2003     25-29      417523.00    433202.67    850725.67 
   2003     30-34      355198.83    366125.50    721324.33 
   2003     35-39      320039.17    323252.67    643291.83 
   2003     40-44      322066.00    312465.83    634531.83 
   2003     45-49      415441.33    391390.00    806831.34 
   2003     50-54      388804.50    350724.50    739529.01 
   2003     55-59      334640.67    286333.67    620974.34 
   2003     60-64      313506.33    242112.16    555618.50 
   2003     65-69      282608.67    193094.49    475703.16 
   2003     70-74      265808.67    167283.83    433092.49 
   2003     75-79      217652.83    116496.67    334149.50 
   2003     80-84      143302.75     65158.09    208460.84 
   2003     85-89       47085.83     18857.59     65943.42 
   2003     90-94       23349.77      8095.52     31445.30 
   2003     95-99        3631.70       958.07      4589.76 
   2003    100-104        290.17        59.33       349.50 
   2003    105-109          9.67         2.67        12.33 
   2003    110+             0.00         0.00         0.00 
   2004        0        45383.83     48031.34     93415.17 
   2004      1-4       186851.00    196912.17    383763.17 
   2004      5-9       249581.50    262959.33    512540.83 
   2004     10-14      294876.50    308394.50    603271.00 
   2004     15-19      312143.17    324713.17    636856.33 
   2004     20-24      343125.67    358538.16    701663.83 
   2004     25-29      417959.67    434972.67    852932.33 
   2004     30-34      363055.67    374261.67    737317.33 
   2004     35-39      331276.50    335973.67    667250.17 
   2004     40-44      313733.00    305981.84    619714.84 
   2004     45-49      394160.33    370360.50    764520.83 
   2004     50-54      401187.33    362469.34    763656.67 
   2004     55-59      340113.33    291193.16    631306.50 
   2004     60-64      318436.67    248286.00    566722.67 
   2004     65-69      282346.17    191583.50    473929.66 
   2004     70-74      263888.50    165873.00    429761.50 
   2004     75-79      218960.33    117105.33    336065.66 
   2004     80-84      151430.97     68772.48    220203.45 
   2004     85-89       46415.03     18534.60     64949.63 
   2004     90-94       24259.04      8332.71     32591.75 
   2004     95-99        3854.48      1065.68      4920.15 
   2004    100-104        313.67        64.83       378.50 
   2004    105-109         10.17         1.50        11.67 
   2004    110+             0.17         0.00         0.17 
   2005        0        46236.00     48947.17     95183.17 
   2005      1-4       186191.17    196815.17    383006.33 
   2005      5-9       242163.50    254861.17    497024.67 
   2005     10-14      288917.33    302515.83    591433.17 
   2005     15-19      308833.33    321947.00    630780.33 
   2005     20-24      334194.33    347367.67    681562.00 
   2005     25-29      406951.67    424872.50    831824.17 
   2005     30-34      379203.67    391359.16    770562.83 
   2005     35-39      341802.17    348472.67    690274.83 
   2005     40-44      307313.83    301996.00    609309.83 
   2005     45-49      369431.00    347043.33    716474.33 
   2005     50-54      412743.67    373175.50    785919.17 
   2005     55-59      349169.00    299935.34    649104.34 
   2005     60-64      319808.84    250732.00    570540.83 
   2005     65-69      284295.00    193071.50    477366.50 
   2005     70-74      260541.67    162982.00    423523.66 
   2005     75-79      220365.67    118584.34    338950.00 
   2005     80-84      153894.95     69840.63    223735.58 
   2005     85-89       52746.33     20812.30     73558.63 
   2005     90-94       23788.64      8039.63     31828.27 
   2005     95-99        4108.44      1166.12      5274.56 
   2005    100-104        336.83        63.33       400.17 
   2005    105-109         11.00         1.00        12.00 
   2005    110+             0.17         0.00         0.17 
   2006        0        47547.00     50208.84     97755.84 
   2006      1-4       185826.33    196762.00    382588.33 
   2006      5-9       237494.33    249777.50    487271.83 
   2006     10-14      280106.83    293897.50    574004.33 
   2006     15-19      305926.17    319505.00    625431.17 
   2006     20-24      328679.17    340206.83    668886.00 
   2006     25-29      392667.33    410261.33    802928.67 
   2006     30-34      396103.83    409782.50    805886.33 
   2006     35-39      350429.00    358892.67    709321.67 
   2006     40-44      304285.00    301283.83    605568.83 
   2006     45-49      347918.17    328022.00    675940.17 
   2006     50-54      418486.00    378731.00    797217.00 
   2006     55-59      363105.50    311768.50    674874.00 
   2006     60-64      316627.00    249341.17    565968.17 
   2006     65-69      287105.83    197011.00    484116.83 
   2006     70-74      257525.83    159445.67    416971.50 
   2006     75-79      220231.50    119641.33    339872.83 
   2006     80-84      156013.72     70402.75    226416.46 
   2006     85-89       62018.67     24124.41     86143.08 
   2006     90-94       21586.03      7246.28     28832.30 
   2006     95-99        4439.49      1251.27      5690.76 
   2006    100-104        343.07        68.34       411.41 
   2006    105-109         12.67         0.33        13.00 
   2006    110+             0.00         0.00         0.00 
   2007        0        47654.50     49985.34     97639.84 
   2007      1-4       187194.83    198087.83    385282.67 
   2007      5-9       235420.00    247525.33    482945.33 
   2007     10-14      269794.67    283637.33    553432.00 
   2007     15-19      303766.33    317975.33    621741.67 
   2007     20-24      323585.67    334296.83    657882.50 
   2007     25-29      377380.00    395015.67    772395.67 
   2007     30-34      410501.33    425043.00    835544.33 
   2007     35-39      355225.50    364762.67    719988.17 
   2007     40-44      308997.00    308129.84    617126.84 
   2007     45-49      330827.33    313187.67    644015.00 
   2007     50-54      417696.83    378752.50    796449.33 
   2007     55-59      371418.33    317639.50    689057.83 
   2007     60-64      316938.33    250972.67    567911.01 
   2007     65-69      290936.17    202428.50    493364.67 
   2007     70-74      255764.33    156524.83    412289.16 
   2007     75-79      220740.83    120326.00    341066.84 
   2007     80-84      156113.48     70333.16    226446.64 
   2007     85-89       71903.26     27523.83     99427.09 
   2007     90-94       19183.76      6474.20     25657.97 
   2007     95-99        4757.97      1336.59      6094.55 
   2007    100-104        360.63        75.14       435.77 
   2007    105-109         13.83         0.50        14.33 
   2007    110+             0.00         0.00         0.00 
   2008        0        47152.67     49563.67     96716.34 
   2008      1-4       189152.50    199618.00    388770.50 
   2008      5-9       234647.33    246964.00    481611.33 
   2008     10-14      259963.33    273713.17    533676.50 
   2008     15-19      300778.83    314796.33    615575.17 
   2008     20-24      319900.50    331114.17    651014.67 
   2008     25-29      362245.50    379334.66    741580.17 
   2008     30-34      420948.17    436383.00    857331.17 
   2008     35-39      356647.50    367120.67    723768.17 
   2008     40-44      319474.00    320668.00    640142.00 
   2008     45-49      318918.00    303506.50    622424.50 
   2008     50-54      407005.33    369397.00    776402.33 
   2008     55-59      377505.17    322737.50    700242.67 
   2008     60-64      321510.67    255447.51    576958.17 
   2008     65-69      294909.33    207886.67    502796.00 
   2008     70-74      254609.67    154461.33    409071.00 
   2008     75-79      221371.17    120743.17    342114.33 
   2008     80-84      156497.55     70597.39    227094.93 
   2008     85-89       80701.25     30661.74    111362.99 
   2008     90-94       17288.02      5760.13     23048.15 
   2008     95-99        5043.92      1424.58      6468.51 
   2008    100-104        399.67        84.95       484.62 
   2008    105-109         16.17         1.67        17.83 
   2008    110+             0.00         0.00         0.00 
   2009        0        46766.67     49237.67     96004.34 
   2009      1-4       191124.33    201349.83    392474.17 
   2009      5-9       234431.83    247159.00    481590.83 
   2009     10-14      250708.17    264018.17    514726.33 
   2009     15-19      296960.83    310583.83    607544.67 
   2009     20-24      318183.67    330926.83    649110.50 
   2009     25-29      349064.17    364284.33    713348.50 
   2009     30-34      421002.17    438337.67    859339.84 
   2009     35-39      363765.17    375231.50    738996.67 
   2009     40-44      330332.50    333578.83    663911.33 
   2009     45-49      310621.83    297772.33    608394.17 
   2009     50-54      385945.33    349975.99    735921.32 
   2009     55-59      389317.83    333698.84    723016.67 
   2009     60-64      326439.33    260081.34    586520.67 
   2009     65-69      299707.17    213537.67    513244.84 
   2009     70-74      254872.00    153907.16    408779.16 
   2009     75-79      220611.17    120371.16    340982.33 
   2009     80-84      158425.83     71659.86    230085.69 
   2009     85-89       85482.09     32449.93    117932.02 
   2009     90-94       17907.22      5871.82     23779.04 
   2009     95-99        5376.68      1510.93      6887.61 
   2009    100-104        433.77        95.40       529.17 
   2009    105-109         22.17         3.00        25.17 
   2009    110+             0.00         0.00         0.00 
   2010        0        44796.50     47145.67     91942.17 
   2010      1-4       192094.67    202050.67    394145.33 
   2010      5-9       234364.33    247704.67    482069.00 
   2010     10-14      243169.17    255769.50    498938.67 
   2010     15-19      291341.50    305056.33    596397.83 
   2010     20-24      316160.33    329991.50    646151.83 
   2010     25-29      339312.83    353155.66    692468.50 
   2010     30-34      409127.33    427708.84    836836.17 
   2010     35-39      379386.17    391863.17    771249.34 
   2010     40-44      340724.17    345706.50    686430.66 
   2010     45-49      304309.50    294103.00    598412.50 
   2010     50-54      361901.83    328411.49    690313.33 
   2010     55-59      400610.67    343628.50    744239.17 
   2010     60-64      334997.84    268249.67    603247.51 
   2010     65-69      301107.33    215761.01    516868.34 
   2010     70-74      257289.83    155888.83    413178.66 
   2010     75-79      218845.83    118733.50    337579.33 
   2010     80-84      160494.83     73492.67    233987.51 
   2010     85-89       87617.71     33285.23    120902.94 
   2010     90-94       21251.60      6829.99     28081.60 
   2010     95-99        5313.59      1469.49      6783.08 
   2010    100-104        479.56       110.16       589.72 
   2010    105-109         20.50         4.50        25.00 
   2010    110+             0.00         0.00         0.00 
   2011        0        43007.33     45330.67     88338.00 
   2011      1-4       189542.00    198959.67    388501.67 
   2011      5-9       234398.17    247938.83    482337.00 
   2011     10-14      238260.17    251360.83    489621.00 
   2011     15-19      287197.67    301513.00    588710.67 
   2011     20-24      309247.33    324921.00    634168.33 
   2011     25-29      318825.83    331393.17    650219.00 
   2011     30-34      388052.33    401669.50    789721.83 
   2011     35-39      396926.67    408989.50    805916.17 
   2011     40-44      351319.17    356296.67    707615.84 
   2011     45-49      302843.83    295762.17    598606.00 
   2011     50-54      343732.67    315363.33    659096.00 
   2011     55-59      410272.33    355669.00    765941.33 
   2011     60-64      352097.17    284454.67    636551.84 
   2011     65-69      299553.33    218288.84    517842.16 
   2011     70-74      260350.17    160877.50    421227.67 
   2011     75-79      216147.17    116261.83    332409.00 
   2011     80-84      160455.33     73900.67    234356.00 
   2011     85-89       89188.36     33637.88    122826.24 
   2011     90-94       25318.61      8129.08     33447.69 
   2011     95-99        4782.46      1304.45      6086.91 
   2011    100-104        525.60       125.62       651.23 
   2011    105-109         12.57         5.83        18.40 
   2011    110+             0.00         0.00         0.00 
   2012        0        42830.83     45568.84     88399.67 
   2012      1-4       184792.50    194043.67    378836.17 
   2012      5-9       235411.33    248527.33    483938.67 
   2012     10-14      235458.17    248999.00    484457.17 
   2012     15-19      281478.17    296253.00    577731.17 
   2012     20-24      304977.50    322527.00    627504.50 
   2012     25-29      300188.83    312464.50    612653.33 
   2012     30-34      364596.67    373068.66    737665.33 
   2012     35-39      411472.83    422706.83    834179.67 
   2012     40-44      357709.17    362600.50    720309.67 
   2012     45-49      309601.00    305056.50    614657.50 
   2012     50-54      329430.00    305820.17    635250.17 
   2012     55-59      413716.17    362860.83    776577.00 
   2012     60-64      363835.83    295587.00    659422.83 
   2012     65-69      301953.83    224083.33    526037.16 
   2012     70-74      264268.50    167359.83    431628.33 
   2012     75-79      214568.83    114600.66    329169.49 
   2012     80-84      160342.83     73932.50    234275.33 
   2012     85-89       89520.56     33483.62    123004.18 
   2012     90-94       29247.01      9450.34     38697.35 
   2012     95-99        4225.35      1158.38      5383.73 
   2012    100-104        558.57       143.08       701.65 
   2012    105-109         12.46         5.80        18.26 
   2012    110+             0.50         0.00         0.50 
   2013        0        43248.33     45977.34     89225.67 
   2013      1-4       180210.83    189854.17    370065.00 
   2013      5-9       237539.33    250560.33    488099.67 
   2013     10-14      233917.50    247079.50    480997.00 
   2013     15-19      270635.33    285243.50    555878.83 
   2013     20-24      305701.00    323011.00    628712.00 
   2013     25-29      298010.17    311954.33    609964.50 
   2013     30-34      344905.67    352917.50    697823.17 
   2013     35-39      419974.33    431215.50    851189.84 
   2013     40-44      358709.50    364754.67    723464.17 
   2013     45-49      320814.67    317538.50    638353.17 
   2013     50-54      317237.67    296276.83    613514.50 
   2013     55-59      403371.00    354575.84    757946.84 
   2013     60-64      370029.33    301164.83    671194.17 
   2013     65-69      307397.67    229423.51    536821.17 
   2013     70-74      268678.50    173425.50    442104.00 
   2013     75-79      214694.50    114327.16    329021.66 
   2013     80-84      161507.50     75041.67    236549.17 
   2013     85-89       89855.04     33654.75    123509.79 
   2013     90-94       32683.22     10604.13     43287.35 
   2013     95-99        3838.63      1048.19      4886.81 
   2013    100-104        605.02       159.71       764.73 
   2013    105-109         18.17         5.62        23.79 
   2013    110+             0.33         0.00         0.33 
   2014        0        44370.67     46776.67     91147.34 
   2014      1-4       176336.17    186247.50    362583.67 
   2014      5-9       239952.00    252861.00    492813.00 
   2014     10-14      233382.50    246619.17    480001.67 
   2014     15-19      259474.83    273928.00    533402.83 
   2014     20-24      304870.00    321663.83    626533.83 
   2014     25-29      297617.00    314095.33    611712.33 
   2014     30-34      326437.83    334033.33    660471.17 
   2014     35-39      417475.67    428247.83    845723.50 
   2014     40-44      365600.83    372419.33    738020.17 
   2014     45-49      332198.67    330551.50    662750.16 
   2014     50-54      308596.33    290862.84    599459.17 
   2014     55-59      382827.50    336918.16    719745.66 
   2014     60-64      381934.83    312195.33    694130.17 
   2014     65-69      313184.00    234778.00    547962.01 
   2014     70-74      273997.50    179717.84    453715.34 
   2014     75-79      216036.17    115229.00    331265.17 
   2014     80-84      162062.50     75590.00    237652.50 
   2014     85-89       91028.89     34307.04    125335.93 
   2014     90-94       34799.79     11400.64     46200.43 
   2014     95-99        4206.30      1157.56      5363.85 
   2014    100-104        654.25       169.87       824.13 
   2014    105-109         22.93         7.06        29.99 
   2014    110+             0.00         0.17         0.17 
