Ireland, Exposure to risk (period 5x1)     Last modified: 20-Nov-2015, MPv5 (May07)

   Year      Age       Female          Male         Total
   1950        0        30955.66     32593.92     63549.57 
   1950      1-4       120316.47    126284.73    246601.20 
   1950      5-9       132523.84    138220.97    270744.81 
   1950     10-14      124225.34    128745.95    252971.30 
   1950     15-19      109056.68    119779.01    228835.70 
   1950     20-24       95257.76    101122.58    196380.34 
   1950     25-29       98522.91     99025.95    197548.86 
   1950     30-34       94175.13     95756.18    189931.32 
   1950     35-39       98201.20    102900.08    201101.29 
   1950     40-44       84118.90     90978.11    175097.01 
   1950     45-49       80507.46     84235.48    164742.95 
   1950     50-54       76302.60     78902.34    155204.93 
   1950     55-59       63442.82     65115.20    128558.02 
   1950     60-64       60841.08     61554.44    122395.52 
   1950     65-69       55263.57     55715.72    110979.29 
   1950     70-74       50717.76     49258.49     99976.24 
   1950     75-79       32340.73     31381.83     63722.55 
   1950     80-84       16604.97     15000.56     31605.53 
   1950     85-89        5761.48      4203.74      9965.22 
   1950     90-94        1511.97       943.01      2454.99 
   1950     95-99         284.88       157.81       442.69 
   1950    100-104         18.49        14.46        32.95 
   1950    105-109          0.00         0.24         0.24 
   1950    110+             0.00         0.00         0.00 
   1951        0        30381.47     31962.24     62343.71 
   1951      1-4       121123.83    127070.30    248194.13 
   1951      5-9       137116.07    143184.19    280300.26 
   1951     10-14      124235.66    128898.73    253134.39 
   1951     15-19      113741.36    122746.52    236487.88 
   1951     20-24       95650.13    103907.55    199557.68 
   1951     25-29       97668.13     98208.92    195877.05 
   1951     30-34       94441.16     95676.12    190117.28 
   1951     35-39       97954.77    101238.33    199193.10 
   1951     40-44       86396.76     94072.89    180469.64 
   1951     45-49       79051.23     82960.41    162011.64 
   1951     50-54       78827.52     81552.55    160380.06 
   1951     55-59       64191.20     65652.62    129843.82 
   1951     60-64       60619.94     61131.87    121751.81 
   1951     65-69       53624.44     54176.31    107800.76 
   1951     70-74       50488.03     48631.76     99119.79 
   1951     75-79       32999.64     31738.67     64738.31 
   1951     80-84       17183.73     15520.05     32703.78 
   1951     85-89        5916.94      4372.36     10289.30 
   1951     90-94        1541.55       948.59      2490.14 
   1951     95-99         279.86       152.17       432.03 
   1951    100-104         16.25        13.62        29.87 
   1951    105-109          0.06         0.00         0.06 
   1951    110+             0.00         0.00         0.00 
   1952        0        30259.43     31588.32     61847.75 
   1952      1-4       120464.66    126258.46    246723.12 
   1952      5-9       140947.68    147489.62    288437.30 
   1952     10-14      122432.40    127456.66    249889.07 
   1952     15-19      115356.23    122222.96    237579.19 
   1952     20-24       96072.49    105586.55    201659.04 
   1952     25-29       95801.83     96548.61    192350.44 
   1952     30-34       95188.71     95905.67    191094.38 
   1952     35-39       95917.12     98308.04    194225.16 
   1952     40-44       89145.77     96817.21    185962.99 
   1952     45-49       78828.13     83118.46    161946.59 
   1952     50-54       79180.87     81940.01    161120.89 
   1952     55-59       65436.94     66831.65    132268.59 
   1952     60-64       60072.08     60401.94    120474.02 
   1952     65-69       53131.82     53351.61    106483.44 
   1952     70-74       49587.48     47605.60     97193.08 
   1952     75-79       33680.66     32087.93     65768.59 
   1952     80-84       17768.85     15979.78     33748.63 
   1952     85-89        6108.96      4591.01     10699.97 
   1952     90-94        1587.67       941.78      2529.46 
   1952     95-99         289.55       147.98       437.53 
   1952    100-104         15.73        10.04        25.77 
   1952    105-109          0.00         0.05         0.05 
   1952    110+             0.00         0.00         0.00 
   1953        0        30105.08     31555.92     61661.00 
   1953      1-4       119135.59    124640.64    243776.23 
   1953      5-9       143399.71    150416.42    293816.13 
   1953     10-14      120349.89    125678.51    246028.39 
   1953     15-19      112957.56    117987.17    230944.72 
   1953     20-24       96250.23    105471.74    201721.97 
   1953     25-29       93238.90     94377.15    187616.05 
   1953     30-34       95755.16     95921.60    191676.76 
   1953     35-39       93226.07     95141.93    188368.01 
   1953     40-44       91259.32     98334.98    189594.30 
   1953     45-49       78851.34     83576.66    162427.99 
   1953     50-54       78627.29     81377.86    160005.15 
   1953     55-59       67083.29     68383.69    135466.98 
   1953     60-64       59295.51     59682.40    118977.91 
   1953     65-69       53844.66     53357.50    107202.16 
   1953     70-74       48264.72     46473.18     94737.90 
   1953     75-79       34584.23     32389.31     66973.54 
   1953     80-84       18507.21     16611.83     35119.04 
   1953     85-89        6441.62      4925.76     11367.38 
   1953     90-94        1668.11       981.81      2649.93 
   1953     95-99         291.62       155.66       447.28 
   1953    100-104         21.24         6.82        28.06 
   1953    105-109          0.00         0.00         0.00 
   1953    110+             0.00         0.00         0.00 
   1954        0        29626.55     31154.86     60781.40 
   1954      1-4       117891.73    123309.50    241201.23 
   1954      5-9       145415.99    152694.10    298110.08 
   1954     10-14      120135.46    125785.22    245920.68 
   1954     15-19      109728.35    113752.20    223480.54 
   1954     20-24       96122.96    104263.75    200386.71 
   1954     25-29       90806.41     92535.62    183342.02 
   1954     30-34       95196.69     94890.43    190087.12 
   1954     35-39       91401.61     92879.98    184281.59 
   1954     40-44       92736.02     98790.22    191526.24 
   1954     45-49       79173.27     84521.50    163694.77 
   1954     50-54       77736.75     80391.27    158128.01 
   1954     55-59       68799.48     69957.02    138756.49 
   1954     60-64       58681.95     59236.48    117918.42 
   1954     65-69       54679.71     53622.29    108302.00 
   1954     70-74       46925.95     45146.01     92071.96 
   1954     75-79       35074.02     32330.73     67404.75 
   1954     80-84       19104.34     17063.07     36167.40 
   1954     85-89        6787.96      5278.43     12066.38 
   1954     90-94        1751.60      1030.10      2781.70 
   1954     95-99         295.30       155.06       450.36 
   1954    100-104         24.55         5.13        29.68 
   1954    105-109          0.14         0.00         0.14 
   1954    110+             0.00         0.00         0.00 
   1955        0        29564.68     30819.90     60384.59 
   1955      1-4       116603.87    121971.12    238574.98 
   1955      5-9       146284.23    153755.43    300039.66 
   1955     10-14      122275.58    128310.93    250586.51 
   1955     15-19      105965.04    109665.26    215630.30 
   1955     20-24       95302.22    101696.29    196998.52 
   1955     25-29       88601.09     91102.56    179703.65 
   1955     30-34       93629.71     92717.15    186346.85 
   1955     35-39       90368.36     91326.77    181695.13 
   1955     40-44       93143.56     97805.18    190948.74 
   1955     45-49       79969.59     86293.70    166263.29 
   1955     50-54       75798.95     78399.10    154198.05 
   1955     55-59       71181.61     72124.83    143306.44 
   1955     60-64       58630.42     59122.59    117753.01 
   1955     65-69       55208.88     53773.48    108982.36 
   1955     70-74       45658.22     43806.56     89464.78 
   1955     75-79       35163.56     32106.12     67269.68 
   1955     80-84       19559.44     17270.11     36829.55 
   1955     85-89        7123.07      5575.29     12698.36 
   1955     90-94        1829.54      1064.31      2893.85 
   1955     95-99         303.29       154.96       458.25 
   1955    100-104         22.87         4.95        27.82 
   1955    105-109          0.15         0.00         0.15 
   1955    110+             0.00         0.00         0.00 
   1956        0        29144.42     30485.19     59629.61 
   1956      1-4       116068.58    121137.12    237205.70 
   1956      5-9       145531.90    153002.46    298534.36 
   1956     10-14      126878.75    133389.95    260268.69 
   1956     15-19      101869.66    105942.74    207812.40 
   1956     20-24       93889.20     98207.04    192096.24 
   1956     25-29       86458.25     89617.45    176075.71 
   1956     30-34       91382.25     89795.28    181177.52 
   1956     35-39       89924.45     90222.53    180146.98 
   1956     40-44       92109.83     95396.77    187506.59 
   1956     45-49       81487.63     88621.34    170108.97 
   1956     50-54       73976.03     76762.37    150738.40 
   1956     55-59       72862.57     73646.43    146509.00 
   1956     60-64       59150.79     59443.73    118594.52 
   1956     65-69       55481.78     53831.67    109313.45 
   1956     70-74       44978.40     43033.93     88012.33 
   1956     75-79       35150.79     31804.16     66954.96 
   1956     80-84       19940.88     17457.32     37398.20 
   1956     85-89        7507.70      5854.79     13362.49 
   1956     90-94        1889.13      1114.95      3004.08 
   1956     95-99         313.18       156.87       470.05 
   1956    100-104         21.92         6.10        28.02 
   1956    105-109          0.03         0.00         0.03 
   1956    110+             0.00         0.00         0.00 
   1957        0        29106.94     30471.90     59578.84 
   1957      1-4       115490.76    120515.58    236006.34 
   1957      5-9       144233.85    151382.32    295616.17 
   1957     10-14      132152.45    139158.04    271310.49 
   1957     15-19       99269.03    104063.93    203332.96 
   1957     20-24       91231.59     94031.51    185263.10 
   1957     25-29       84533.06     87610.30    172143.36 
   1957     30-34       88651.02     86620.55    175271.57 
   1957     35-39       90046.69     89634.99    179681.68 
   1957     40-44       89959.32     92247.85    182207.16 
   1957     45-49       83620.67     90796.41    174417.08 
   1957     50-54       73597.69     76734.07    150331.75 
   1957     55-59       72668.67     73432.14    146100.81 
   1957     60-64       60195.40     60117.22    120312.62 
   1957     65-69       55045.40     53432.48    108477.88 
   1957     70-74       45281.51     42956.89     88238.40 
   1957     75-79       34849.54     31341.55     66191.09 
   1957     80-84       20350.00     17655.42     38005.42 
   1957     85-89        7912.99      6159.18     14072.17 
   1957     90-94        1957.96      1194.13      3152.09 
   1957     95-99         338.98       157.83       496.81 
   1957    100-104         24.25         6.41        30.66 
   1957    105-109          0.00         0.00         0.00 
   1957    110+             0.00         0.00         0.00 
   1958        0        28947.79     30184.75     59132.54 
   1958      1-4       115072.00    120010.82    235082.83 
   1958      5-9       142943.05    149832.48    292775.53 
   1958     10-14      136573.51    143906.33    280479.84 
   1958     15-19       99528.34    105037.25    204565.59 
   1958     20-24       87406.03     89528.60    176934.62 
   1958     25-29       82643.73     84912.86    167556.59 
   1958     30-34       85674.58     83537.26    169211.83 
   1958     35-39       90270.58     89119.64    179390.23 
   1958     40-44       87627.75     89195.74    176823.49 
   1958     45-49       85358.45     92048.26    177406.71 
   1958     50-54       73666.98     77216.37    150883.35 
   1958     55-59       71991.59     72798.24    144789.83 
   1958     60-64       61490.38     60875.76    122366.14 
   1958     65-69       53980.12     52536.93    106517.05 
   1958     70-74       46273.21     43327.49     89600.70 
   1958     75-79       34298.65     30703.73     65002.38 
   1958     80-84       20698.71     17688.50     38387.22 
   1958     85-89        8174.85      6353.14     14528.00 
   1958     90-94        2056.20      1269.36      3325.55 
   1958     95-99         357.99       165.00       523.00 
   1958    100-104         25.73         5.94        31.67 
   1958    105-109          0.05         0.00         0.05 
   1958    110+             0.00         0.00         0.00 
   1959        0        28867.64     30039.05     58906.69 
   1959      1-4       115026.83    119679.83    234706.66 
   1959      5-9       141780.08    148589.19    290369.27 
   1959     10-14      139644.93    147097.79    286742.72 
   1959     15-19      102244.38    108354.32    210598.70 
   1959     20-24       83662.35     85651.49    169313.83 
   1959     25-29       79925.60     81212.29    161137.89 
   1959     30-34       82684.53     80502.18    163186.71 
   1959     35-39       89365.00     87401.44    176766.44 
   1959     40-44       86147.01     87051.54    173198.55 
   1959     45-49       86460.16     92255.85    178716.01 
   1959     50-54       73872.24     78091.30    151963.54 
   1959     55-59       71241.28     71973.61    143214.89 
   1959     60-64       62775.85     61697.65    124473.51 
   1959     65-69       52979.10     51717.41    104696.51 
   1959     70-74       47332.33     43635.67     90968.00 
   1959     75-79       33974.35     30116.35     64090.70 
   1959     80-84       20973.80     17715.02     38688.82 
   1959     85-89        8430.43      6466.46     14896.89 
   1959     90-94        2177.51      1347.51      3525.01 
   1959     95-99         360.76       174.00       534.77 
   1959    100-104         26.10         5.35        31.45 
   1959    105-109          0.00         0.00         0.00 
   1959    110+             0.00         0.00         0.00 
   1960        0        29604.49     30845.43     60449.93 
   1960      1-4       115488.67    120043.99    235532.67 
   1960      5-9       141086.92    147690.10    288777.02 
   1960     10-14      140742.15    148371.95    289114.09 
   1960     15-19      107678.62    114210.51    221889.14 
   1960     20-24       80171.49     82506.32    162677.82 
   1960     25-29       76335.29     76503.49    152838.78 
   1960     30-34       79724.47     77505.65    157230.12 
   1960     35-39       87356.90     84450.10    171807.00 
   1960     40-44       85388.82     85547.31    170936.13 
   1960     45-49       86600.42     91091.55    177691.97 
   1960     50-54       74482.29     79795.50    154277.79 
   1960     55-59       69628.78     70436.35    140065.13 
   1960     60-64       64591.05     62952.03    127543.07 
   1960     65-69       52522.44     51338.49    103860.93 
   1960     70-74       48074.99     43836.80     91911.79 
   1960     75-79       33783.79     29813.92     63597.71 
   1960     80-84       21343.81     17831.67     39175.48 
   1960     85-89        8767.88      6596.91     15364.79 
   1960     90-94        2321.63      1440.57      3762.20 
   1960     95-99         365.33       175.89       541.22 
   1960    100-104         28.59         7.72        36.31 
   1960    105-109          0.00         0.00         0.00 
   1960    110+             0.00         0.00         0.00 
   1961        0        29607.84     31009.60     60617.45 
   1961      1-4       116942.17    121558.27    238500.45 
   1961      5-9       141280.05    147566.26    288846.31 
   1961     10-14      139605.88    147210.61    286816.50 
   1961     15-19      114353.49    121121.02    235474.51 
   1961     20-24       78474.27     81590.53    160064.80 
   1961     25-29       73883.20     73399.04    147282.24 
   1961     30-34       77250.05     75348.52    152598.57 
   1961     35-39       85061.79     81471.67    166533.46 
   1961     40-44       85090.96     84608.32    169699.28 
   1961     45-49       85885.84     89046.83    174932.67 
   1961     50-54       75857.33     82091.63    157948.96 
   1961     55-59       68205.95     69390.10    137596.05 
   1961     60-64       65785.93     63860.14    129646.07 
   1961     65-69       53090.86     51499.08    104589.94 
   1961     70-74       48043.92     43779.64     91823.57 
   1961     75-79       33629.89     29607.95     63237.84 
   1961     80-84       21619.01     17727.99     39347.00 
   1961     85-89        9013.48      6687.74     15701.22 
   1961     90-94        2436.63      1501.54      3938.17 
   1961     95-99         375.45       180.01       555.46 
   1961    100-104         32.91        10.27        43.19 
   1961    105-109          0.21         0.00         0.21 
   1961    110+             0.00         0.00         0.00 
   1962        0        29473.05     30849.34     60322.39 
   1962      1-4       117868.25    122747.16    240615.41 
   1962      5-9       142059.08    148041.20    290100.28 
   1962     10-14      138205.97    145394.39    283600.36 
   1962     15-19      118939.52    125823.50    244763.02 
   1962     20-24       80057.83     83752.91    163810.74 
   1962     25-29       73147.79     73074.02    146221.80 
   1962     30-34       75877.08     74576.51    150453.59 
   1962     35-39       83050.15     79365.17    162415.32 
   1962     40-44       85365.84     84523.13    169888.96 
   1962     45-49       84641.55     86842.43    171483.98 
   1962     50-54       77848.28     84321.37    162169.65 
   1962     55-59       68187.04     69815.56    138002.60 
   1962     60-64       65588.08     63939.45    129527.52 
   1962     65-69       54552.09     51942.16    106494.25 
   1962     70-74       47047.45     43093.12     90140.57 
   1962     75-79       33637.08     29401.01     63038.09 
   1962     80-84       21652.69     17421.77     39074.46 
   1962     85-89        9204.43      6706.44     15910.87 
   1962     90-94        2515.17      1527.87      4043.05 
   1962     95-99         375.67       181.27       556.94 
   1962    100-104         34.75        11.06        45.81 
   1962    105-109          0.40         0.23         0.63 
   1962    110+             0.00         0.00         0.00 
   1963        0        30108.56     31541.64     61650.20 
   1963      1-4       118581.56    123652.50    242234.06 
   1963      5-9       142695.87    148457.20    291153.08 
   1963     10-14      137900.54    144722.07    282622.61 
   1963     15-19      121175.96    128162.82    249338.77 
   1963     20-24       83296.32     87159.76    170456.07 
   1963     25-29       73000.45     73552.77    146553.23 
   1963     30-34       75107.73     74450.73    149558.47 
   1963     35-39       81245.30     77930.24    159175.53 
   1963     40-44       85780.94     84710.89    170491.83 
   1963     45-49       83323.10     84927.66    168250.76 
   1963     50-54       79494.29     85685.44    165179.73 
   1963     55-59       68517.82     70674.19    139192.01 
   1963     60-64       65343.17     63954.35    129297.52 
   1963     65-69       55882.20     52499.50    108381.71 
   1963     70-74       46127.82     42209.40     88337.21 
   1963     75-79       33774.78     29297.37     63072.15 
   1963     80-84       21617.37     17174.95     38792.32 
   1963     85-89        9380.42      6719.89     16100.31 
   1963     90-94        2583.85      1566.47      4150.32 
   1963     95-99         382.99       172.57       555.56 
   1963    100-104         32.28        13.48        45.75 
   1963    105-109          1.01         1.18         2.19 
   1963    110+             0.00         0.00         0.00 
   1964        0        30734.56     32143.92     62878.48 
   1964      1-4       120003.61    125214.03    245217.64 
   1964      5-9       143554.51    149224.79    292779.30 
   1964     10-14      138294.67    144941.52    283236.19 
   1964     15-19      122765.20    129794.56    252559.76 
   1964     20-24       86200.68     90144.54    176345.22 
   1964     25-29       73617.38     74377.67    147995.05 
   1964     30-34       74098.89     74267.32    148366.21 
   1964     35-39       79804.75     76990.49    156795.25 
   1964     40-44       85127.44     83906.91    169034.35 
   1964     45-49       82808.07     84060.62    166868.69 
   1964     50-54       80583.77     86059.60    166643.37 
   1964     55-59       68960.22     71893.45    140853.67 
   1964     60-64       65089.93     63685.60    128775.53 
   1964     65-69       56786.49     53144.86    109931.35 
   1964     70-74       46060.83     41825.93     87886.77 
   1964     75-79       33885.35     29057.92     62943.26 
   1964     80-84       21546.67     16996.55     38543.22 
   1964     85-89        9554.54      6792.29     16346.83 
   1964     90-94        2649.46      1625.53      4274.99 
   1964     95-99         411.64       178.97       590.61 
   1964    100-104         24.60        12.99        37.59 
   1964    105-109          1.25         2.19         3.44 
   1964    110+             0.00         0.00         0.00 
   1965        0        31035.64     32356.75     63392.39 
   1965      1-4       121789.49    127111.98    248901.48 
   1965      5-9       144999.22    150728.12    295727.34 
   1965     10-14      139138.02    145440.19    284578.21 
   1965     15-19      124403.80    131542.78    255946.58 
   1965     20-24       88707.32     92719.12    181426.44 
   1965     25-29       74249.75     75005.71    149255.46 
   1965     30-34       73244.41     74020.01    147264.41 
   1965     35-39       78608.74     76521.16    155129.89 
   1965     40-44       83756.04     82345.86    166101.90 
   1965     45-49       82671.85     83714.07    166385.93 
   1965     50-54       81052.48     85512.95    166565.43 
   1965     55-59       69947.18     73813.11    143760.29 
   1965     60-64       63959.47     62805.05    126764.52 
   1965     65-69       57914.94     54041.41    111956.34 
   1965     70-74       46914.09     42045.84     88959.93 
   1965     75-79       33916.43     28832.77     62749.20 
   1965     80-84       21376.13     16811.21     38187.34 
   1965     85-89        9790.35      6859.70     16650.05 
   1965     90-94        2782.39      1676.16      4458.55 
   1965     95-99         444.05       203.74       647.80 
   1965    100-104         20.20        10.41        30.61 
   1965    105-109          1.23         2.95         4.19 
   1965    110+             0.00         0.00         0.00 
   1966        0        30536.78     32101.67     62638.45 
   1966      1-4       123511.35    128808.60    252319.95 
   1966      5-9       146730.73    152660.20    299390.93 
   1966     10-14      139833.20    145715.40    285548.60 
   1966     15-19      125866.62    132849.84    258716.46 
   1966     20-24       92266.65     96547.04    188813.69 
   1966     25-29       74335.00     75453.25    149788.25 
   1966     30-34       73243.21     74171.29    147414.50 
   1966     35-39       77010.22     75973.95    152984.17 
   1966     40-44       82600.81     80869.57    163470.39 
   1966     45-49       82249.54     82993.24    165242.77 
   1966     50-54       81253.06     84661.64    165914.71 
   1966     55-59       71200.82     75878.66    147079.48 
   1966     60-64       63043.59     62416.45    125460.04 
   1966     65-69       58827.79     54609.44    113437.22 
   1966     70-74       47937.74     42364.90     90302.64 
   1966     75-79       33804.38     28539.08     62343.46 
   1966     80-84       21075.15     16441.83     37516.98 
   1966     85-89        9893.02      6761.49     16654.51 
   1966     90-94        2924.78      1676.99      4601.78 
   1966     95-99         453.04       219.55       672.58 
   1966    100-104         20.00         9.69        29.69 
   1966    105-109          1.48         3.47         4.95 
   1966    110+             0.00         0.00         0.00 
   1967        0        29703.47     31500.78     61204.25 
   1967      1-4       124009.93    129470.42    253480.35 
   1967      5-9       148478.06    154707.06    303185.13 
   1967     10-14      140255.39    145906.67    286162.06 
   1967     15-19      126659.84    133178.89    259838.73 
   1967     20-24       96786.25    101455.24    198241.49 
   1967     25-29       75364.15     77065.34    152429.50 
   1967     30-34       73214.99     74285.86    147500.86 
   1967     35-39       75659.21     75723.74    151382.95 
   1967     40-44       81376.18     79274.08    160650.26 
   1967     45-49       82368.67     82787.15    165155.83 
   1967     50-54       80684.47     83170.01    163854.47 
   1967     55-59       72884.12     77903.93    150788.05 
   1967     60-64       63296.79     63096.11    126392.90 
   1967     65-69       59307.91     54837.27    114145.18 
   1967     70-74       48528.03     42464.81     90992.83 
   1967     75-79       33781.43     28330.90     62112.33 
   1967     80-84       21043.64     16168.01     37211.64 
   1967     85-89        9930.19      6710.01     16640.20 
   1967     90-94        3046.34      1703.02      4749.36 
   1967     95-99         482.60       226.52       709.12 
   1967    100-104         18.97         8.87        27.84 
   1967    105-109          1.25         3.24         4.49 
   1967    110+             0.00         0.00         0.00 
   1968        0        29364.15     31164.05     60528.20 
   1968      1-4       123155.47    128976.16    252131.63 
   1968      5-9       150561.93    156992.32    307554.25 
   1968     10-14      140978.72    146586.77    287565.49 
   1968     15-19      126799.65    133007.76    259807.41 
   1968     20-24      100878.44    105715.78    206594.22 
   1968     25-29       77656.06     79847.53    157503.59 
   1968     30-34       73046.95     74304.24    147351.19 
   1968     35-39       75031.73     75895.42    150927.15 
   1968     40-44       79738.24     77653.47    157391.71 
   1968     45-49       83095.74     83296.08    166391.81 
   1968     50-54       79338.43     81152.92    160491.35 
   1968     55-59       74736.91     79438.45    154175.36 
   1968     60-64       63713.17     63982.06    127695.23 
   1968     65-69       59694.83     55130.69    114825.51 
   1968     70-74       49102.59     42588.03     91690.62 
   1968     75-79       33783.18     28157.92     61941.10 
   1968     80-84       21265.22     16124.51     37389.74 
   1968     85-89       10035.05      6749.81     16784.86 
   1968     90-94        3107.45      1729.34      4836.79 
   1968     95-99         524.17       236.15       760.32 
   1968    100-104         19.70         7.61        27.31 
   1968    105-109          0.74         2.52         3.26 
   1968    110+             0.00         0.23         0.23 
   1969        0        29965.42     31535.90     61501.31 
   1969      1-4       121801.71    128047.86    249849.57 
   1969      5-9       152812.77    159292.24    312105.01 
   1969     10-14      142275.02    147907.09    290182.10 
   1969     15-19      127367.76    133478.26    260846.02 
   1969     20-24      103825.47    108544.85    212370.33 
   1969     25-29       80013.13     82660.67    162673.80 
   1969     30-34       73706.93     75117.31    148824.24 
   1969     35-39       74276.09     75711.82    149987.91 
   1969     40-44       78362.62     76636.77    154999.39 
   1969     45-49       82869.47     82816.85    165686.32 
   1969     50-54       78581.10     80062.96    158644.07 
   1969     55-59       76122.72     79990.57    156113.29 
   1969     60-64       64181.26     65084.69    129265.95 
   1969     65-69       59540.54     55089.88    114630.43 
   1969     70-74       50259.52     42962.21     93221.73 
   1969     75-79       33574.33     27836.19     61410.53 
   1969     80-84       21493.40     16117.38     37610.78 
   1969     85-89       10076.21      6715.81     16792.02 
   1969     90-94        3138.44      1704.76      4843.20 
   1969     95-99         543.79       242.83       786.62 
   1969    100-104         22.05         7.08        29.13 
   1969    105-109          0.96         1.03         1.99 
   1969    110+             0.00         0.24         0.24 
   1970        0        30965.45     32464.50     63429.96 
   1970      1-4       121368.48    127818.14    249186.62 
   1970      5-9       154434.82    161027.88    315462.69 
   1970     10-14      144279.71    149911.56    294191.28 
   1970     15-19      129058.96    135057.18    264116.14 
   1970     20-24      105135.15    109758.91    214894.07 
   1970     25-29       82747.74     85469.65    168217.40 
   1970     30-34       74372.38     76184.52    150556.90 
   1970     35-39       73749.01     75525.05    149274.06 
   1970     40-44       77150.65     76256.60    153407.25 
   1970     45-49       81817.52     81262.69    163080.21 
   1970     50-54       78488.05     79761.43    158249.48 
   1970     55-59       76764.87     79562.45    156327.32 
   1970     60-64       64976.71     66600.29    131577.00 
   1970     65-69       58559.40     54809.49    113368.90 
   1970     70-74       52238.45     43643.38     95881.83 
   1970     75-79       33656.24     27728.93     61385.18 
   1970     80-84       21842.43     16224.75     38067.19 
   1970     85-89       10069.17      6638.69     16707.86 
   1970     90-94        3231.50      1707.99      4939.50 
   1970     95-99         571.83       242.47       814.29 
   1970    100-104         24.25         8.47        32.72 
   1970    105-109          1.73         0.00         1.73 
   1970    110+             0.00         0.00         0.00 
   1971        0        31799.66     33500.26     65299.92 
   1971      1-4       122721.05    129014.92    251735.97 
   1971      5-9       155554.11    162458.05    318012.16 
   1971     10-14      146300.61    152151.35    298451.96 
   1971     15-19      131909.24    137648.95    269558.19 
   1971     20-24      106968.83    111754.46    218723.29 
   1971     25-29       86787.12     89432.12    176219.25 
   1971     30-34       74789.49     77346.22    152135.71 
   1971     35-39       73947.50     75765.98    149713.49 
   1971     40-44       75993.44     76330.08    152323.53 
   1971     45-49       80479.57     79265.61    159745.19 
   1971     50-54       78868.94     79907.41    158776.35 
   1971     55-59       76735.18     78542.04    155277.22 
   1971     60-64       66447.09     68575.85    135022.95 
   1971     65-69       57811.13     54781.18    112592.31 
   1971     70-74       53541.89     44204.93     97746.83 
   1971     75-79       34522.86     27952.51     62475.37 
   1971     80-84       22268.67     16439.79     38708.46 
   1971     85-89       10083.77      6570.00     16653.77 
   1971     90-94        3339.32      1748.19      5087.51 
   1971     95-99         610.26       245.73       855.99 
   1971    100-104         28.67        10.01        38.68 
   1971    105-109          1.51         0.00         1.51 
   1971    110+             0.00         0.00         0.00 
   1972        0        32592.25     34500.06     67092.31 
   1972      1-4       125138.76    131392.80    256531.56 
   1972      5-9       156719.79    163958.84    320678.62 
   1972     10-14      147996.29    154343.11    302339.40 
   1972     15-19      134708.29    140219.23    274927.52 
   1972     20-24      111135.12    116122.72    227257.84 
   1972     25-29       91801.94     94859.11    186661.05 
   1972     30-34       76421.37     79524.56    155945.93 
   1972     35-39       74196.96     76241.97    150438.93 
   1972     40-44       75376.27     76657.75    152034.02 
   1972     45-49       79076.07     77550.38    156626.45 
   1972     50-54       79771.09     80417.68    160188.77 
   1972     55-59       76020.24     77056.58    153076.82 
   1972     60-64       68736.09     70872.93    139609.02 
   1972     65-69       58130.47     55155.24    113285.71 
   1972     70-74       53090.08     44114.59     97204.66 
   1972     75-79       35857.40     28278.70     64136.10 
   1972     80-84       22573.65     16498.03     39071.67 
   1972     85-89       10121.78      6527.14     16648.92 
   1972     90-94        3397.41      1760.51      5157.93 
   1972     95-99         629.04       255.43       884.47 
   1972    100-104         36.61         9.38        45.99 
   1972    105-109          0.74         0.00         0.74 
   1972    110+             0.00         0.00         0.00 
   1973        0        33046.92     34965.21     68012.12 
   1973      1-4       128181.72    134693.51    262875.23 
   1973      5-9       157393.43    164939.98    322333.41 
   1973     10-14      150677.65    157373.17    308050.83 
   1973     15-19      136298.40    141822.25    278120.66 
   1973     20-24      115952.20    120966.14    236918.35 
   1973     25-29       97022.10    100787.00    197809.09 
   1973     30-34       79394.63     82744.46    162139.09 
   1973     35-39       74523.97     77006.63    151530.60 
   1973     40-44       75120.48     76954.16    152074.64 
   1973     45-49       77831.14     76557.51    154388.65 
   1973     50-54       80735.49     80867.09    161602.59 
   1973     55-59       74898.30     75405.69    150303.99 
   1973     60-64       71084.75     72664.54    143749.29 
   1973     65-69       58708.55     55795.46    114504.01 
   1973     70-74       52179.00     43745.50     95924.49 
   1973     75-79       37057.99     28520.32     65578.31 
   1973     80-84       22823.94     16341.72     39165.66 
   1973     85-89       10221.32      6477.05     16698.38 
   1973     90-94        3405.15      1759.18      5164.33 
   1973     95-99         631.48       249.35       880.83 
   1973    100-104         39.70         7.77        47.47 
   1973    105-109          0.24         0.00         0.24 
   1973    110+             0.00         0.00         0.00 
   1974        0        33195.74     34968.23     68163.97 
   1974      1-4       131027.52    137803.67    268831.19 
   1974      5-9       157908.73    165803.44    323712.17 
   1974     10-14      154396.04    161201.19    315597.22 
   1974     15-19      137507.45    143193.98    280701.43 
   1974     20-24      120152.09    125148.14    245300.23 
   1974     25-29      102250.98    106505.19    208756.16 
   1974     30-34       82615.77     86293.17    168908.95 
   1974     35-39       75804.12     78651.20    154455.32 
   1974     40-44       74604.41     76953.90    151558.32 
   1974     45-49       77059.04     76278.15    153337.18 
   1974     50-54       80657.74     80341.20    160998.93 
   1974     55-59       74420.50     74693.80    149114.30 
   1974     60-64       72824.88     73490.54    146315.42 
   1974     65-69       59509.54     56932.19    116441.73 
   1974     70-74       51501.79     43455.16     94956.95 
   1974     75-79       38032.20     28672.12     66704.32 
   1974     80-84       23123.60     16160.32     39283.92 
   1974     85-89       10326.39      6443.91     16770.30 
   1974     90-94        3381.72      1759.82      5141.54 
   1974     95-99         647.59       229.97       877.57 
   1974    100-104         37.10         8.44        45.53 
   1974    105-109          0.00         0.23         0.23 
   1974    110+             0.00         0.00         0.00 
   1975        0        32813.68     34595.96     67409.64 
   1975      1-4       133011.39    139858.04    272869.43 
   1975      5-9       159173.62    167416.37    326589.99 
   1975     10-14      157823.45    164761.35    322584.81 
   1975     15-19      139604.82    145519.32    285124.14 
   1975     20-24      123399.00    128253.36    251652.35 
   1975     25-29      106865.07    111438.47    218303.54 
   1975     30-34       86716.67     90658.82    177375.49 
   1975     35-39       77399.11     80703.45    158102.56 
   1975     40-44       74314.54     77101.31    151415.85 
   1975     45-49       76468.24     76521.26    152989.51 
   1975     50-54       79741.58     78954.63    158696.21 
   1975     55-59       74820.67     74826.75    149647.42 
   1975     60-64       73541.54     73292.90    146834.43 
   1975     65-69       60867.73     58699.70    119567.43 
   1975     70-74       50912.01     43296.72     94208.73 
   1975     75-79       38973.16     28878.40     67851.57 
   1975     80-84       23526.82     16074.85     39601.68 
   1975     85-89       10468.28      6483.82     16952.10 
   1975     90-94        3365.71      1770.68      5136.39 
   1975     95-99         672.45       227.20       899.64 
   1975    100-104         40.57        10.29        50.87 
   1975    105-109          0.23         0.47         0.70 
   1975    110+             0.00         0.00         0.00 
   1976        0        32502.11     34313.15     66815.26 
   1976      1-4       133815.66    140698.66    274514.32 
   1976      5-9       161463.95    169824.59    331288.54 
   1976     10-14      160521.43    167751.20    328272.63 
   1976     15-19      142660.20    148989.07    291649.27 
   1976     20-24      125952.48    130571.16    256523.64 
   1976     25-29      110556.99    115184.88    225741.88 
   1976     30-34       92199.17     96409.58    188608.75 
   1976     35-39       78573.26     82575.94    161149.21 
   1976     40-44       74953.42     78020.40    152973.83 
   1976     45-49       75559.28     76762.10    152321.38 
   1976     50-54       78764.68     77496.82    156261.50 
   1976     55-59       75509.85     75047.27    150557.13 
   1976     60-64       73366.41     72355.95    145722.35 
   1976     65-69       62680.49     60842.99    123523.48 
   1976     70-74       50877.24     43442.97     94320.21 
   1976     75-79       39389.36     28973.15     68362.51 
   1976     80-84       23962.60     15980.44     39943.04 
   1976     85-89       10646.00      6539.79     17185.79 
   1976     90-94        3336.67      1756.48      5093.15 
   1976     95-99         675.66       242.31       917.96 
   1976    100-104         48.35        11.81        60.16 
   1976    105-109          0.73         0.72         1.46 
   1976    110+             0.00         0.00         0.00 
   1977        0        32857.58     34755.64     67613.22 
   1977      1-4       133453.12    140319.79    273772.91 
   1977      5-9       164779.41    173106.23    337885.65 
   1977     10-14      162503.17    170145.88    332649.04 
   1977     15-19      146267.20    153096.08    299363.28 
   1977     20-24      127788.69    132421.39    260210.08 
   1977     25-29      113908.96    118186.22    232095.18 
   1977     30-34       97868.56    102592.42    200460.98 
   1977     35-39       80701.31     85231.18    165932.49 
   1977     40-44       75710.99     79155.85    154866.83 
   1977     45-49       75025.69     77143.53    152169.22 
   1977     50-54       77651.57     76270.38    153921.95 
   1977     55-59       76546.76     75517.15    152063.91 
   1977     60-64       72218.24     70679.31    142897.55 
   1977     65-69       65009.34     62985.95    127995.29 
   1977     70-74       51390.30     43985.48     95375.78 
   1977     75-79       39255.84     28974.62     68230.47 
   1977     80-84       24222.53     15812.97     40035.50 
   1977     85-89       10817.78      6476.89     17294.67 
   1977     90-94        3321.05      1691.73      5012.78 
   1977     95-99         661.53       251.86       913.39 
   1977    100-104         47.19        12.77        59.96 
   1977    105-109          1.23         1.00         2.23 
   1977    110+             0.00         0.00         0.00 
   1978        0        33848.67     35418.76     69267.43 
   1978      1-4       132919.95    139724.96    272644.92 
   1978      5-9       168440.51    176700.10    345140.61 
   1978     10-14      163548.68    171584.51    335133.19 
   1978     15-19      150945.95    158070.49    309016.44 
   1978     20-24      129164.11    134139.81    263303.92 
   1978     25-29      116600.68    120503.49    237104.17 
   1978     30-34      103248.61    108464.88    211713.49 
   1978     35-39       84128.48     88916.38    173044.86 
   1978     40-44       76479.47     80389.36    156868.83 
   1978     45-49       74976.37     77669.33    152645.70 
   1978     50-54       76535.89     75580.24    152116.13 
   1978     55-59       77675.63     76099.88    153775.50 
   1978     60-64       70614.43     68769.16    139383.59 
   1978     65-69       67373.28     64499.11    131872.39 
   1978     70-74       51954.47     44877.59     96832.05 
   1978     75-79       39405.18     29106.06     68511.24 
   1978     80-84       24341.75     15649.85     39991.60 
   1978     85-89       11015.45      6404.06     17419.51 
   1978     90-94        3388.19      1678.23      5066.42 
   1978     95-99         653.26       259.32       912.58 
   1978    100-104         46.23        13.51        59.74 
   1978    105-109          1.96         0.52         2.48 
   1978    110+             0.00         0.00         0.00 
   1979        0        34834.32     36338.75     71173.07 
   1979      1-4       133155.74    139819.03    272974.78 
   1979      5-9       170679.65    178976.77    349656.42 
   1979     10-14      164132.55    172476.02    336608.57 
   1979     15-19      155481.84    162636.14    318117.98 
   1979     20-24      130921.26    135974.51    266895.77 
   1979     25-29      118563.47    122293.64    240857.11 
   1979     30-34      108127.62    113242.22    221369.84 
   1979     35-39       87277.20     92322.73    179599.93 
   1979     40-44       78087.95     82278.53    160366.48 
   1979     45-49       74542.96     77754.11    152297.07 
   1979     50-54       75778.56     75321.00    151099.56 
   1979     55-59       77744.14     75714.75    153458.89 
   1979     60-64       70099.11     67966.51    138065.62 
   1979     65-69       68900.70     64947.36    133848.05 
   1979     70-74       52758.76     45971.24     98730.00 
   1979     75-79       39791.78     29234.46     69026.25 
   1979     80-84       24690.23     15649.47     40339.70 
   1979     85-89       11277.84      6372.94     17650.78 
   1979     90-94        3484.79      1709.22      5194.01 
   1979     95-99         647.77       260.80       908.57 
   1979    100-104         51.45        12.30        63.75 
   1979    105-109          2.47         0.45         2.92 
   1979    110+             0.00         0.00         0.00 
   1980        0        35385.94     37397.11     72783.04 
   1980      1-4       134584.32    141254.09    275838.41 
   1980      5-9       170858.97    179431.71    350290.68 
   1980     10-14      164993.52    173760.38    338753.90 
   1980     15-19      158300.35    165370.63    323670.98 
   1980     20-24      133397.37    138212.30    271609.67 
   1980     25-29      120427.15    123753.04    244180.18 
   1980     30-34      111655.69    116398.47    228054.16 
   1980     35-39       90936.24     95948.05    186884.30 
   1980     40-44       79675.22     84110.91    163786.13 
   1980     45-49       74183.63     77762.43    151946.06 
   1980     50-54       74950.45     75154.13    150104.58 
   1980     55-59       77071.27     74485.93    151557.20 
   1980     60-64       70603.42     67912.73    138516.14 
   1980     65-69       69515.22     64711.40    134226.62 
   1980     70-74       53781.48     47210.95    100992.43 
   1980     75-79       39752.24     29297.94     69050.19 
   1980     80-84       25530.64     15992.56     41523.21 
   1980     85-89       11616.05      6338.69     17954.74 
   1980     90-94        3616.66      1736.55      5353.22 
   1980     95-99         657.83       249.08       906.91 
   1980    100-104         54.40         9.82        64.21 
   1980    105-109          2.90         0.96         3.86 
   1980    110+             0.00         0.00         0.00 
   1981        0        35308.32     37386.07     72694.39 
   1981      1-4       136806.42    143783.17    280589.59 
   1981      5-9       169962.87    178820.73    348783.60 
   1981     10-14      166210.33    175115.18    341325.52 
   1981     15-19      159459.39    166396.58    325855.97 
   1981     20-24      136039.40    140695.95    276735.35 
   1981     25-29      122394.68    125053.54    247448.21 
   1981     30-34      113869.69    118165.73    232035.42 
   1981     35-39       95779.67    100524.76    196304.42 
   1981     40-44       80436.26     85270.76    165707.02 
   1981     45-49       74678.31     78344.19    153022.51 
   1981     50-54       73879.08     75009.16    148888.24 
   1981     55-59       76266.26     73119.08    149385.34 
   1981     60-64       71475.90     68078.73    139554.63 
   1981     65-69       69293.05     63942.67    133235.73 
   1981     70-74       55124.69     48650.85    103775.54 
   1981     75-79       39624.35     29385.59     69009.94 
   1981     80-84       26401.66     16375.87     42777.54 
   1981     85-89       11863.01      6295.87     18158.89 
   1981     90-94        3768.92      1753.06      5521.98 
   1981     95-99         680.85       236.96       917.81 
   1981    100-104         54.83        11.14        65.97 
   1981    105-109          3.16         1.00         4.16 
   1981    110+             0.00         0.00         0.00 
   1982        0        34573.32     36355.00     70928.32 
   1982      1-4       138773.68    145944.37    284718.05 
   1982      5-9       168472.00    177511.41    345983.42 
   1982     10-14      167905.54    176650.73    344556.27 
   1982     15-19      159237.56    166128.76    325366.32 
   1982     20-24      138210.92    142421.87    280632.79 
   1982     25-29      124132.28    126326.27    250458.56 
   1982     30-34      115530.17    119102.47    234632.64 
   1982     35-39      100569.23    105198.05    205767.28 
   1982     40-44       81753.31     86726.88    168480.19 
   1982     45-49       75250.96     78957.33    154208.29 
   1982     50-54       73224.22     75035.10    148259.32 
   1982     55-59       75245.49     71947.38    147192.86 
   1982     60-64       72860.67     68839.55    141700.22 
   1982     65-69       68135.52     62398.88    130534.40 
   1982     70-74       56829.48     50094.71    106924.19 
   1982     75-79       39982.64     29702.98     69685.62 
   1982     80-84       26942.59     16531.75     43474.33 
   1982     85-89       12073.91      6274.01     18347.92 
   1982     90-94        3899.63      1741.44      5641.07 
   1982     95-99         704.33       232.97       937.29 
   1982    100-104         57.72        14.88        72.60 
   1982    105-109          4.14         0.52         4.66 
   1982    110+             0.23         0.00         0.23 
   1983        0        33185.43     35021.98     68207.41 
   1983      1-4       139293.41    146696.98    285990.39 
   1983      5-9       167296.05    176172.64    343468.68 
   1983     10-14      170057.44    178657.57    348715.01 
   1983     15-19      158301.78    165519.15    323820.93 
   1983     20-24      140267.94    143627.82    283895.76 
   1983     25-29      125492.58    127225.78    252718.36 
   1983     30-34      116798.75    119836.06    236634.81 
   1983     35-39      104957.41    109436.17    214393.58 
   1983     40-44       84216.01     89035.91    173251.91 
   1983     45-49       75702.66     79426.30    155128.96 
   1983     50-54       72984.31     75188.24    148172.55 
   1983     55-59       74092.65     71065.99    145158.64 
   1983     60-64       74166.16     69581.35    143747.50 
   1983     65-69       66926.27     60913.91    127840.18 
   1983     70-74       58453.63     51083.21    109536.85 
   1983     75-79       40434.95     30160.30     70595.25 
   1983     80-84       27355.74     16620.76     43976.50 
   1983     85-89       12268.33      6272.73     18541.06 
   1983     90-94        3997.96      1703.03      5700.99 
   1983     95-99         732.00       239.44       971.44 
   1983    100-104         59.29        17.65        76.94 
   1983    105-109          4.21         0.22         4.43 
   1983    110+             0.73         0.00         0.73 
   1984        0        31355.54     33489.42     64844.97 
   1984      1-4       137090.60    144677.34    281767.94 
   1984      5-9       167683.29    176452.91    344136.20 
   1984     10-14      171413.20    179964.96    351378.17 
   1984     15-19      158043.52    165760.77    323804.30 
   1984     20-24      141869.39    144386.27    286255.65 
   1984     25-29      126844.55    127930.13    254774.68 
   1984     30-34      117943.65    120716.76    238660.41 
   1984     35-39      108930.08    112917.84    221847.92 
   1984     40-44       86768.45     91507.43    178275.88 
   1984     45-49       76983.79     80549.10    157532.89 
   1984     50-54       72514.12     75113.44    147627.56 
   1984     55-59       73171.92     70562.49    143734.41 
   1984     60-64       74327.79     69350.87    143678.66 
   1984     65-69       66649.89     60472.26    127122.15 
   1984     70-74       59758.19     51521.02    111279.21 
   1984     75-79       41057.61     30850.68     71908.28 
   1984     80-84       27745.12     16702.41     44447.54 
   1984     85-89       12600.08      6351.57     18951.64 
   1984     90-94        4130.80      1688.55      5819.35 
   1984     95-99         774.71       249.94      1024.65 
   1984    100-104         58.55        16.68        75.23 
   1984    105-109          3.20         0.72         3.92 
   1984    110+             0.51         0.00         0.51 
   1985        0        30270.42     32194.61     62465.03 
   1985      1-4       132303.09    139789.90    272092.99 
   1985      5-9       169327.29    178253.98    347581.26 
   1985     10-14      171291.86    180017.32    351309.17 
   1985     15-19      159334.36    167542.33    326876.68 
   1985     20-24      142438.98    144422.32    286861.30 
   1985     25-29      128242.02    128611.22    256853.24 
   1985     30-34      119359.30    121658.76    241018.06 
   1985     35-39      111800.43    115233.83    227034.26 
   1985     40-44       90203.98     94719.18    184923.16 
   1985     45-49       78308.73     81873.27    160182.00 
   1985     50-54       72277.03     75090.52    147367.55 
   1985     55-59       72322.85     70401.13    142723.98 
   1985     60-64       73611.45     68328.88    141940.33 
   1985     65-69       67347.29     60694.29    128041.58 
   1985     70-74       60300.77     51391.42    111692.18 
   1985     75-79       41997.47     31812.30     73809.77 
   1985     80-84       27903.85     16690.85     44594.69 
   1985     85-89       13215.57      6527.97     19743.54 
   1985     90-94        4276.99      1694.27      5971.26 
   1985     95-99         807.30       258.11      1065.41 
   1985    100-104         68.45        11.66        80.11 
   1985    105-109          2.50         0.74         3.24 
   1985    110+             0.00         0.00         0.00 
   1986        0        29766.26     31533.25     61299.51 
   1986      1-4       127094.34    134249.88    261344.22 
   1986      5-9       170715.91    179776.50    350492.41 
   1986     10-14      169858.96    178709.30    348568.26 
   1986     15-19      160280.51    168625.26    328905.77 
   1986     20-24      142193.21    144243.45    286436.66 
   1986     25-29      129273.59    128822.43    258096.02 
   1986     30-34      121187.15    122641.11    243828.26 
   1986     35-39      113352.23    116261.42    229613.65 
   1986     40-44       95069.15     99179.01    194248.16 
   1986     45-49       78814.54     82759.74    161574.28 
   1986     50-54       72962.40     75671.00    148633.40 
   1986     55-59       71277.32     70320.38    141597.70 
   1986     60-64       72982.84     67285.75    140268.59 
   1986     65-69       67989.81     60775.49    128765.30 
   1986     70-74       60286.85     50761.58    111048.43 
   1986     75-79       43174.30     32914.94     76089.24 
   1986     80-84       27960.09     16681.77     44641.86 
   1986     85-89       13723.14      6614.78     20337.91 
   1986     90-94        4373.73      1698.50      6072.23 
   1986     95-99         814.62       253.44      1068.06 
   1986    100-104         75.35         9.45        84.80 
   1986    105-109          1.21         0.46         1.67 
   1986    110+             0.00         0.00         0.00 
   1987        0        28919.56     30545.57     59465.13 
   1987      1-4       122663.35    129664.19    252327.54 
   1987      5-9       171041.49    180083.82    351125.31 
   1987     10-14      167812.99    176674.28    344487.28 
   1987     15-19      159975.52    168282.28    328257.80 
   1987     20-24      140899.71    143365.96    284265.66 
   1987     25-29      129896.09    128579.03    258475.12 
   1987     30-34      122736.33    123196.15    245932.48 
   1987     35-39      114565.64    116890.94    231456.58 
   1987     40-44       99889.21    103734.06    203623.26 
   1987     45-49       80051.77     84187.09    164238.86 
   1987     50-54       73709.71     76302.65    150012.36 
   1987     55-59       70708.05     70547.00    141255.05 
   1987     60-64       72358.44     66520.37    138878.81 
   1987     65-69       68662.14     61023.49    129685.64 
   1987     70-74       59820.41     49804.76    109625.17 
   1987     75-79       44743.98     34143.10     78887.08 
   1987     80-84       28284.51     16877.37     45161.88 
   1987     85-89       14045.33      6647.96     20693.29 
   1987     90-94        4450.75      1716.12      6166.87 
   1987     95-99         846.41       245.70      1092.11 
   1987    100-104         76.61         9.88        86.50 
   1987    105-109          1.88         0.24         2.12 
   1987    110+             0.00         0.00         0.00 
   1988        0        27326.66     28750.49     56077.15 
   1988      1-4       118794.65    125629.05    244423.71 
   1988      5-9       169405.63    178621.22    348026.85 
   1988     10-14      166653.57    175314.90    341968.47 
   1988     15-19      160079.38    168454.21    328533.59 
   1988     20-24      138154.53    141060.76    279215.28 
   1988     25-29      130532.00    128292.03    258824.03 
   1988     30-34      123550.54    123094.29    246644.83 
   1988     35-39      115761.65    117556.45    233318.10 
   1988     40-44      104010.76    107602.74    211613.50 
   1988     45-49       82607.54     86595.52    169203.06 
   1988     50-54       74174.22     76699.14    150873.35 
   1988     55-59       70743.55     71127.22    141870.77 
   1988     60-64       71382.48     65834.99    137217.47 
   1988     65-69       69688.92     61563.03    131251.95 
   1988     70-74       59074.63     48862.14    107936.77 
   1988     75-79       46368.70     35151.60     81520.30 
   1988     80-84       28802.47     17289.66     46092.13 
   1988     85-89       14382.82      6722.06     21104.89 
   1988     90-94        4536.87      1736.99      6273.86 
   1988     95-99         891.13       251.75      1142.88 
   1988    100-104         85.39        10.34        95.73 
   1988    105-109          2.91         0.00         2.91 
   1988    110+             0.00         0.00         0.00 
   1989        0        25838.22     27281.79     53120.01 
   1989      1-4       114911.11    121209.05    236120.16 
   1989      5-9       165174.82    174574.79    339749.60 
   1989     10-14      167060.39    175705.27    342765.66 
   1989     15-19      160951.15    169244.96    330196.10 
   1989     20-24      134653.92    138345.18    272999.10 
   1989     25-29      130562.90    127294.41    257857.31 
   1989     30-34      124210.52    122936.15    247146.67 
   1989     35-39      116852.70    118135.81    234988.50 
   1989     40-44      107735.99    110765.98    218501.97 
   1989     45-49       85260.70     89101.43    174362.13 
   1989     50-54       75266.85     77668.45    152935.30 
   1989     55-59       70625.02     71473.50    142098.52 
   1989     60-64       70443.65     65438.36    135882.01 
   1989     65-69       70087.19     61613.27    131700.46 
   1989     70-74       58863.21     48568.75    107431.97 
   1989     75-79       47576.67     35648.54     83225.21 
   1989     80-84       29349.91     17830.73     47180.65 
   1989     85-89       14688.43      6832.23     21520.66 
   1989     90-94        4693.59      1759.33      6452.92 
   1989     95-99         929.31       253.69      1183.00 
   1989    100-104         87.81        15.32       103.13 
   1989    105-109          4.33         0.00         4.33 
   1989    110+             0.00         0.00         0.00 
   1990        0        25464.64     27046.41     52511.05 
   1990      1-4       110742.77    116596.78    227339.56 
   1990      5-9       159651.78    168582.73    328234.51 
   1990     10-14      168317.89    177378.27    345696.17 
   1990     15-19      162233.39    170324.87    332558.25 
   1990     20-24      131699.20    136708.72    268407.92 
   1990     25-29      128708.39    124451.79    253160.18 
   1990     30-34      125019.35    122952.07    247971.42 
   1990     35-39      118134.75    118623.48    236758.23 
   1990     40-44      110430.62    112830.98    223261.60 
   1990     45-49       88705.18     92230.27    180935.45 
   1990     50-54       76374.69     78922.46    155297.15 
   1990     55-59       70657.24     71620.35    142277.59 
   1990     60-64       69578.53     65394.89    134973.42 
   1990     65-69       69979.50     61289.79    131269.29 
   1990     70-74       59339.50     48793.65    108133.15 
   1990     75-79       48241.19     35777.14     84018.33 
   1990     80-84       30103.44     18512.15     48615.59 
   1990     85-89       14983.45      6941.63     21925.08 
   1990     90-94        4931.77      1807.09      6738.86 
   1990     95-99         981.95       259.37      1241.32 
   1990    100-104         82.64        18.61       101.25 
   1990    105-109          6.81         0.00         6.81 
   1990    110+             0.00         0.00         0.00 
   1991        0        25556.09     27192.58     52748.68 
   1991      1-4       107462.69    113013.96    220476.65 
   1991      5-9       154465.42    162972.97    317438.39 
   1991     10-14      169554.00    179174.49    348728.49 
   1991     15-19      162926.58    170841.41    333768.00 
   1991     20-24      131978.96    138635.58    270614.54 
   1991     25-29      126507.88    121652.61    248160.49 
   1991     30-34      126469.71    124037.31    250507.02 
   1991     35-39      119945.70    119180.19    239125.89 
   1991     40-44      112303.87    114070.41    226374.27 
   1991     45-49       93615.24     96963.40    190578.64 
   1991     50-54       77192.39     80115.15    157307.55 
   1991     55-59       71232.94     72079.40    143312.34 
   1991     60-64       68897.23     65740.73    134637.96 
   1991     65-69       69834.45     60837.65    130672.10 
   1991     70-74       60149.90     49307.16    109457.06 
   1991     75-79       48392.21     35628.16     84020.38 
   1991     80-84       31184.23     19375.55     50559.78 
   1991     85-89       15287.02      7066.60     22353.63 
   1991     90-94        5185.61      1882.22      7067.83 
   1991     95-99        1004.58       272.54      1277.12 
   1991    100-104         83.10        16.38        99.47 
   1991    105-109          8.16         0.22         8.38 
   1991    110+             0.00         0.00         0.00 
   1992        0        25064.75     26573.49     51638.24 
   1992      1-4       105450.37    111050.35    216500.72 
   1992      5-9       150200.13    158450.26    308650.39 
   1992     10-14      170150.13    180000.24    350150.37 
   1992     15-19      162150.21    170250.40    332400.60 
   1992     20-24      135500.34    143301.83    278802.17 
   1992     25-29      125600.39    121101.96    246702.36 
   1992     30-34      128400.48    125501.32    253901.80 
   1992     35-39      121900.62    120201.08    242101.70 
   1992     40-44      114151.18    115501.08    229652.25 
   1992     45-49       98651.91    102251.47    200903.38 
   1992     50-54       78902.01     82002.02    160904.03 
   1992     55-59       71903.11     72853.21    144756.32 
   1992     60-64       68703.76     66504.46    135208.23 
   1992     65-69       69154.93     60355.93    129510.86 
   1992     70-74       61305.58     50106.48    111412.07 
   1992     75-79       48055.42     35004.70     83060.12 
   1992     80-84       32382.59     20177.59     52560.18 
   1992     85-89       15681.64      7251.16     22932.81 
   1992     90-94        5379.10      1956.43      7335.54 
   1992     95-99        1016.45       277.99      1294.44 
   1992    100-104         93.71        19.39       113.10 
   1992    105-109          6.98         0.94         7.92 
   1992    110+             0.00         0.00         0.00 
   1993        0        24214.57     25769.65     49984.23 
   1993      1-4       103800.33    109800.35    213600.68 
   1993      5-9       146150.12    154000.28    300150.40 
   1993     10-14      169050.10    179150.32    348200.42 
   1993     15-19      161500.17    169500.42    331000.59 
   1993     20-24      139100.37    147001.75    286102.13 
   1993     25-29      124900.35    121951.76    246852.10 
   1993     30-34      130350.63    126001.52    256352.14 
   1993     35-39      123500.66    121501.00    245001.67 
   1993     40-44      115651.12    116801.22    232452.34 
   1993     45-49      103051.62    106601.52    209653.14 
   1993     50-54       81652.04     84752.28    166404.32 
   1993     55-59       72602.93     73703.74    146306.67 
   1993     60-64       68853.73     67355.22    136208.95 
   1993     65-69       68054.64     59906.68    127961.32 
   1993     70-74       62455.77     50807.59    113263.36 
   1993     75-79       47555.24     34405.71     81960.95 
   1993     80-84       33455.37     20659.08     54114.45 
   1993     85-89       16104.10      7422.57     23526.67 
   1993     90-94        5514.91      1999.56      7514.47 
   1993     95-99        1054.44       284.48      1338.92 
   1993    100-104        103.55        23.29       126.84 
   1993    105-109          3.95         1.24         5.19 
   1993    110+             0.00         0.00         0.00 
   1994        0        23612.46     25168.80     48781.26 
   1994      1-4       102100.23    108200.40    210300.63 
   1994      5-9       142350.07    149900.25    292250.32 
   1994     10-14      165900.06    176000.18    341900.24 
   1994     15-19      162500.23    170050.37    332550.60 
   1994     20-24      141400.45    148252.14    289652.59 
   1994     25-29      125200.42    124001.51    249201.92 
   1994     30-34      131950.51    126401.75    258352.26 
   1994     35-39      125200.69    122651.05    247851.74 
   1994     40-44      117151.17    117951.23    235102.39 
   1994     45-49      107151.82    110101.54    217253.35 
   1994     50-54       84452.34     87652.24    172104.58 
   1994     55-59       74053.11     74953.43    149006.54 
   1994     60-64       68753.73     67855.31    136609.04 
   1994     65-69       67304.98     59706.37    127011.35 
   1994     70-74       62856.21     50757.38    113613.59 
   1994     75-79       47505.82     34455.65     81961.47 
   1994     80-84       34443.59     20983.96     55427.55 
   1994     85-89       16473.72      7653.23     24126.95 
   1994     90-94        5667.69      2023.64      7691.33 
   1994     95-99        1102.37       310.70      1413.07 
   1994    100-104        104.71        22.25       126.96 
   1994    105-109          2.43         0.96         3.39 
   1994    110+             0.00         0.00         0.00 
   1995        0        23527.12     25086.44     48613.56 
   1995      1-4        99615.85    105354.81    204970.66 
   1995      5-9       139154.09    146717.78    285871.87 
   1995     10-14      161305.08    170538.67    331843.76 
   1995     15-19      164493.26    172375.55    336868.82 
   1995     20-24      143205.98    148673.48    291879.46 
   1995     25-29      127791.43    127383.13    255174.55 
   1995     30-34      132897.73    127269.25    260166.98 
   1995     35-39      127818.64    124621.28    252439.92 
   1995     40-44      119239.59    119383.14    238622.72 
   1995     45-49      110343.73    112759.45    223103.18 
   1995     50-54       88816.66     91961.28    180777.95 
   1995     55-59       75501.78     76757.97    152259.75 
   1995     60-64       68931.40     68349.85    137281.24 
   1995     65-69       66780.84     59983.95    126764.79 
   1995     70-74       62664.14     50319.13    112983.26 
   1995     75-79       48239.16     34919.29     83158.46 
   1995     80-84       35113.79     21155.54     56269.34 
   1995     85-89       16964.48      8000.48     24964.95 
   1995     90-94        5843.16      2043.63      7886.79 
   1995     95-99        1151.12       333.61      1484.74 
   1995    100-104        106.88        23.07       129.95 
   1995    105-109          1.98         0.70         2.68 
   1995    110+             0.23         0.00         0.23 
   1996        0        24033.74     25674.42     49708.16 
   1996      1-4        97483.34    103055.80    200539.14 
   1996      5-9       136657.10    143779.22    280436.32 
   1996     10-14      156594.04    165462.21    322056.25 
   1996     15-19      166577.33    175065.03    341642.36 
   1996     20-24      145045.30    150209.21    295254.51 
   1996     25-29      131071.52    130660.84    261732.36 
   1996     30-34      134186.60    128835.79    263022.39 
   1996     35-39      130784.68    127412.22    258196.90 
   1996     40-44      122206.99    121696.72    243903.71 
   1996     45-49      112481.61    114334.04    226815.66 
   1996     50-54       94693.71     97795.39    192489.10 
   1996     55-59       76447.69     78503.94    154951.64 
   1996     60-64       70009.36     69444.91    139454.27 
   1996     65-69       66205.65     60570.76    126776.41 
   1996     70-74       62513.91     50184.37    112698.28 
   1996     75-79       49135.51     35434.49     84570.00 
   1996     80-84       35277.10     21058.87     56335.97 
   1996     85-89       17595.97      8396.59     25992.57 
   1996     90-94        5982.98      2046.21      8029.20 
   1996     95-99        1189.37       336.03      1525.40 
   1996    100-104        116.04        27.26       143.30 
   1996    105-109          1.69         0.46         2.15 
   1996    110+             0.24         0.00         0.24 
   1997        0        25012.37     26564.46     51576.83 
   1997      1-4        97206.81    103205.69    200412.50 
   1997      5-9       134729.79    141217.01    275946.81 
   1997     10-14      152531.59    161271.96    313803.55 
   1997     15-19      167715.92    175857.30    343573.23 
   1997     20-24      146319.51    152088.58    298408.09 
   1997     25-29      134299.11    134053.26    268352.38 
   1997     30-34      135627.20    130745.76    266372.96 
   1997     35-39      133286.87    129896.04    263182.91 
   1997     40-44      124759.64    123945.75    248705.38 
   1997     45-49      114533.80    115692.63    230226.42 
   1997     50-54       99421.06    102871.16    202292.23 
   1997     55-59       78351.17     80561.87    158913.04 
   1997     60-64       70981.92     70479.88    141461.80 
   1997     65-69       65884.28     61437.71    127321.99 
   1997     70-74       62227.95     49934.44    112162.39 
   1997     75-79       50290.82     36097.21     86388.02 
   1997     80-84       35147.90     20827.18     55975.08 
   1997     85-89       18303.46      8782.99     27086.46 
   1997     90-94        6133.02      2078.97      8211.99 
   1997     95-99        1241.53       331.89      1573.42 
   1997    100-104        124.53        27.99       152.52 
   1997    105-109          2.87         0.46         3.33 
   1997    110+             0.00         0.00         0.00 
   1998        0        25703.29     27191.40     52894.69 
   1998      1-4        98316.67    104772.36    203089.03 
   1998      5-9       133063.77    139668.53    272732.29 
   1998     10-14      148937.14    157136.75    306073.89 
   1998     15-19      166749.86    174956.96    341706.83 
   1998     20-24      148023.61    153080.61    301104.22 
   1998     25-29      137202.99    137756.13    274959.12 
   1998     30-34      136752.92    132434.85    269187.78 
   1998     35-39      135973.53    132685.93    268659.46 
   1998     40-44      126573.35    125679.27    252252.62 
   1998     45-49      116245.74    116925.54    233171.28 
   1998     50-54      103478.82    107036.27    210515.09 
   1998     55-59       81007.19     83133.44    164140.63 
   1998     60-64       71877.54     71397.55    143275.09 
   1998     65-69       65905.55     62374.64    128280.19 
   1998     70-74       61701.22     49687.17    111388.39 
   1998     75-79       51555.24     36753.72     88308.96 
   1998     80-84       34901.74     20657.42     55559.15 
   1998     85-89       19057.14      9058.79     28115.93 
   1998     90-94        6311.18      2163.11      8474.30 
   1998     95-99        1287.73       334.37      1622.10 
   1998    100-104        129.54        27.08       156.62 
   1998    105-109          4.62         1.16         5.78 
   1998    110+             0.00         0.00         0.00 
   1999        0        25905.31     27469.19     53374.49 
   1999      1-4       100613.62    107220.16    207833.78 
   1999      5-9       131485.69    138171.92    269657.61 
   1999     10-14      145897.15    153689.25    299586.41 
   1999     15-19      163673.65    172335.38    336009.03 
   1999     20-24      151277.80    154787.23    306065.03 
   1999     25-29      140217.17    141897.10    282114.27 
   1999     30-34      138436.34    134889.54    273325.88 
   1999     35-39      139170.75    135802.90    274973.64 
   1999     40-44      128870.77    127930.72    256801.49 
   1999     45-49      117720.09    118249.50    235969.59 
   1999     50-54      107719.93    111076.72    218796.65 
   1999     55-59       83699.02     85831.88    169530.90 
   1999     60-64       73455.26     73078.24    146533.50 
   1999     65-69       65940.32     62968.60    128908.93 
   1999     70-74       61347.64     49932.56    111280.20 
   1999     75-79       51966.88     36946.47     88913.35 
   1999     80-84       34854.58     20739.28     55593.86 
   1999     85-89       19644.58      9169.38     28813.96 
   1999     90-94        6459.30      2246.77      8706.07 
   1999     95-99        1324.88       338.55      1663.43 
   1999    100-104        128.26        25.84       154.10 
   1999    105-109          4.88         1.70         6.59 
   1999    110+             0.00         0.00         0.00 
   2000        0        26234.69     27912.33     54147.03 
   2000      1-4       103643.13    110007.81    213650.94 
   2000      5-9       129682.35    136513.09    266195.44 
   2000     10-14      143363.72    150894.10    294257.82 
   2000     15-19      159562.97    167935.20    327498.16 
   2000     20-24      154798.03    157963.98    312762.01 
   2000     25-29      145000.00    147066.65    292066.65 
   2000     30-34      141297.14    139380.34    280677.48 
   2000     35-39      142152.39    138826.93    280979.32 
   2000     40-44      131804.56    130546.59    262351.15 
   2000     45-49      119747.48    120423.65    240171.13 
   2000     50-54      110978.93    114080.13    225059.06 
   2000     55-59       87683.76     89824.23    177507.99 
   2000     60-64       74960.29     74864.29    149824.58 
   2000     65-69       66280.14     63489.17    129769.31 
   2000     70-74       60999.77     50486.73    111486.50 
   2000     75-79       52045.38     36980.44     89025.83 
   2000     80-84       35327.43     21145.16     56472.59 
   2000     85-89       19982.38      9233.30     29215.68 
   2000     90-94        6642.52      2363.65      9006.17 
   2000     95-99        1376.97       327.70      1704.67 
   2000    100-104        127.89        24.38       152.27 
   2000    105-109          6.01         0.98         6.99 
   2000    110+             0.00         0.00         0.00 
   2001        0        27150.18     28732.65     55882.83 
   2001      1-4       106519.24    112494.30    219013.54 
   2001      5-9       128405.33    135558.52    263963.85 
   2001     10-14      140988.28    148176.92    289165.21 
   2001     15-19      156136.53    163849.95    319986.48 
   2001     20-24      159239.56    162302.11    321541.67 
   2001     25-29      150190.08    151622.30    301812.38 
   2001     30-34      145655.11    145347.42    291002.53 
   2001     35-39      144640.61    141721.52    286362.14 
   2001     40-44      134730.77    133426.10    268156.87 
   2001     45-49      122297.47    123201.99    245499.46 
   2001     50-54      112928.58    115463.35    228391.93 
   2001     55-59       92957.70     95307.97    188265.67 
   2001     60-64       75781.27     76156.72    151937.99 
   2001     65-69       67220.08     64357.41    131577.49 
   2001     70-74       60672.35     51231.29    111903.63 
   2001     75-79       52270.32     37195.82     89466.14 
   2001     80-84       36173.93     21787.75     57961.68 
   2001     85-89       20232.22      9311.31     29543.53 
   2001     90-94        6969.34      2496.32      9465.66 
   2001     95-99        1428.29       328.54      1756.83 
   2001    100-104        141.51        25.30       166.81 
   2001    105-109          8.09         1.16         9.25 
   2001    110+             0.00         0.00         0.00 
   2002        0        28498.74     29976.25     58474.99 
   2002      1-4       108702.40    114232.65    222935.05 
   2002      5-9       128834.13    136352.51    265186.64 
   2002     10-14      138699.26    145637.36    284336.62 
   2002     15-19      152821.12    159730.40    312551.52 
   2002     20-24      164437.06    166580.96    331018.02 
   2002     25-29      154419.70    155564.35    309984.04 
   2002     30-34      151655.81    151742.32    303398.14 
   2002     35-39      146722.23    144794.02    291516.25 
   2002     40-44      137570.70    136248.11    273818.81 
   2002     45-49      125034.39    125710.38    250744.77 
   2002     50-54      114754.56    116712.29    231466.84 
   2002     55-59       97883.36    100792.71    198676.08 
   2002     60-64       77294.51     78196.41    155490.93 
   2002     65-69       68258.66     65290.20    133548.87 
   2002     70-74       60557.83     52213.21    112771.04 
   2002     75-79       52421.90     37366.70     89788.59 
   2002     80-84       37257.26     22556.13     59813.39 
   2002     85-89       20358.97      9367.09     29726.07 
   2002     90-94        7398.62      2606.39     10005.02 
   2002     95-99        1475.15       351.05      1826.20 
   2002    100-104        156.14        28.84       184.98 
   2002    105-109          8.85         1.48        10.33 
   2002    110+             0.00         0.00         0.00 
   2003        0        29568.06     31034.92     60602.98 
   2003      1-4       110390.90    115592.08    225982.99 
   2003      5-9       131271.05    138802.29    270073.34 
   2003     10-14      136784.45    143936.74    280721.20 
   2003     15-19      148683.02    155480.84    304163.86 
   2003     20-24      167174.96    168014.85    335189.82 
   2003     25-29      158863.04    159639.11    318502.15 
   2003     30-34      158474.86    157904.80    316379.66 
   2003     35-39      148993.86    148717.44    297711.30 
   2003     40-44      140901.59    139554.80    280456.39 
   2003     45-49      127553.38    127768.44    255321.82 
   2003     50-54      116714.94    118618.93    235333.87 
   2003     55-59      102179.29    105373.67    207552.96 
   2003     60-64       80032.03     81276.54    161308.57 
   2003     65-69       69249.65     66284.51    135534.15 
   2003     70-74       60803.52     53504.42    114307.94 
   2003     75-79       52294.66     37510.93     89805.59 
   2003     80-84       38498.06     23392.68     61890.74 
   2003     85-89       20470.35      9518.97     29989.33 
   2003     90-94        7826.63      2717.63     10544.26 
   2003     95-99        1536.29       374.41      1910.71 
   2003    100-104        160.48        32.18       192.66 
   2003    105-109          9.33         0.52         9.85 
   2003    110+             0.00         0.00         0.00 
   2004        0        29848.84     31424.20     61273.04 
   2004      1-4       112753.24    117866.37    230619.61 
   2004      5-9       134229.81    141821.78    276051.59 
   2004     10-14      135290.47    142739.24    278029.71 
   2004     15-19      145159.52    152133.46    297292.98 
   2004     20-24      168331.98    168666.67    336998.65 
   2004     25-29      165014.81    166307.68    331322.49 
   2004     30-34      163887.88    163731.77    327619.65 
   2004     35-39      151930.29    153607.54    305537.82 
   2004     40-44      144322.62    143589.23    287911.85 
   2004     45-49      130243.05    130394.87    260637.91 
   2004     50-54      118565.43    120862.11    239427.55 
   2004     55-59      106313.69    109212.24    215525.93 
   2004     60-64       82971.23     84372.47    167343.70 
   2004     65-69       70563.09     67754.72    138317.81 
   2004     70-74       61259.63     54781.53    116041.16 
   2004     75-79       52214.67     38078.40     90293.06 
   2004     80-84       39579.41     24158.40     63737.82 
   2004     85-89       20879.30      9905.10     30784.40 
   2004     90-94        8232.14      2812.28     11044.42 
   2004     95-99        1623.58       389.35      2012.93 
   2004    100-104        162.68        32.37       195.06 
   2004    105-109          8.39         0.22         8.62 
   2004    110+             0.00         0.00         0.00 
   2005        0        29738.26     31429.05     61167.31 
   2005      1-4       115727.05    120893.73    236620.79 
   2005      5-9       137385.68    145231.50    282617.18 
   2005     10-14      134193.77    141640.69    275834.47 
   2005     15-19      143083.75    149817.07    292900.83 
   2005     20-24      170159.16    171705.33    341864.49 
   2005     25-29      174806.18    178237.22    353043.40 
   2005     30-34      168092.04    170465.29    338557.33 
   2005     35-39      155065.98    158781.30    313847.28 
   2005     40-44      147371.43    147601.65    294973.08 
   2005     45-49      133486.93    134017.79    267504.72 
   2005     50-54      120600.84    122931.24    243532.08 
   2005     55-59      109305.27    111921.79    221227.06 
   2005     60-64       86259.43     87697.64    173957.07 
   2005     65-69       71381.38     69129.03    140510.41 
   2005     70-74       61612.00     55564.14    117176.14 
   2005     75-79       52062.79     38957.36     91020.15 
   2005     80-84       40339.90     24740.38     65080.28 
   2005     85-89       21672.72     10500.88     32173.59 
   2005     90-94        8602.54      2940.93     11543.47 
   2005     95-99        1730.44       422.09      2152.53 
   2005    100-104        180.79        29.78       210.58 
   2005    105-109          6.87         1.16         8.03 
   2005    110+             0.00         0.00         0.00 
   2006        0        30625.08     32343.44     62968.53 
   2006      1-4       117858.27    123604.42    241462.70 
   2006      5-9       141589.21    148905.02    290494.22 
   2006     10-14      133999.39    141307.77    275307.16 
   2006     15-19      142950.43    148401.68    291352.11 
   2006     20-24      175938.58    179046.89    354985.46 
   2006     25-29      187370.72    192271.40    379642.12 
   2006     30-34      172731.82    178200.17    350931.99 
   2006     35-39      159450.14    165096.98    324547.12 
   2006     40-44      150400.00    151527.41    301927.40 
   2006     45-49      137133.42    138093.66    275227.08 
   2006     50-54      123223.34    125115.29    248338.63 
   2006     55-59      111215.99    113739.24    224955.23 
   2006     60-64       90521.81     92039.95    182561.76 
   2006     65-69       71728.22     70483.80    142212.02 
   2006     70-74       62014.66     56158.88    118173.54 
   2006     75-79       51799.58     39963.98     91763.56 
   2006     80-84       40819.84     25206.55     66026.39 
   2006     85-89       22612.31     11126.23     33738.54 
   2006     90-94        8868.98      3052.04     11921.02 
   2006     95-99        1871.81       469.52      2341.32 
   2006    100-104        199.64        24.62       224.26 
   2006    105-109          5.10         1.92         7.02 
   2006    110+             0.00         0.00         0.00 
   2007        0        33058.75     34692.48     67751.22 
   2007      1-4       120028.80    126368.82    246397.61 
   2007      5-9       146293.37    152896.54    299189.91 
   2007     10-14      135590.29    142930.35    278520.65 
   2007     15-19      144437.10    148398.53    292835.63 
   2007     20-24      183406.87    185507.73    368914.60 
   2007     25-29      197737.04    201539.36    399276.40 
   2007     30-34      178107.50    184202.23    362309.73 
   2007     35-39      165577.94    172324.47    337902.41 
   2007     40-44      153691.46    155149.10    308840.57 
   2007     45-49      140909.37    141824.71    282734.08 
   2007     50-54      126262.65    127662.37    253925.03 
   2007     55-59      113346.51    115633.38    228979.89 
   2007     60-64       95298.67     97076.17    192374.83 
   2007     65-69       73233.70     72503.29    145736.98 
   2007     70-74       62821.61     57155.98    119977.60 
   2007     75-79       51817.85     41240.96     93058.81 
   2007     80-84       40954.83     25543.89     66498.71 
   2007     85-89       23669.38     11764.99     35434.37 
   2007     90-94        9083.08      3148.56     12231.64 
   2007     95-99        2045.75       499.94      2545.68 
   2007    100-104        209.99        27.91       237.91 
   2007    105-109          5.67         1.00         6.68 
   2007    110+             0.00         0.00         0.00 
   2008        0        35202.59     36767.98     71970.56 
   2008      1-4       123921.77    130195.18    254116.95 
   2008      5-9       150084.26    156441.45    306525.71 
   2008     10-14      138586.82    146209.44    284796.26 
   2008     15-19      144966.83    149551.46    294518.30 
   2008     20-24      184433.87    182067.63    366501.50 
   2008     25-29      202140.50    202166.60    404307.10 
   2008     30-34      183146.17    186959.34    370105.51 
   2008     35-39      171785.40    177653.03    349438.43 
   2008     40-44      156104.14    157792.63    313896.76 
   2008     45-49      144704.39    145254.11    289958.50 
   2008     50-54      128902.78    129932.41    258835.19 
   2008     55-59      115566.85    117471.77    233038.63 
   2008     60-64       99627.52    101696.19    201323.71 
   2008     65-69       76094.60     75341.38    151435.98 
   2008     70-74       63875.92     58527.59    122403.51 
   2008     75-79       52306.43     42714.39     95020.82 
   2008     80-84       40821.69     25935.08     66756.76 
   2008     85-89       24819.79     12513.96     37333.74 
   2008     90-94        9369.62      3311.66     12681.28 
   2008     95-99        2209.59       521.78      2731.36 
   2008    100-104        232.08        36.88       268.96 
   2008    105-109          9.41         0.22         9.62 
   2008    110+             0.00         0.00         0.00 
   2009        0        36060.55     37857.53     73918.08 
   2009      1-4       128924.93    134982.97    263907.90 
   2009      5-9       152419.38    159022.96    311442.34 
   2009     10-14      141743.01    149683.75    291426.75 
   2009     15-19      143429.25    149305.81    292735.06 
   2009     20-24      176550.54    170609.75    347160.30 
   2009     25-29      199989.63    194943.52    394933.15 
   2009     30-34      187650.66    188517.79    376168.45 
   2009     35-39      176259.45    180159.01    356418.46 
   2009     40-44      157923.88    160148.23    318072.10 
   2009     45-49      148367.58    148106.99    296474.58 
   2009     50-54      131460.16    132043.74    263503.90 
   2009     55-59      117605.52    119060.41    236665.93 
   2009     60-64      103495.68    105331.43    208827.11 
   2009     65-69       79375.90     78747.85    158123.75 
   2009     70-74       65115.23     60258.61    125373.83 
   2009     75-79       53165.89     44116.17     97282.06 
   2009     80-84       40822.38     26636.17     67458.55 
   2009     85-89       25801.75     13242.49     39044.24 
   2009     90-94        9824.16      3569.90     13394.07 
   2009     95-99        2376.42       558.83      2935.25 
   2009    100-104        253.39        41.62       295.01 
   2009    105-109         11.73         1.16        12.89 
   2009    110+             0.00         0.00         0.00 
   2010        0        36078.33     37810.08     73888.41 
   2010      1-4       134200.74    140456.84    274657.59 
   2010      5-9       154390.17    161446.88    315837.05 
   2010     10-14      144526.70    152527.72    297054.42 
   2010     15-19      140465.21    146671.06    287136.28 
   2010     20-24      162543.08    157932.78    320475.86 
   2010     25-29      193727.11    183955.43    377682.55 
   2010     30-34      193216.06    191360.00    384576.05 
   2010     35-39      179192.04    181224.57    360416.61 
   2010     40-44      160610.59    163139.09    323749.68 
   2010     45-49      151254.11    150053.82    301307.92 
   2010     50-54      134483.49    134446.68    268930.17 
   2010     55-59      119789.85    120602.90    240392.75 
   2010     60-64      106420.74    107792.23    214212.97 
   2010     65-69       83126.49     82468.88    165595.37 
   2010     70-74       66344.28     61906.64    128250.93 
   2010     75-79       54190.75     45383.62     99574.37 
   2010     80-84       41135.90     27532.01     68667.91 
   2010     85-89       26459.52     13807.74     40267.26 
   2010     90-94       10420.45      3905.61     14326.06 
   2010     95-99        2551.69       610.57      3162.26 
   2010    100-104        275.80        41.60       317.40 
   2010    105-109         13.37         1.70        15.07 
   2010    110+             0.00         0.00         0.00 
   2011        0        35998.98     37573.33     73572.32 
   2011      1-4       139018.63    145221.79    284240.42 
   2011      5-9       156718.03    164039.48    320757.51 
   2011     10-14      147064.72    154806.50    301871.22 
   2011     15-19      136934.61    143426.66    280361.28 
   2011     20-24      148458.63    146687.99    295146.63 
   2011     25-29      185312.03    172544.43    357856.47 
   2011     30-34      198377.47    192855.98    391233.45 
   2011     35-39      181414.33    181628.45    363042.79 
   2011     40-44      164184.24    166320.90    330505.15 
   2011     45-49      153377.58    151717.27    305094.84 
   2011     50-54      137644.92    136781.45    274426.38 
   2011     55-59      122235.60    122242.57    244478.17 
   2011     60-64      108431.96    109255.73    217687.69 
   2011     65-69       87417.89     86803.55    174221.44 
   2011     70-74       67451.31     63306.74    130758.06 
   2011     75-79       55204.77     46639.91    101844.68 
   2011     80-84       41476.16     28552.09     70028.26 
   2011     85-89       26879.29     14261.35     41140.63 
   2011     90-94       11027.67      4266.11     15293.79 
   2011     95-99        2680.89       663.18      3344.07 
   2011    100-104        301.87        38.24       340.11 
   2011    105-109         14.49         1.24        15.73 
   2011    110+             0.00         0.00         0.00 
   2012        0        35715.05     37346.45     73061.50 
   2012      1-4       142528.14    148211.48    290739.61 
   2012      5-9       159939.25    167073.78    327013.03 
   2012     10-14      149405.43    156580.45    305985.89 
   2012     15-19      134418.44    141660.14    276078.58 
   2012     20-24      136359.51    137623.01    273982.53 
   2012     25-29      174947.24    161807.35    336754.58 
   2012     30-34      200429.66    190293.75    390723.41 
   2012     35-39      182811.08    181160.53    363971.61 
   2012     40-44      168025.64    169267.77    337293.41 
   2012     45-49      155257.96    153724.51    308982.47 
   2012     50-54      140494.15    138816.93    279311.08 
   2012     55-59      124645.17    123805.51    248450.68 
   2012     60-64      110506.88    110367.12    220873.99 
   2012     65-69       91691.17     91301.73    182992.90 
   2012     70-74       69107.97     65200.47    134308.44 
   2012     75-79       56209.38     47876.16    104085.54 
   2012     80-84       41738.39     29696.28     71434.66 
   2012     85-89       27089.65     14565.67     41655.32 
   2012     90-94       11653.10      4637.45     16290.55 
   2012     95-99        2774.21       704.28      3478.49 
   2012    100-104        328.41        42.41       370.83 
   2012    105-109         14.43         1.00        15.43 
   2012    110+             0.00         0.00         0.00 
   2013        0        34497.95     36152.52     70650.47 
   2013      1-4       144290.27    149531.58    293821.84 
   2013      5-9       164066.42    170949.61    335016.03 
   2013     10-14      151259.36    157984.90    309244.26 
   2013     15-19      134051.61    142277.93    276329.54 
   2013     20-24      126072.69    130258.82    256331.51 
   2013     25-29      165072.18    152627.71    317699.89 
   2013     30-34      199234.30    185577.46    384811.75 
   2013     35-39      184251.12    180625.52    364876.64 
   2013     40-44      171735.36    171910.66    343646.03 
   2013     45-49      156642.42    155900.33    312542.75 
   2013     50-54      143459.23    141253.37    284712.60 
   2013     55-59      126772.30    125395.70    252167.99 
   2013     60-64      112567.27    111544.59    224111.86 
   2013     65-69       95568.43     95182.27    190750.71 
   2013     70-74       71451.71     67783.36    139235.07 
   2013     75-79       57269.39     49141.60    106410.99 
   2013     80-84       42252.48     30955.91     73208.40 
   2013     85-89       27024.77     14763.82     41788.59 
   2013     90-94       12219.12      5008.72     17227.84 
   2013     95-99        2863.03       757.19      3620.21 
   2013    100-104        352.51        50.67       403.18 
   2013    105-109         13.61         1.00        14.61 
   2013    110+             0.00         0.00         0.00 
   2014        0        33397.70     35243.18     68640.88 
   2014      1-4       144218.04    149587.48    293805.52 
   2014      5-9       168937.99    175393.37    344331.36 
   2014     10-14      152993.32    159686.69    312680.00 
   2014     15-19      135541.23    144351.87    279893.10 
   2014     20-24      118674.42    123842.71    242517.13 
   2014     25-29      156648.14    145325.42    301973.56 
   2014     30-34      195306.34    179050.19    374356.54 
   2014     35-39      187018.06    180931.26    367949.31 
   2014     40-44      174953.47    173694.42    348647.90 
   2014     45-49      158143.23    157981.14    316124.37 
   2014     50-54      146896.03    143974.76    290870.79 
   2014     55-59      129012.22    127307.37    256319.60 
   2014     60-64      114590.51    112946.70    227537.21 
   2014     65-69       99261.67     98316.28    197577.95 
   2014     70-74       74090.01     70659.74    144749.75 
   2014     75-79       58351.27     50618.18    108969.46 
   2014     80-84       43092.04     32196.85     75288.89 
   2014     85-89       26942.62     15067.36     42009.98 
   2014     90-94       12735.78      5427.73     18163.51 
   2014     95-99        3022.18       851.03      3873.21 
   2014    100-104        384.67        57.40       442.06 
   2014    105-109         14.89         0.82        15.71 
   2014    110+             0.00         0.00         0.00 
