Slovakia, Exposure to risk (period 5x1)     Last modified: 29-Sep-2015, MPv5 (May07)

   Year      Age       Female          Male         Total
   1950        0        43102.00     45586.22     88688.22 
   1950      1-4       145698.57    150661.70    296360.27 
   1950      5-9       159221.70    161002.33    320224.02 
   1950     10-14      149285.59    150117.47    299403.06 
   1950     15-19      152747.11    151423.98    304171.09 
   1950     20-24      153285.73    148354.93    301640.66 
   1950     25-29      157013.73    151757.66    308771.39 
   1950     30-34       91510.38     86853.31    178363.68 
   1950     35-39      126345.50    117370.59    243716.09 
   1950     40-44      125726.18    119411.44    245137.62 
   1950     45-49      113471.06    106139.07    219610.13 
   1950     50-54       99187.28     86716.98    185904.26 
   1950     55-59       74284.31     61040.24    135324.55 
   1950     60-64       63637.35     48391.69    112029.04 
   1950     65-69       50620.44     38712.12     89332.56 
   1950     70-74       36706.55     29371.27     66077.82 
   1950     75-79       25979.15     18550.05     44529.20 
   1950     80-84       12003.26      9268.49     21271.74 
   1950     85-89        4324.79      2729.02      7053.81 
   1950     90-94         902.77       507.61      1410.39 
   1950     95-99         116.83        54.66       171.49 
   1950    100-104         11.00         5.22        16.22 
   1950    105-109          0.00         0.00         0.00 
   1950    110+             0.00         0.00         0.00 
   1951        0        45338.80     47845.33     93184.13 
   1951      1-4       153377.31    159898.66    313275.97 
   1951      5-9       161141.71    163186.45    324328.17 
   1951     10-14      150741.39    152100.85    302842.24 
   1951     15-19      150128.25    149507.63    299635.88 
   1951     20-24      153881.97    149721.05    303603.02 
   1951     25-29      157206.53    152108.87    309315.40 
   1951     30-34      103996.67     99682.38    203679.05 
   1951     35-39      117439.90    108982.94    226422.85 
   1951     40-44      127628.83    121896.16    249524.99 
   1951     45-49      114274.01    107010.18    221284.19 
   1951     50-54      102419.75     91766.38    194186.13 
   1951     55-59       78817.73     65175.41    143993.14 
   1951     60-64       63774.31     49055.48    112829.79 
   1951     65-69       52199.07     38953.00     91152.07 
   1951     70-74       36916.25     29750.63     66666.88 
   1951     75-79       26269.94     19082.79     45352.73 
   1951     80-84       12398.09      9609.00     22007.10 
   1951     85-89        4517.72      2819.95      7337.68 
   1951     90-94         949.85       552.93      1502.78 
   1951     95-99         106.80        48.26       155.06 
   1951    100-104         11.85         4.75        16.60 
   1951    105-109          0.00         0.00         0.00 
   1951    110+             0.00         0.00         0.00 
   1952        0        46199.56     48693.83     94893.38 
   1952      1-4       161647.70    169082.53    330730.23 
   1952      5-9       165139.94    168063.70    333203.64 
   1952     10-14      152768.78    154781.37    307550.15 
   1952     15-19      147341.33    147426.19    294767.52 
   1952     20-24      154350.36    150766.18    305116.54 
   1952     25-29      155363.32    150564.64    305927.96 
   1952     30-34      121863.75    117163.93    239027.68 
   1952     35-39      105085.91     97880.59    202966.50 
   1952     40-44      129021.20    123453.06    252474.25 
   1952     45-49      115835.46    108815.38    224650.84 
   1952     50-54      104932.42     96030.89    200963.31 
   1952     55-59       83591.06     69577.15    153168.21 
   1952     60-64       64220.58     49803.54    114024.13 
   1952     65-69       53430.05     39487.84     92917.90 
   1952     70-74       37995.57     30308.71     68304.28 
   1952     75-79       26275.68     19454.73     45730.41 
   1952     80-84       12747.59      9824.38     22571.97 
   1952     85-89        4610.46      2948.23      7558.69 
   1952     90-94         991.50       569.23      1560.73 
   1952     95-99         105.35        48.64       153.99 
   1952    100-104          9.20         2.64        11.83 
   1952    105-109          0.00         0.00         0.00 
   1952    110+             0.00         0.00         0.00 
   1953        0        46245.37     49066.89     95312.26 
   1953      1-4       168933.88    176899.45    345833.33 
   1953      5-9       171445.35    175491.70    346937.05 
   1953     10-14      154841.62    157602.53    312444.15 
   1953     15-19      145481.14    146234.82    291715.96 
   1953     20-24      154119.35    151103.89    305223.23 
   1953     25-29      153096.98    148525.83    301622.81 
   1953     30-34      140025.65    134965.64    274991.28 
   1953     35-39       92579.02     86805.57    179384.59 
   1953     40-44      129851.54    124038.89    253890.43 
   1953     45-49      118204.86    111848.45    230053.31 
   1953     50-54      107330.29     99746.46    207076.74 
   1953     55-59       87788.69     73783.54    161572.23 
   1953     60-64       65049.44     50965.41    116014.86 
   1953     65-69       54746.31     40270.22     95016.53 
   1953     70-74       39244.41     30680.21     69924.61 
   1953     75-79       26130.20     19570.74     45700.94 
   1953     80-84       13185.55     10033.21     23218.76 
   1953     85-89        4615.38      3081.69      7697.08 
   1953     90-94        1026.99       563.20      1590.18 
   1953     95-99         115.73        60.77       176.50 
   1953    100-104          4.54         0.51         5.05 
   1953    105-109          0.00         0.00         0.00 
   1953    110+             0.00         0.00         0.00 
   1954        0        46009.14     49011.60     95020.73 
   1954      1-4       175122.96    183869.53    358992.49 
   1954      5-9       178491.23    183809.90    362301.12 
   1954     10-14      156940.89    160247.31    317188.20 
   1954     15-19      145336.41    146285.42    291621.83 
   1954     20-24      152594.85    150718.15    303313.00 
   1954     25-29      151860.57    147425.33    299285.89 
   1954     30-34      151791.30    146651.84    298443.14 
   1954     35-39       86079.21     81554.33    167633.53 
   1954     40-44      129453.29    123244.53    252697.81 
   1954     45-49      121088.10    115642.45    236730.55 
   1954     50-54      109541.51    102642.85    212184.36 
   1954     55-59       91550.23     78182.73    169732.96 
   1954     60-64       66878.33     52995.97    119874.31 
   1954     65-69       55885.71     41139.06     97024.77 
   1954     70-74       40374.18     30780.56     71154.74 
   1954     75-79       26122.76     19672.54     45795.29 
   1954     80-84       13431.14     10088.38     23519.52 
   1954     85-89        4657.51      3272.71      7930.22 
   1954     90-94        1064.69       564.11      1628.79 
   1954     95-99         121.59        70.05       191.64 
   1954    100-104          2.02         2.10         4.12 
   1954    105-109          0.00         0.00         0.00 
   1954    110+             0.00         0.00         0.00 
   1955        0        46469.98     49237.28     95707.26 
   1955      1-4       179143.29    188564.80    367708.10 
   1955      5-9       187378.99    194283.29    381662.29 
   1955     10-14      158653.84    161815.96    320469.80 
   1955     15-19      146437.36    147902.40    294339.76 
   1955     20-24      150303.05    149374.73    299677.78 
   1955     25-29      152047.84    148099.77    300147.60 
   1955     30-34      156092.49    151143.20    307235.70 
   1955     35-39       89584.31     85772.83    175357.14 
   1955     40-44      125491.85    119210.34    244702.18 
   1955     45-49      123782.29    119161.84    242944.13 
   1955     50-54      110756.10    104135.78    214891.89 
   1955     55-59       95357.13     83163.86    178520.99 
   1955     60-64       70347.35     56315.23    126662.57 
   1955     65-69       56392.70     41798.21     98190.90 
   1955     70-74       41763.50     30859.66     72623.15 
   1955     75-79       26204.34     19921.42     46125.76 
   1955     80-84       13804.90     10207.55     24012.45 
   1955     85-89        4863.73      3498.01      8361.74 
   1955     90-94        1085.50       591.17      1676.67 
   1955     95-99         127.22        73.14       200.36 
   1955    100-104          2.12         3.44         5.56 
   1955    105-109          0.00         0.00         0.00 
   1955    110+             0.00         0.00         0.00 
   1956        0        47072.51     49435.51     96508.02 
   1956      1-4       181086.13    190758.73    371844.86 
   1956      5-9       198460.35    206637.07    405097.43 
   1956     10-14      160526.66    163583.98    324110.65 
   1956     15-19      148362.89    150966.44    299329.32 
   1956     20-24      147519.94    146947.08    294467.02 
   1956     25-29      152610.29    149375.16    301985.45 
   1956     30-34      156468.55    151795.39    308263.94 
   1956     35-39      102498.37     98633.03    201131.40 
   1956     40-44      116536.72    110709.02    227245.74 
   1956     45-49      125646.77    121722.85    247369.62 
   1956     50-54      111669.62    105165.65    216835.27 
   1956     55-59       98550.34     87941.42    186491.75 
   1956     60-64       74801.75     60458.30    135260.05 
   1956     65-69       56911.92     42466.65     99378.58 
   1956     70-74       42959.21     31077.44     74036.64 
   1956     75-79       26632.97     20255.44     46888.41 
   1956     80-84       14360.75     10409.08     24769.82 
   1956     85-89        5051.19      3604.04      8655.23 
   1956     90-94        1105.96       624.84      1730.80 
   1956     95-99         125.49        71.27       196.76 
   1956    100-104          3.45         4.41         7.86 
   1956    105-109          0.00         0.00         0.00 
   1956    110+             0.00         0.00         0.00 
   1957        0        46384.52     49095.74     95480.26 
   1957      1-4       182499.53    191754.04    374253.57 
   1957      5-9       208055.96    217018.05    425074.01 
   1957     10-14      164958.81    168680.01    333638.82 
   1957     15-19      150986.36    154390.84    305377.20 
   1957     20-24      144321.46    144355.31    288676.77 
   1957     25-29      153137.27    150336.19    303473.46 
   1957     30-34      154531.21    150448.19    304979.40 
   1957     35-39      120822.06    116352.53    237174.58 
   1957     40-44      104120.13     99124.61    203244.73 
   1957     45-49      127153.20    123587.64    250740.84 
   1957     50-54      113203.03    107056.99    220260.02 
   1957     55-59      101106.84     92073.29    193180.13 
   1957     60-64       79310.65     64729.72    144040.37 
   1957     65-69       57654.88     43193.96    100848.83 
   1957     70-74       43758.50     31363.72     75122.22 
   1957     75-79       27604.12     20695.23     48299.36 
   1957     80-84       14592.60     10408.02     25000.62 
   1957     85-89        5157.88      3636.91      8794.78 
   1957     90-94        1131.04       640.86      1771.90 
   1957     95-99         124.14        66.24       190.38 
   1957    100-104          5.25         3.12         8.37 
   1957    105-109          0.00         0.00         0.00 
   1957    110+             0.00         0.00         0.00 
   1958        0        44975.54     47610.48     92586.02 
   1958      1-4       183126.24    191891.00    375017.25 
   1958      5-9       215021.46    224688.85    439710.32 
   1958     10-14      172153.01    176845.66    348998.67 
   1958     15-19      153442.55    157613.02    311055.57 
   1958     20-24      142221.36    142920.76    285142.12 
   1958     25-29      152841.36    150423.93    303265.30 
   1958     30-34      152219.02    148641.82    300860.84 
   1958     35-39      139827.83    134851.14    274678.97 
   1958     40-44       90917.61     86881.28    177798.89 
   1958     45-49      128135.99    124444.15    252580.14 
   1958     50-54      115492.69    110192.89    225685.58 
   1958     55-59      103627.50     95765.32    199392.82 
   1958     60-64       83221.36     68761.21    151982.57 
   1958     65-69       58752.60     44260.27    103012.87 
   1958     70-74       44988.66     32022.89     77011.55 
   1958     75-79       28678.37     21082.18     49760.55 
   1958     80-84       14734.71     10355.07     25089.77 
   1958     85-89        5342.49      3675.40      9017.90 
   1958     90-94        1141.22       664.81      1806.03 
   1958     95-99         128.39        61.31       189.70 
   1958    100-104          8.03         1.78         9.80 
   1958    105-109          0.00         0.00         0.00 
   1958    110+             0.00         0.00         0.00 
   1959        0        43103.62     45357.76     88461.38 
   1959      1-4       182433.47    190746.85    373180.32 
   1959      5-9       221027.85    231216.55    452244.40 
   1959     10-14      179621.14    185221.38    364842.52 
   1959     15-19      156082.48    160904.71    316987.18 
   1959     20-24      142242.07    143094.25    285336.32 
   1959     25-29      150856.85    149430.26    300287.11 
   1959     30-34      150990.25    147491.51    298481.76 
   1959     35-39      151715.10    146649.86    298364.96 
   1959     40-44       84003.77     80829.46    164833.23 
   1959     45-49      128096.96    124163.06    252260.02 
   1959     50-54      118491.24    114245.71    232736.96 
   1959     55-59      106015.02     98767.39    204782.41 
   1959     60-64       86573.62     72730.68    159304.30 
   1959     65-69       60906.89     46214.08    107120.97 
   1959     70-74       46186.93     32739.05     78925.98 
   1959     75-79       29669.16     21263.88     50933.04 
   1959     80-84       15077.91     10521.87     25599.78 
   1959     85-89        5541.48      3717.94      9259.42 
   1959     90-94        1159.94       718.80      1878.74 
   1959     95-99         135.47        66.60       202.07 
   1959    100-104          7.20         2.38         9.58 
   1959    105-109          0.00         0.00         0.00 
   1959    110+             0.00         0.00         0.00 
   1960        0        41986.40     44425.26     86411.66 
   1960      1-4       179235.45    187277.65    366513.10 
   1960      5-9       225600.51    235621.52    461222.03 
   1960     10-14      188921.07    195617.84    384538.91 
   1960     15-19      158153.86    162625.87    320779.73 
   1960     20-24      143643.86    145368.24    289012.10 
   1960     25-29      148216.97    147486.92    295703.88 
   1960     30-34      151202.86    148082.63    299285.49 
   1960     35-39      155523.35    150718.80    306242.15 
   1960     40-44       87643.07     84723.61    172366.68 
   1960     45-49      124433.75    120626.14    245059.89 
   1960     50-54      121328.77    117861.43    239190.19 
   1960     55-59      107362.48    100486.57    207849.05 
   1960     60-64       90141.56     77320.13    167461.69 
   1960     65-69       64463.24     49504.46    113967.70 
   1960     70-74       46693.30     33109.85     79803.15 
   1960     75-79       30740.14     21488.34     52228.49 
   1960     80-84       15364.42     10684.99     26049.41 
   1960     85-89        5707.88      3790.76      9498.64 
   1960     90-94        1231.03       773.02      2004.05 
   1960     95-99         143.59        69.32       212.91 
   1960    100-104          4.85         2.07         6.92 
   1960    105-109          0.00         0.00         0.00 
   1960    110+             0.00         0.00         0.00 
   1961        0        41966.01     44159.67     86125.68 
   1961      1-4       174447.33    182806.40    357253.72 
   1961      5-9       228017.45    237351.97    465369.42 
   1961     10-14      200792.21    208420.76    409212.97 
   1961     15-19      159949.93    163894.11    323844.04 
   1961     20-24      145994.59    149438.04    295432.63 
   1961     25-29      145125.62    144467.07    289592.69 
   1961     30-34      151619.29    149157.43    300776.72 
   1961     35-39      155925.64    151495.42    307421.05 
   1961     40-44      100967.87     97563.19    198531.06 
   1961     45-49      115406.07    112014.65    227420.72 
   1961     50-54      123173.87    120404.66    243578.53 
   1961     55-59      108311.95    101690.53    210002.48 
   1961     60-64       93350.04     81830.59    175180.63 
   1961     65-69       68700.85     53539.41    122240.26 
   1961     70-74       47514.47     33823.32     81337.78 
   1961     75-79       31622.00     21776.31     53398.31 
   1961     80-84       15748.31     10824.53     26572.84 
   1961     85-89        6020.59      3943.39      9963.97 
   1961     90-94        1329.55       824.50      2154.06 
   1961     95-99         146.85        73.81       220.67 
   1961    100-104          4.70         1.00         5.70 
   1961    105-109          0.00         0.00         0.00 
   1961    110+             0.00         0.00         0.00 
   1962        0        40921.74     42980.35     83902.09 
   1962      1-4       170131.94    178474.45    348606.39 
   1962      5-9       228564.00    237649.28    466213.28 
   1962     10-14      209829.94    218227.39    428057.33 
   1962     15-19      164252.16    168358.27    332610.44 
   1962     20-24      148906.45    152755.50    301661.95 
   1962     25-29      141572.67    141221.27    282793.94 
   1962     30-34      152025.83    149766.33    301792.16 
   1962     35-39      153720.61    149919.83    303640.45 
   1962     40-44      119623.72    115240.55    234864.28 
   1962     45-49      102942.34     99756.39    202698.72 
   1962     50-54      124688.23    122175.61    246863.83 
   1962     55-59      109755.45    103307.56    213063.00 
   1962     60-64       95920.44     85486.00    181406.44 
   1962     65-69       72776.22     57315.44    130091.67 
   1962     70-74       48545.95     34526.44     83072.39 
   1962     75-79       32019.33     21839.61     53858.94 
   1962     80-84       16450.63     11076.49     27527.13 
   1962     85-89        6109.30      3943.94     10053.24 
   1962     90-94        1348.97       826.15      2175.12 
   1962     95-99         148.06        70.14       218.19 
   1962    100-104          5.18         0.83         6.01 
   1962    105-109          0.00         0.00         0.00 
   1962    110+             0.00         0.00         0.00 
   1963        0        40842.84     43079.92     83922.76 
   1963      1-4       166040.03    174279.23    340319.27 
   1963      5-9       227463.39    236430.45    463893.83 
   1963     10-14      215327.61    224619.00    439946.61 
   1963     15-19      171028.88    175572.99    346601.88 
   1963     20-24      151098.83    154615.72    305714.55 
   1963     25-29      139412.00    139187.17    278599.17 
   1963     30-34      151497.45    149221.05    300718.49 
   1963     35-39      151239.05    147749.00    298988.05 
   1963     40-44      138836.73    133526.06    272362.79 
   1963     45-49       89380.62     86304.22    175684.84 
   1963     50-54      125679.84    122606.94    248286.78 
   1963     55-59      111865.06    105822.61    217687.67 
   1963     60-64       98435.55     88591.28    187026.83 
   1963     65-69       76151.67     60663.83    136815.50 
   1963     70-74       49826.79     35399.51     85226.29 
   1963     75-79       32880.00     22175.66     55055.67 
   1963     80-84       17098.43     11370.75     28469.17 
   1963     85-89        6176.55      3940.72     10117.26 
   1963     90-94        1389.39       810.63      2200.02 
   1963     95-99         164.25        71.25       235.50 
   1963    100-104          6.29         1.87         8.17 
   1963    105-109          0.00         0.00         0.00 
   1963    110+             0.00         0.00         0.00 
   1964        0        41589.15     43728.80     85317.95 
   1964      1-4       163799.74    172122.92    335922.65 
   1964      5-9       224398.72    233357.17    457755.89 
   1964     10-14      220476.83    230400.94    450877.78 
   1964     15-19      177597.22    182754.72    360351.94 
   1964     20-24      153191.72    156383.55    309575.27 
   1964     25-29      139494.17    138784.39    278278.56 
   1964     30-34      149153.28    147399.06    296552.34 
   1964     35-39      149795.95    146056.33    295852.28 
   1964     40-44      150781.33    144999.50    295780.84 
   1964     45-49       82140.94     79281.83    161422.77 
   1964     50-54      125649.94    121856.33    247506.28 
   1964     55-59      114831.28    109398.06    224229.34 
   1964     60-64      100716.61     91093.28    191809.89 
   1964     65-69       78993.62     63844.89    142838.50 
   1964     70-74       51926.01     37074.73     89000.73 
   1964     75-79       34062.00     22745.71     56807.72 
   1964     80-84       17650.64     11587.13     29237.77 
   1964     85-89        6486.95      4108.32     10595.28 
   1964     90-94        1469.16       839.65      2308.81 
   1964     95-99         178.40        82.77       261.17 
   1964    100-104         10.25         1.01        11.26 
   1964    105-109          0.00         0.00         0.00 
   1964    110+             0.00         0.00         0.00 
   1965        0        40571.96     43311.43     83883.39 
   1965      1-4       163282.55    171415.51    334698.07 
   1965      5-9       219654.00    229291.39    448945.39 
   1965     10-14      224639.83    234448.95    459088.78 
   1965     15-19      185766.55    192187.34    377953.89 
   1965     20-24      154469.06    156571.78    311040.83 
   1965     25-29      140713.00    140013.27    280726.28 
   1965     30-34      146389.99    144838.29    291228.28 
   1965     35-39      149777.06    146099.88    295876.94 
   1965     40-44      154141.44    148285.66    302427.10 
   1965     45-49       85645.22     82584.71    168229.93 
   1965     50-54      122184.38    117990.11    240174.49 
   1965     55-59      117550.22    112407.67    229957.89 
   1965     60-64      101835.56     92142.45    193978.01 
   1965     65-69       82430.22     67570.00    150000.23 
   1965     70-74       54922.17     39657.44     94579.61 
   1965     75-79       34677.33     23014.93     57692.26 
   1965     80-84       18264.16     11770.42     30034.58 
   1965     85-89        6689.63      4212.99     10902.62 
   1965     90-94        1553.32       885.26      2438.58 
   1965     95-99         201.85        95.35       297.21 
   1965    100-104         12.76         0.55        13.31 
   1965    105-109          0.00         0.00         0.00 
   1965    110+             0.00         0.00         0.00 
   1966        0        39278.91     41792.48     81071.39 
   1966      1-4       161828.88    170380.27    332209.15 
   1966      5-9       214399.50    224710.83    439110.33 
   1966     10-14      226645.17    235951.78    462596.94 
   1966     15-19      196754.05    204661.00    401415.06 
   1966     20-24      155180.89    156305.67    311486.56 
   1966     25-29      142532.56    142340.55    284873.11 
   1966     30-34      143312.61    141217.39    284530.00 
   1966     35-39      149980.61    146605.39    296585.99 
   1966     40-44      154369.22    148658.89    303028.11 
   1966     45-49       98592.34     94551.84    193144.17 
   1966     50-54      113300.55    108911.72    222212.28 
   1966     55-59      119231.61    114212.78    233444.39 
   1966     60-64      102460.11     92637.28    195097.39 
   1966     65-69       85489.11     70903.11    156392.22 
   1966     70-74       58234.11     42573.94    100808.06 
   1966     75-79       35255.17     23278.50     58533.67 
   1966     80-84       18687.68     11846.92     30534.59 
   1966     85-89        6824.25      4217.86     11042.11 
   1966     90-94        1641.05       904.72      2545.77 
   1966     95-99         213.88       106.67       320.55 
   1966    100-104         11.49         1.15        12.64 
   1966    105-109          0.00         0.00         0.00 
   1966    110+             0.00         0.00         0.00 
   1967        0        38045.10     39852.59     77897.69 
   1967      1-4       160192.77    168923.59    329116.36 
   1967      5-9       208873.93    219266.15    428140.08 
   1967     10-14      226996.34    236158.16    463154.49 
   1967     15-19      205789.67    214828.00    420617.67 
   1967     20-24      158900.83    160267.72    319168.56 
   1967     25-29      144838.23    144346.94    289185.17 
   1967     30-34      139773.11    137294.44    277067.55 
   1967     35-39      150110.89    146795.50    296906.39 
   1967     40-44      152127.45    146928.72    299056.17 
   1967     45-49      116860.11    111405.96    228266.07 
   1967     50-54      101166.01     96690.61    197856.62 
   1967     55-59      120701.56    115581.28    236282.84 
   1967     60-64      103771.22     93863.00    197634.22 
   1967     65-69       87809.05     73766.11    161575.16 
   1967     70-74       61689.44     45396.83    107086.27 
   1967     75-79       36138.83     23732.23     59871.06 
   1967     80-84       19021.88     11919.73     30941.61 
   1967     85-89        7172.80      4397.99     11570.79 
   1967     90-94        1677.13       906.11      2583.24 
   1967     95-99         208.97       100.65       309.62 
   1967    100-104         11.17         1.46        12.63 
   1967    105-109          0.00         0.00         0.00 
   1967    110+             0.00         0.00         0.00 
   1968        0        36757.26     38789.54     75546.81 
   1968      1-4       157505.25    165589.31    323094.56 
   1968      5-9       204596.69    214889.98    419486.67 
   1968     10-14      225983.78    235077.66    461061.44 
   1968     15-19      212070.50    222040.22    434110.72 
   1968     20-24      165624.45    167836.95    333461.40 
   1968     25-29      146630.95    145679.61    292310.57 
   1968     30-34      137429.16    134606.61    272035.77 
   1968     35-39      149359.39    146065.95    295425.34 
   1968     40-44      149507.89    144641.83    294149.72 
   1968     45-49      135922.33    129140.16    265062.49 
   1968     50-54       87824.56     83678.50    171503.06 
   1968     55-59      121700.89    115918.17    237619.06 
   1968     60-64      105871.06     96161.94    202033.00 
   1968     65-69       90050.56     76250.05    166300.61 
   1968     70-74       64766.55     47948.11    112714.66 
   1968     75-79       37308.33     24407.44     61715.77 
   1968     80-84       19629.73     12126.22     31755.96 
   1968     85-89        7494.43      4547.75     12042.17 
   1968     90-94        1703.88       936.88      2640.76 
   1968     95-99         210.89        94.80       305.68 
   1968    100-104         14.87         3.18        18.05 
   1968    105-109          0.00         0.00         0.00 
   1968    110+             0.00         0.00         0.00 
   1969        0        37288.17     39235.23     76523.40 
   1969      1-4       152980.10    160584.58    313564.68 
   1969      5-9       202910.22    213102.63    416012.85 
   1969     10-14      222897.95    232133.61    455031.56 
   1969     15-19      217860.77    228354.06    446214.83 
   1969     20-24      172261.79    175632.78    347894.57 
   1969     25-29      148340.89    147166.28    295507.17 
   1969     30-34      137073.72    133414.01    270487.72 
   1969     35-39      147092.78    143988.89    291081.67 
   1969     40-44      147822.11    142761.95    290584.06 
   1969     45-49      148300.72    140667.33    288968.04 
   1969     50-54       80184.38     76334.95    156519.33 
   1969     55-59      121576.33    115021.56    236597.89 
   1969     60-64      108738.89     99349.16    208088.05 
   1969     65-69       92055.28     77948.00    170003.28 
   1969     70-74       67187.00     50063.78    117250.78 
   1969     75-79       38895.33     25362.05     64257.38 
   1969     80-84       20324.38     12366.18     32690.55 
   1969     85-89        7719.47      4565.63     12285.11 
   1969     90-94        1748.29       987.49      2735.78 
   1969     95-99         219.66        91.98       311.65 
   1969    100-104         18.14         4.00        22.13 
   1969    105-109          0.00         0.00         0.00 
   1969    110+             0.00         0.00         0.00 
   1970        0        39511.17     41539.17     81050.33 
   1970      1-4       149364.66    156648.97    306013.62 
   1970      5-9       201761.12    211584.03    413345.15 
   1970     10-14      218001.84    227968.27    445970.11 
   1970     15-19      222597.61    232666.83    455264.44 
   1970     20-24      180561.01    185905.83    366466.84 
   1970     25-29      149347.94    147542.17    296890.11 
   1970     30-34      137736.55    133492.39    271228.95 
   1970     35-39      144450.73    141153.61    285604.34 
   1970     40-44      147666.72    142554.61    290221.34 
   1970     45-49      151873.56    143820.50    295694.06 
   1970     50-54       83125.49     78920.11    162045.61 
   1970     55-59      118300.44    111315.39    229615.83 
   1970     60-64      111314.00    101796.56    213110.55 
   1970     65-69       92903.72     78322.44    171226.17 
   1970     70-74       70104.61     52705.67    122810.28 
   1970     75-79       41021.33     26809.44     67830.78 
   1970     80-84       20649.19     12376.94     33026.13 
   1970     85-89        7970.32      4592.59     12562.91 
   1970     90-94        1793.63       999.99      2793.62 
   1970     95-99         242.15        97.26       339.42 
   1970    100-104         19.48         3.20        22.69 
   1970    105-109          0.00         0.00         0.00 
   1970    110+             0.00         0.00         0.00 
   1971        0        40356.70     42488.71     82845.41 
   1971      1-4       149215.08    156718.55    305933.63 
   1971      5-9       199460.60    208825.32    408285.92 
   1971     10-14      212680.50    223319.27    435999.77 
   1971     15-19      224765.17    234068.40    458833.57 
   1971     20-24      192137.43    199386.60    391524.03 
   1971     25-29      150351.17    148322.50    298673.67 
   1971     30-34      139320.02    135255.82    274575.83 
   1971     35-39      141421.28    137447.68    278868.97 
   1971     40-44      147923.77    142965.27    290889.03 
   1971     45-49      152003.92    143944.65    295948.57 
   1971     50-54       95722.05     90221.13    185943.18 
   1971     55-59      109765.50    102667.05    212432.55 
   1971     60-64      112907.68    103217.62    216125.30 
   1971     65-69       93368.08     78390.82    171758.90 
   1971     70-74       72833.32     55157.70    127991.02 
   1971     75-79       43514.50     28615.40     72129.90 
   1971     80-84       21065.17     12408.05     33473.22 
   1971     85-89        8202.35      4656.25     12858.59 
   1971     90-94        1842.58      1016.69      2859.28 
   1971     95-99         256.72        99.05       355.77 
   1971    100-104         18.89         1.91        20.80 
   1971    105-109          0.00         0.00         0.00 
   1971    110+             0.00         0.00         0.00 
   1972        0        40974.57     42854.11     83828.69 
   1972      1-4       151619.92    159457.81    311077.73 
   1972      5-9       196558.97    205687.45    402246.42 
   1972     10-14      207234.30    218008.37    425242.67 
   1972     15-19      224804.70    233920.90    458725.60 
   1972     20-24      202109.77    210358.07    412467.83 
   1972     25-29      154834.93    153762.83    308597.77 
   1972     30-34      141854.85    137889.82    279744.67 
   1972     35-39      138046.22    133600.55    271646.77 
   1972     40-44      148103.37    143116.30    291219.67 
   1972     45-49      149882.32    142321.15    292203.47 
   1972     50-54      113785.55    106323.93    220109.48 
   1972     55-59       97831.10     90865.72    188696.82 
   1972     60-64      114358.58    104366.85    218725.43 
   1972     65-69       94630.25     79425.88    174056.13 
   1972     70-74       74881.32     56943.20    131824.52 
   1972     75-79       46211.80     30348.60     76560.40 
   1972     80-84       21662.63     12560.99     34223.62 
   1972     85-89        8425.88      4729.90     13155.78 
   1972     90-94        1974.13      1072.49      3046.63 
   1972     95-99         266.46       107.28       373.74 
   1972    100-104         16.33         1.82        18.14 
   1972    105-109          0.00         0.00         0.00 
   1972    110+             0.00         0.00         0.00 
   1973        0        43505.11     45149.60     88654.71 
   1973      1-4       155732.50    163400.61    319133.10 
   1973      5-9       192746.07    201766.13    394512.20 
   1973     10-14      203077.72    213748.35    416826.07 
   1973     15-19      223479.40    232712.88    456192.28 
   1973     20-24      208908.17    217772.92    426681.08 
   1973     25-29      162339.55    162579.65    324919.20 
   1973     30-34      144116.03    140293.38    284409.42 
   1973     35-39      135899.58    131150.25    267049.83 
   1973     40-44      147412.80    142372.23    289785.03 
   1973     45-49      147278.68    139995.27    287273.95 
   1973     50-54      132823.72    123422.13    256245.85 
   1973     55-59       84771.58     78314.27    163085.85 
   1973     60-64      115430.13    104695.23    220125.37 
   1973     65-69       96647.85     81476.38    178124.23 
   1973     70-74       76953.07     58697.63    135650.70 
   1973     75-79       48665.27     31965.77     80631.03 
   1973     80-84       22442.85     12936.44     35379.29 
   1973     85-89        8735.90      4769.89     13505.79 
   1973     90-94        2090.59      1091.91      3182.51 
   1973     95-99         273.21       128.55       401.76 
   1973    100-104         15.20         2.67        17.87 
   1973    105-109          0.00         0.00         0.00 
   1973    110+             0.00         0.00         0.00 
   1974        0        45812.67     47689.10     93501.77 
   1974      1-4       161863.94    169179.13    331043.06 
   1974      5-9       188837.73    197618.07    386455.80 
   1974     10-14      201640.85    212167.82    413808.67 
   1974     15-19      220172.33    229803.32    449975.65 
   1974     20-24      214743.83    223904.05    438647.88 
   1974     25-29      169740.52    171424.82    341165.33 
   1974     30-34      146449.17    142997.02    289446.18 
   1974     35-39      135765.25    130425.18    266190.43 
   1974     40-44      145377.23    140481.50    285858.73 
   1974     45-49      145692.35    138202.60    283894.95 
   1974     50-54      145064.48    134342.87    279407.35 
   1974     55-59       77472.88     71405.10    148877.98 
   1974     60-64      115337.70    104041.03    219378.73 
   1974     65-69       99595.18     84351.98    183947.17 
   1974     70-74       78809.43     59907.90    138717.33 
   1974     75-79       50677.33     33468.67     84146.00 
   1974     80-84       23745.43     13578.36     37323.79 
   1974     85-89        9017.71      4817.51     13835.22 
   1974     90-94        2145.47      1098.13      3243.61 
   1974     95-99         289.79       132.99       422.78 
   1974    100-104         14.80         4.15        18.95 
   1974    105-109          0.00         0.00         0.00 
   1974    110+             0.00         0.00         0.00 
   1975        0        46971.95     48868.55     95840.50 
   1975      1-4       168626.34    175761.68    344388.02 
   1975      5-9       187070.95    195888.40    382959.35 
   1975     10-14      200855.60    210806.65    411662.25 
   1975     15-19      215280.97    225957.77    441238.73 
   1975     20-24      219152.58    227917.27    447069.85 
   1975     25-29      178755.23    182307.75    361062.98 
   1975     30-34      148124.38    144644.22    292768.60 
   1975     35-39      136792.43    131195.30    267987.73 
   1975     40-44      142952.37    137882.47    280834.83 
   1975     45-49      145704.65    138121.08    283825.73 
   1975     50-54      148617.10    137225.12    285842.22 
   1975     55-59       80769.48     74147.83    154917.32 
   1975     60-64      112044.38    100571.20    212615.58 
   1975     65-69      102197.92     86617.25    188815.17 
   1975     70-74       79756.03     60248.52    140004.55 
   1975     75-79       53115.45     35168.10     88283.55 
   1975     80-84       25276.65     14456.63     39733.28 
   1975     85-89        9154.69      4811.77     13966.46 
   1975     90-94        2202.32      1130.25      3332.58 
   1975     95-99         291.13       133.82       424.95 
   1975    100-104         15.40         8.53        23.93 
   1975    105-109          0.00         0.00         0.00 
   1975    110+             0.00         0.00         0.00 
   1976        0        47356.07     49525.54     96881.61 
   1976      1-4       175666.61    182601.03    358267.64 
   1976      5-9       187370.97    196585.95    383956.92 
   1976     10-14      198776.60    208034.65    406811.25 
   1976     15-19      210254.50    221821.93    432076.43 
   1976     20-24      221102.42    229434.90    450537.32 
   1976     25-29      190348.10    195461.35    385809.45 
   1976     30-34      149433.58    146099.75    295533.33 
   1976     35-39      138701.43    133385.23    272086.67 
   1976     40-44      140029.53    134432.77    274462.30 
   1976     45-49      146018.68    138445.02    284463.70 
   1976     50-54      148805.50    137194.82    286000.32 
   1976     55-59       93366.55     84942.30    178308.85 
   1976     60-64      103766.92     92462.63    196229.55 
   1976     65-69      103772.02     88075.78    191847.80 
   1976     70-74       80413.33     60497.32    140910.65 
   1976     75-79       55498.15     36860.70     92358.85 
   1976     80-84       26940.17     15447.15     42387.32 
   1976     85-89        9349.33      4840.89     14190.22 
   1976     90-94        2313.68      1179.42      3493.09 
   1976     95-99         295.41       139.69       435.11 
   1976    100-104         19.29        12.91        32.20 
   1976    105-109          0.00         0.00         0.00 
   1976    110+             0.00         0.00         0.00 
   1977        0        47557.49     50288.49     97845.97 
   1977      1-4       182016.27    189195.47    371211.74 
   1977      5-9       190333.84    199586.07    389919.92 
   1977     10-14      196007.80    204957.28    400965.08 
   1977     15-19      205219.13    216797.20    422016.33 
   1977     20-24      221145.12    229734.48    450879.60 
   1977     25-29      199785.27    205864.23    405649.50 
   1977     30-34      153812.10    151439.33    305251.43 
   1977     35-39      141255.02    135865.98    277121.00 
   1977     40-44      136738.55    130758.80    267497.35 
   1977     45-49      146185.62    138480.13    284665.75 
   1977     50-54      146698.73    135450.23    282148.97 
   1977     55-59      111050.88     99899.77    210950.65 
   1977     60-64       92272.27     81499.72    173771.98 
   1977     65-69      105169.58     89096.60    194266.18 
   1977     70-74       81642.17     61403.22    143045.38 
   1977     75-79       57252.40     38186.37     95438.77 
   1977     80-84       28603.10     16284.12     44887.23 
   1977     85-89        9589.96      4866.99     14456.95 
   1977     90-94        2388.55      1198.56      3587.11 
   1977     95-99         332.63       145.49       478.13 
   1977    100-104         20.10        14.71        34.81 
   1977    105-109          0.00         0.00         0.00 
   1977    110+             0.00         0.00         0.00 
   1978        0        47893.80     50213.50     98107.29 
   1978      1-4       186077.49    194210.87    380288.36 
   1978      5-9       196879.42    205849.54    402728.96 
   1978     10-14      192252.40    201006.88    393259.28 
   1978     15-19      201542.47    212804.60    414347.07 
   1978     20-24      219887.15    228941.55    448828.70 
   1978     25-29      206109.83    212949.17    419059.00 
   1978     30-34      161173.80    159983.90    321157.70 
   1978     35-39      143418.62    138069.05    281487.67 
   1978     40-44      134710.58    128382.50    263093.08 
   1978     45-49      145485.05    137692.40    283177.45 
   1978     50-54      144184.60    133198.60    277383.20 
   1978     55-59      129432.72    115457.97    244890.68 
   1978     60-64       79831.50     69997.85    149829.35 
   1978     65-69      106027.38     89277.90    195305.28 
   1978     70-74       83575.60     63096.72    146672.32 
   1978     75-79       58985.73     39195.97     98181.70 
   1978     80-84       29953.64     17041.96     46995.60 
   1978     85-89       10111.18      5003.44     15114.63 
   1978     90-94        2513.07      1179.06      3692.12 
   1978     95-99         357.09       157.75       514.84 
   1978    100-104         21.90        15.02        36.92 
   1978    105-109          0.00         0.00         0.00 
   1978    110+             0.00         0.00         0.00 
   1979        0        48322.87     50062.23     98385.10 
   1979      1-4       188083.53    196573.46    384656.99 
   1979      5-9       205133.03    214053.12    419186.15 
   1979     10-14      188365.40    196820.23    385185.63 
   1979     15-19      200565.27    211514.40    412079.67 
   1979     20-24      216822.50    226498.57    443321.07 
   1979     25-29      211527.58    218876.80    430404.38 
   1979     30-34      168421.85    168558.32    336980.17 
   1979     35-39      145640.17    140529.85    286170.02 
   1979     40-44      134652.17    127696.93    262349.10 
   1979     45-49      143429.65    135765.92    279195.57 
   1979     50-54      142676.60    131506.68    274183.28 
   1979     55-59      140756.82    124880.45    265637.27 
   1979     60-64       73449.97     64185.52    137635.48 
   1979     65-69      105983.53     88683.12    194666.65 
   1979     70-74       86284.10     65423.48    151707.58 
   1979     75-79       60547.52     39867.40    100414.92 
   1979     80-84       31218.21     17786.46     49004.67 
   1979     85-89       10860.60      5296.53     16157.13 
   1979     90-94        2632.38      1175.67      3808.05 
   1979     95-99         355.14       153.30       508.44 
   1979    100-104         24.25        16.01        40.25 
   1979    105-109          0.06         0.00         0.06 
   1979    110+             0.00         0.00         0.00 
   1980        0        46900.33     48922.00     95822.33 
   1980      1-4       189226.10    197514.77    386740.87 
   1980      5-9       213482.73    222224.87    435707.60 
   1980     10-14      186062.37    194540.40    380602.77 
   1980     15-19      200051.27    210086.07    410137.33 
   1980     20-24      212299.63    223310.93    435610.57 
   1980     25-29      215600.92    222985.27    438586.18 
   1980     30-34      177274.65    179047.08    356321.73 
   1980     35-39      147170.63    141909.72    289080.35 
   1980     40-44      135731.60    128466.30    264197.90 
   1980     45-49      140986.95    133189.55    274176.50 
   1980     50-54      142770.73    131257.75    274028.48 
   1980     55-59      143822.35    127152.95    270975.30 
   1980     60-64       77135.23     67106.25    144241.48 
   1980     65-69      102885.30     85451.45    188336.75 
   1980     70-74       88543.50     67125.92    155669.42 
   1980     75-79       61321.28     40031.10    101352.38 
   1980     80-84       32655.03     18466.00     51121.03 
   1980     85-89       11635.65      5643.46     17279.11 
   1980     90-94        2648.36      1177.11      3825.46 
   1980     95-99         363.16       147.92       511.07 
   1980    100-104         20.16        13.87        34.03 
   1980    105-109          0.05         0.06         0.11 
   1980    110+             0.00         0.00         0.00 
   1981        0        45246.89     47301.96     92548.85 
   1981      1-4       188651.85    196855.60    385507.45 
   1981      5-9       221442.47    230181.88    451624.35 
   1981     10-14      185739.93    194610.27    380350.20 
   1981     15-19      197906.37    206839.15    404745.52 
   1981     20-24      207664.63    219438.43    427103.07 
   1981     25-29      217587.03    224859.10    442446.13 
   1981     30-34      188526.93    191619.05    380145.98 
   1981     35-39      148319.35    143315.43    291634.78 
   1981     40-44      137697.87    130514.87    268212.73 
   1981     45-49      138093.12    129800.08    267893.20 
   1981     50-54      143008.00    131370.42    274378.42 
   1981     55-59      143983.02    126945.88    270928.90 
   1981     60-64       89321.78     76780.70    166102.48 
   1981     65-69       94964.40     78014.63    172979.03 
   1981     70-74       89748.72     68004.20    157752.92 
   1981     75-79       61940.70     40136.90    102077.60 
   1981     80-84       33965.77     19144.89     53110.66 
   1981     85-89       12423.67      5977.65     18401.31 
   1981     90-94        2704.34      1174.05      3878.39 
   1981     95-99         373.51       152.42       525.93 
   1981    100-104         18.83         9.39        28.23 
   1981    105-109          0.00         0.00         0.00 
   1981    110+             0.00         0.00         0.00 
   1982        0        44807.08     46771.76     91578.85 
   1982      1-4       186401.18    194026.00    380427.18 
   1982      5-9       227903.17    237405.22    465308.38 
   1982     10-14      188763.43    197669.63    386433.07 
   1982     15-19      194853.13    203203.18    398056.32 
   1982     20-24      202836.13    213969.27    416805.40 
   1982     25-29      217940.93    225494.83    443435.77 
   1982     30-34      197594.43    201689.55    399283.98 
   1982     35-39      152611.92    148627.83    301239.75 
   1982     40-44      140210.87    132731.37    272942.23 
   1982     45-49      134885.32    126239.98    261125.30 
   1982     50-54      143169.50    131371.65    274541.15 
   1982     55-59      141866.15    125045.55    266911.70 
   1982     60-64      106088.75     89886.97    195975.72 
   1982     65-69       84266.03     68420.67    152686.70 
   1982     70-74       90856.85     68648.20    159505.05 
   1982     75-79       62917.00     40811.73    103728.73 
   1982     80-84       35033.09     19650.36     54683.45 
   1982     85-89       13183.77      6256.62     19440.39 
   1982     90-94        2802.96      1198.99      4001.95 
   1982     95-99         397.88       148.90       546.78 
   1982    100-104         22.65         7.23        29.88 
   1982    105-109          0.00         0.00         0.00 
   1982    110+             0.00         0.00         0.00 
   1983        0        44394.49     46623.01     91017.50 
   1983      1-4       183478.46    190813.09    374291.56 
   1983      5-9       232116.28    242158.07    474274.35 
   1983     10-14      195445.58    204160.53    399606.12 
   1983     15-19      190863.53    198802.87    389666.40 
   1983     20-24      199161.60    209345.00    408506.60 
   1983     25-29      216946.50    224746.32    441692.82 
   1983     30-34      203767.02    208782.52    412549.53 
   1983     35-39      159872.63    156997.45    316870.08 
   1983     40-44      142225.27    134726.97    276952.23 
   1983     45-49      132914.35    123881.78    256796.13 
   1983     50-54      142533.60    130501.52    273035.12 
   1983     55-59      139499.25    122840.53    262339.78 
   1983     60-64      123191.00    103148.25    226339.25 
   1983     65-69       72828.40     58567.10    131395.50 
   1983     70-74       91568.50     68673.32    160241.82 
   1983     75-79       64424.28     41963.68    106387.97 
   1983     80-84       35989.17     19916.61     55905.78 
   1983     85-89       13776.48      6460.29     20236.77 
   1983     90-94        2969.02      1241.61      4210.62 
   1983     95-99         415.07       142.22       557.29 
   1983    100-104         24.23         5.54        29.77 
   1983    105-109          0.00         0.00         0.00 
   1983    110+             0.00         0.00         0.00 
   1984        0        44065.78     46107.06     90172.83 
   1984      1-4       179713.65    187616.67    367330.32 
   1984      5-9       234477.48    244280.23    478757.72 
   1984     10-14      203793.55    212623.00    416416.55 
   1984     15-19      186784.33    194332.57    381116.90 
   1984     20-24      198019.20    207354.10    405373.30 
   1984     25-29      214116.57    222107.82    436224.38 
   1984     30-34      209190.05    214797.92    423987.97 
   1984     35-39      167025.43    165377.15    332402.58 
   1984     40-44      144288.80    137041.80    281330.60 
   1984     45-49      132891.12    123105.92    255997.03 
   1984     50-54      140468.90    128427.02    268895.92 
   1984     55-59      138161.22    121118.00    259279.22 
   1984     60-64      133565.40    110756.78    244322.18 
   1984     65-69       67218.57     53852.10    121070.67 
   1984     70-74       91553.73     68219.08    159772.82 
   1984     75-79       66578.62     43393.22    109971.83 
   1984     80-84       36883.60     20204.43     57088.03 
   1984     85-89       14316.38      6702.95     21019.33 
   1984     90-94        3196.93      1294.86      4491.80 
   1984     95-99         418.38       144.18       562.55 
   1984    100-104         24.63         4.68        29.31 
   1984    105-109          0.00         0.00         0.00 
   1984    110+             0.00         0.00         0.00 
   1985        0        43657.44     45617.41     89274.86 
   1985      1-4       176892.46    184886.29    361778.74 
   1985      5-9       234344.23    244268.17    478612.40 
   1985     10-14      212301.72    221041.33    433343.05 
   1985     15-19      184396.48    192049.90    376446.38 
   1985     20-24      197217.02    205331.77    402548.78 
   1985     25-29      209653.13    218319.73    427972.87 
   1985     30-34      213423.87    219001.90    432425.77 
   1985     35-39      175729.62    175690.60    351420.22 
   1985     40-44      145731.78    138319.42    284051.20 
   1985     45-49      133937.97    123698.37    257636.33 
   1985     50-54      137988.63    125780.23    263768.87 
   1985     55-59      138265.93    120828.13    259094.07 
   1985     60-64      136384.45    112280.63    248665.08 
   1985     65-69       70870.05     56452.28    127322.33 
   1985     70-74       88766.28     65686.43    154452.72 
   1985     75-79       68366.80     44478.70    112845.50 
   1985     80-84       37526.74     20405.43     57932.17 
   1985     85-89       15058.04      7009.66     22067.70 
   1985     90-94        3458.48      1394.80      4853.28 
   1985     95-99         402.35       148.77       551.13 
   1985    100-104         23.85         4.48        28.33 
   1985    105-109          0.04         0.00         0.04 
   1985    110+             0.00         0.00         0.00 
   1986        0        42725.02     44735.84     87460.86 
   1986      1-4       175244.59    183192.92    358437.50 
   1986      5-9       232223.51    242129.28    474352.80 
   1986     10-14      220318.05    229027.30    449345.35 
   1986     15-19      184184.68    192460.27    376644.95 
   1986     20-24      195005.12    202078.40    397083.52 
   1986     25-29      204873.13    213893.77    418766.90 
   1986     30-34      215502.37    220776.43    436278.80 
   1986     35-39      186770.35    188072.63    374842.98 
   1986     40-44      146837.68    139640.68    286478.37 
   1986     45-49      135805.87    125612.03    261417.90 
   1986     50-54      135176.70    122462.33    257639.03 
   1986     55-59      138410.50    120810.17    259220.67 
   1986     60-64      136605.02    111924.30    248529.32 
   1986     65-69       82201.62     64382.28    146583.90 
   1986     70-74       81649.32     59749.63    141398.95 
   1986     75-79       69143.63     45008.87    114152.50 
   1986     80-84       38086.98     20532.55     58619.54 
   1986     85-89       15678.43      7190.22     22868.66 
   1986     90-94        3614.67      1457.31      5071.98 
   1986     95-99         427.50       149.89       577.39 
   1986    100-104         24.45         4.24        28.69 
   1986    105-109          0.00         0.00         0.00 
   1986    110+             0.00         0.00         0.00 
   1987        0        41352.32     43096.97     84449.29 
   1987      1-4       173129.18    181094.89    354224.07 
   1987      5-9       229393.77    238751.84    468145.62 
   1987     10-14      226684.33    236097.97    462782.30 
   1987     15-19      187461.27    195991.22    383452.48 
   1987     20-24      192153.47    198813.18    390966.65 
   1987     25-29      199894.05    208322.27    408216.32 
   1987     30-34      215726.43    221138.67    436865.10 
   1987     35-39      195673.93    197876.22    393550.15 
   1987     40-44      151036.92    144794.92    295831.83 
   1987     45-49      138190.53    127738.03    265928.57 
   1987     50-54      132026.57    119042.15    251068.72 
   1987     55-59      138524.08    120518.98    259043.07 
   1987     60-64      134609.73    110120.05    244729.78 
   1987     65-69       97651.50     75067.88    172719.38 
   1987     70-74       72256.20     52322.17    124578.37 
   1987     75-79       70068.43     45524.95    115593.38 
   1987     80-84       38920.81     21005.44     59926.25 
   1987     85-89       16238.76      7428.52     23667.28 
   1987     90-94        3853.43      1506.62      5360.06 
   1987     95-99         453.79       151.16       604.95 
   1987    100-104         26.29         4.94        31.23 
   1987    105-109          0.06         0.00         0.06 
   1987    110+             0.00         0.00         0.00 
   1988        0        40460.96     42055.19     82516.15 
   1988      1-4       169995.49    177406.89    347402.39 
   1988      5-9       225817.26    235278.55    461095.81 
   1988     10-14      230895.53    240823.23    471718.77 
   1988     15-19      194306.33    202753.12    397059.45 
   1988     20-24      188428.03    194783.62    383211.65 
   1988     25-29      196099.85    203724.17    399824.02 
   1988     30-34      214506.50    220111.57    434618.07 
   1988     35-39      201714.27    204691.85    406406.12 
   1988     40-44      158194.55    152978.45    311173.00 
   1988     45-49      140112.10    129566.63    269678.73 
   1988     50-54      130083.77    116775.78    246859.55 
   1988     55-59      137926.52    119594.68    257521.20 
   1988     60-64      132462.33    108021.28    240483.62 
   1988     65-69      113218.00     85769.42    198987.42 
   1988     70-74       62489.07     44677.10    107166.17 
   1988     75-79       70974.00     45793.82    116767.82 
   1988     80-84       40217.95     21873.67     62091.62 
   1988     85-89       16888.00      7664.94     24552.94 
   1988     90-94        4127.14      1597.79      5724.93 
   1988     95-99         481.85       166.28       648.12 
   1988    100-104         25.76         5.26        31.02 
   1988    105-109          0.00         0.00         0.00 
   1988    110+             0.00         0.00         0.00 
   1989        0        39383.20     41091.17     80474.37 
   1989      1-4       166156.32    173049.05    339205.37 
   1989      5-9       221523.39    231395.44    452918.83 
   1989     10-14      233314.07    242956.65    476270.72 
   1989     15-19      202697.05    211380.17    414077.22 
   1989     20-24      184633.08    190742.57    375375.65 
   1989     25-29      194869.78    201777.52    396647.30 
   1989     30-34      211496.73    217111.40    428608.13 
   1989     35-39      206963.30    210461.33    417424.63 
   1989     40-44      165211.18    161111.90    326323.08 
   1989     45-49      142148.13    131757.05    273905.18 
   1989     50-54      130080.03    115953.33    246033.37 
   1989     55-59      135934.98    117605.35    253540.33 
   1989     60-64      131229.05    106408.08    237637.13 
   1989     65-69      122612.82     91751.53    214364.35 
   1989     70-74       57996.73     41146.02     99142.75 
   1989     75-79       71313.57     45786.75    117100.32 
   1989     80-84       41863.39     22752.60     64615.98 
   1989     85-89       17446.60      7871.09     25317.69 
   1989     90-94        4334.88      1670.62      6005.50 
   1989     95-99         542.60       191.70       734.29 
   1989    100-104         28.01         6.01        34.02 
   1989    105-109          0.00         0.00         0.00 
   1989    110+             0.00         0.00         0.00 
   1990        0        38131.50     40106.17     78237.67 
   1990      1-4       161341.69    167963.44    329305.14 
   1990      5-9       218122.22    227954.61    446076.83 
   1990     10-14      233151.40    242886.42    476037.82 
   1990     15-19      211222.72    219857.83    431080.55 
   1990     20-24      182478.48    188940.23    371418.72 
   1990     25-29      194085.85    200030.85    394116.70 
   1990     30-34      206891.80    212849.23    419741.03 
   1990     35-39      211038.70    214388.23    425426.93 
   1990     40-44      173673.28    171066.10    344739.38 
   1990     45-49      143617.70    132816.58    276434.28 
   1990     50-54      131083.13    116332.37    247415.50 
   1990     55-59      133545.05    115028.65    248573.70 
   1990     60-64      131390.18    105944.72    237334.90 
   1990     65-69      125168.28     92715.30    217883.58 
   1990     70-74       61575.47     43333.45    104908.92 
   1990     75-79       69275.87     44177.68    113453.55 
   1990     80-84       43271.34     23406.08     66677.42 
   1990     85-89       17864.74      7997.59     25862.33 
   1990     90-94        4622.20      1738.50      6360.70 
   1990     95-99         576.81       205.96       782.78 
   1990    100-104         30.70         6.20        36.90 
   1990    105-109          0.00         0.00         0.00 
   1990    110+             0.00         0.00         0.00 
   1991        0        37865.74     39877.47     77743.21 
   1991      1-4       156850.58    163532.63    320383.22 
   1991      5-9       215647.78    225417.52    441065.30 
   1991     10-14      231066.65    240818.88    471885.53 
   1991     15-19      219180.07    227714.30    446894.37 
   1991     20-24      182531.32    189804.53    372335.85 
   1991     25-29      192296.95    197483.03    389779.98 
   1991     30-34      202162.00    208382.52    410544.52 
   1991     35-39      213147.88    216028.98    429176.87 
   1991     40-44      184548.85    183010.32    367559.17 
   1991     45-49      144743.35    133957.40    278700.75 
   1991     50-54      132821.95    118018.98    250840.93 
   1991     55-59      130725.45    111848.12    242573.57 
   1991     60-64      131655.08    105700.93    237356.02 
   1991     65-69      125273.42     92188.05    217461.47 
   1991     70-74       71572.93     49431.12    121004.05 
   1991     75-79       63591.58     40029.02    103620.60 
   1991     80-84       44118.17     23795.12     67913.29 
   1991     85-89       18302.98      8078.39     26381.37 
   1991     90-94        4852.93      1800.06      6652.99 
   1991     95-99         626.00       208.98       834.98 
   1991    100-104         36.51         5.02        41.52 
   1991    105-109          0.00         0.00         0.00 
   1991    110+             0.00         0.00         0.00 
   1992        0        37052.11     38822.15     75874.26 
   1992      1-4       154236.73    161297.12    315533.85 
   1992      5-9       212593.85    222050.05    434643.90 
   1992     10-14      228501.42    237814.25    466315.67 
   1992     15-19      225438.53    234666.37    460104.90 
   1992     20-24      186000.22    193529.80    379530.02 
   1992     25-29      190087.22    195006.70    385093.92 
   1992     30-34      197560.27    203463.42    401023.68 
   1992     35-39      213562.55    216416.55    429979.10 
   1992     40-44      193473.88    192591.45    386065.33 
   1992     45-49      148946.78    138988.17    287934.95 
   1992     50-54      135145.85    120051.02    255196.87 
   1992     55-59      127656.72    108528.75    236185.47 
   1992     60-64      131711.82    105416.13    237127.95 
   1992     65-69      123436.82     90539.22    213976.03 
   1992     70-74       84988.13     57515.98    142504.12 
   1992     75-79       56175.58     34858.58     91034.17 
   1992     80-84       45132.30     24252.39     69384.69 
   1992     85-89       18898.14      8272.60     27170.75 
   1992     90-94        5055.09      1876.52      6931.61 
   1992     95-99         674.77       205.29       880.06 
   1992    100-104         38.61         4.84        43.44 
   1992    105-109          0.07         0.00         0.07 
   1992    110+             0.00         0.00         0.00 
   1993        0        35689.81     37609.61     73299.41 
   1993      1-4       151537.26    158838.37    310375.64 
   1993      5-9       209176.60    217904.92    427081.52 
   1993     10-14      225345.97    234867.68    460213.65 
   1993     15-19      229661.70    239470.85    469132.55 
   1993     20-24      192857.90    200212.53    393070.43 
   1993     25-29      186874.87    191611.12    378485.98 
   1993     30-34      194260.98    199700.23    393961.22 
   1993     35-39      212626.78    215544.57    428171.35 
   1993     40-44      199587.53    199350.82    398938.35 
   1993     45-49      156087.65    147030.27    303117.92 
   1993     50-54      137117.57    121923.83    259041.40 
   1993     55-59      125792.28    106404.87    232197.15 
   1993     60-64      130993.83    104549.95    235543.78 
   1993     65-69      121596.05     88816.17    210412.22 
   1993     70-74       98373.10     65412.85    163785.95 
   1993     75-79       48642.55     29780.78     78423.33 
   1993     80-84       46063.57     24633.30     70696.87 
   1993     85-89       19669.12      8604.17     28273.28 
   1993     90-94        5341.84      1964.77      7306.61 
   1993     95-99         724.81       216.96       941.77 
   1993    100-104         38.65         8.43        47.08 
   1993    105-109          0.06         0.00         0.06 
   1993    110+             0.00         0.00         0.00 
   1994        0        33775.14     35474.29     69249.43 
   1994      1-4       148378.38    155843.51    304221.89 
   1994      5-9       205037.67    213509.72    418547.38 
   1994     10-14      221628.87    231571.02    453199.88 
   1994     15-19      232264.47    241859.28    474123.75 
   1994     20-24      201157.10    208702.67    409859.77 
   1994     25-29      183413.20    188029.85    371443.05 
   1994     30-34      193577.55    198533.67    392111.22 
   1994     35-39      209992.55    213080.60    423073.15 
   1994     40-44      204927.57    205132.62    410060.18 
   1994     45-49      163134.28    155168.63    318302.92 
   1994     50-54      139278.77    124301.93    263580.70 
   1994     55-59      125791.85    105829.73    231621.58 
   1994     60-64      129004.77    102922.22    231926.98 
   1994     65-69      120722.55     87663.80    208386.35 
   1994     70-74      106483.53     69821.68    176305.22 
   1994     75-79       45576.08     27784.98     73361.07 
   1994     80-84       46599.66     24927.69     71527.36 
   1994     85-89       20769.22      9123.26     29892.48 
   1994     90-94        5647.93      2043.59      7691.53 
   1994     95-99         758.21       209.79       968.00 
   1994    100-104         45.03        12.59        57.62 
   1994    105-109          0.04         0.00         0.04 
   1994    110+             0.00         0.00         0.00 
   1995        0        31048.69     32349.20     63397.90 
   1995      1-4       144138.11    151244.87    295382.98 
   1995      5-9       200229.05    208864.92    409093.97 
   1995     10-14      218885.17    228839.45    447724.62 
   1995     15-19      232597.48    242235.42    474832.90 
   1995     20-24      209573.52    217169.90    426743.42 
   1995     25-29      181379.18    186309.90    367689.08 
   1995     30-34      193370.75    197579.75    390950.50 
   1995     35-39      205816.60    209548.60    415365.20 
   1995     40-44      209224.90    209322.27    418547.17 
   1995     45-49      171637.15    165090.05    336727.20 
   1995     50-54      140934.68    125725.22    266659.90 
   1995     55-59      126795.33    106551.92    233347.25 
   1995     60-64      126748.75    100937.05    227685.80 
   1995     65-69      120927.48     87580.05    208507.53 
   1995     70-74      108834.30     70689.70    179524.00 
   1995     75-79       48983.95     29674.77     78658.72 
   1995     80-84       45393.22     24283.41     69676.62 
   1995     85-89       21757.51      9583.91     31341.42 
   1995     90-94        5903.57      2119.09      8022.67 
   1995     95-99         835.37       229.83      1065.20 
   1995    100-104         54.49        11.52        66.00 
   1995    105-109          0.37         0.00         0.37 
   1995    110+             0.00         0.00         0.00 
   1996        0        29359.93     30975.07     60335.00 
   1996      1-4       137286.05    143671.20    280957.26 
   1996      5-9       196089.85    204795.43    400885.28 
   1996     10-14      216882.20    226763.35    443645.55 
   1996     15-19      231003.82    240686.22    471690.03 
   1996     20-24      217599.32    225332.97    442932.28 
   1996     25-29      181296.15    186921.20    368217.35 
   1996     30-34      191847.95    195436.62    387284.57 
   1996     35-39      201312.17    205565.60    406877.77 
   1996     40-44      211611.13    211317.57    422928.70 
   1996     45-49      182426.35    176856.48    359282.83 
   1996     50-54      142270.52    127135.48    269406.00 
   1996     55-59      128597.37    108525.65    237123.02 
   1996     60-64      124203.28     98455.62    222658.90 
   1996     65-69      121198.42     87627.02    208825.43 
   1996     70-74      109210.50     70364.30    179574.80 
   1996     75-79       57126.35     33975.37     91101.72 
   1996     80-84       41587.04     22076.60     63663.64 
   1996     85-89       22305.50      9833.29     32138.79 
   1996     90-94        6052.82      2163.55      8216.37 
   1996     95-99         866.93       252.39      1119.32 
   1996    100-104         59.09         9.18        68.27 
   1996    105-109          0.40         0.00         0.40 
   1996    110+             0.00         0.00         0.00 
   1997        0        28716.16     30455.56     59171.71 
   1997      1-4       129655.30    135987.45    265642.74 
   1997      5-9       192375.30    201066.93    393442.23 
   1997     10-14      214024.35    223418.88    437443.23 
   1997     15-19      228795.67    238181.17    466976.83 
   1997     20-24      224028.87    232623.78    456652.65 
   1997     25-29      184545.72    190431.63    374977.35 
   1997     30-34      189558.13    192877.53    382435.67 
   1997     35-39      196769.77    200844.50    397614.27 
   1997     40-44      212103.13    211942.63    424045.77 
   1997     45-49      191260.22    186314.45    377574.67 
   1997     50-54      146510.87    132134.33    278645.20 
   1997     55-59      131023.68    110757.77    241781.45 
   1997     60-64      121414.38     95886.50    217300.88 
   1997     65-69      121368.15     87673.88    209042.03 
   1997     70-74      107980.65     69244.30    177224.95 
   1997     75-79       67881.22     39545.40    107426.62 
   1997     80-84       36798.67     19330.56     56129.23 
   1997     85-89       23016.63     10195.55     33212.19 
   1997     90-94        6283.64      2263.77      8547.41 
   1997     95-99         902.09       276.02      1178.11 
   1997    100-104         62.22        10.63        72.85 
   1997    105-109          0.18         0.00         0.18 
   1997    110+             0.00         0.00         0.00 
   1998        0        28167.42     29692.10     57859.51 
   1998      1-4       122728.36    128951.44    251679.80 
   1998      5-9       188071.09    197016.15    385087.24 
   1998     10-14      210717.02    219389.58    430106.60 
   1998     15-19      225998.30    235605.60    461603.90 
   1998     20-24      228380.87    237594.85    465975.72 
   1998     25-29      191300.15    197096.20    388396.35 
   1998     30-34      186179.03    189358.37    375537.40 
   1998     35-39      193566.07    197173.73    390739.80 
   1998     40-44      211195.37    211170.90    422366.27 
   1998     45-49      197340.28    192923.48    390263.77 
   1998     50-54      153549.57    139934.93    293484.50 
   1998     55-59      133078.32    112808.67    245886.98 
   1998     60-64      119739.95     94220.20    213960.15 
   1998     65-69      120860.58     87265.78    208126.37 
   1998     70-74      106583.88     67946.50    174530.38 
   1998     75-79       78513.18     44836.77    123349.95 
   1998     80-84       31901.36     16583.65     48485.01 
   1998     85-89       23597.57     10554.13     34151.70 
   1998     90-94        6600.78      2394.67      8995.45 
   1998     95-99         969.17       307.94      1277.11 
   1998    100-104         69.00        12.84        81.84 
   1998    105-109          0.56         0.00         0.56 
   1998    110+             0.00         0.00         0.00 
   1999        0        27576.87     28889.10     56465.97 
   1999      1-4       117035.41    123123.94    240159.36 
   1999      5-9       182703.17    191508.98    374212.15 
   1999     10-14      206722.83    215259.38    421982.22 
   1999     15-19      222529.95    232480.52    455010.47 
   1999     20-24      231212.63    240243.45    471456.08 
   1999     25-29      199532.10    205596.58    405128.68 
   1999     30-34      182570.87    185661.60    368232.47 
   1999     35-39      192897.63    195984.08    388881.72 
   1999     40-44      208640.63    208752.18    417392.82 
   1999     45-49      202574.48    198478.12    401052.60 
   1999     50-54      160470.28    147727.97    308198.25 
   1999     55-59      135353.60    115155.93    250509.53 
   1999     60-64      119813.77     93728.73    213542.50 
   1999     65-69      119162.93     86049.05    205211.98 
   1999     70-74      106006.38     67241.13    173247.52 
   1999     75-79       84901.53     47615.18    132516.72 
   1999     80-84       30489.06     15712.93     46201.99 
   1999     85-89       23999.83     10855.19     34855.02 
   1999     90-94        6989.05      2581.60      9570.65 
   1999     95-99        1048.93       323.59      1372.53 
   1999    100-104         72.86        12.58        85.44 
   1999    105-109          0.91         0.00         0.91 
   1999    110+             0.00         0.00         0.00 
   2000        0        26882.33     28053.83     54936.17 
   2000      1-4       113324.48    119411.99    232736.47 
   2000      5-9       175488.27    183540.58    359028.85 
   2000     10-14      202020.63    210748.58    412769.22 
   2000     15-19      219925.75    229893.62    449819.37 
   2000     20-24      231992.40    241056.08    473048.48 
   2000     25-29      207901.93    214188.32    422090.25 
   2000     30-34      180350.43    183685.40    364035.83 
   2000     35-39      192681.00    195069.58    387750.58 
   2000     40-44      204550.27    205354.85    409905.12 
   2000     45-49      206835.82    202581.02    409416.83 
   2000     50-54      168781.98    157041.97    325823.95 
   2000     55-59      137181.60    116630.13    253811.73 
   2000     60-64      120885.83     94534.33    215420.17 
   2000     65-69      117289.00     84532.88    201821.88 
   2000     70-74      106327.32     67425.13    173752.45 
   2000     75-79       86932.30     48030.95    134963.25 
   2000     80-84       33524.15     17187.85     50712.00 
   2000     85-89       23394.55     10629.41     34023.96 
   2000     90-94        7328.01      2727.24     10055.25 
   2000     95-99        1132.91       334.43      1467.33 
   2000    100-104         77.39        14.11        91.50 
   2000    105-109          0.86         0.00         0.86 
   2000    110+             0.00         0.00         0.00 
   2001        0        25511.02     26957.76     52468.79 
   2001      1-4       110646.24    116309.97    226956.21 
   2001      5-9       166900.72    174621.23    341521.95 
   2001     10-14      197517.69    206197.97    403715.66 
   2001     15-19      217766.39    227685.29    445451.68 
   2001     20-24      230499.21    239879.68    470378.90 
   2001     25-29      215909.82    222826.08    438735.90 
   2001     30-34      180036.79    184124.46    364161.24 
   2001     35-39      191110.54    193031.94    384142.48 
   2001     40-44      200006.06    201634.40    401640.47 
   2001     45-49      209282.70    204773.24    414055.94 
   2001     50-54      179352.73    168270.40    347623.13 
   2001     55-59      138618.59    118112.00    256730.59 
   2001     60-64      122895.86     96571.69    219467.56 
   2001     65-69      115296.56     82661.32    197957.87 
   2001     70-74      106840.80     67760.82    174601.62 
   2001     75-79       87606.78     48066.18    135672.97 
   2001     80-84       39623.27     19967.39     59590.66 
   2001     85-89       21322.21      9578.10     30900.30 
   2001     90-94        7516.50      2826.62     10343.13 
   2001     95-99        1193.65       348.05      1541.70 
   2001    100-104         81.76        18.62       100.38 
   2001    105-109          0.79         0.00         0.79 
   2001    110+             0.00         0.00         0.00 
   2002        0        24658.15     26104.73     50762.88 
   2002      1-4       107567.26    113025.40    220592.66 
   2002      5-9       158491.73    166385.77    324877.50 
   2002     10-14      193171.46    201679.33    394850.79 
   2002     15-19      214487.83    223908.34    438396.17 
   2002     20-24      227922.35    237503.60    465425.94 
   2002     25-29      222217.16    230601.68    452818.84 
   2002     30-34      183093.67    187877.68    370971.35 
   2002     35-39      188648.28    190638.38    379286.67 
   2002     40-44      195430.90    197289.45    392720.35 
   2002     45-49      209807.97    205668.93    415476.90 
   2002     50-54      188084.31    177562.63    365646.94 
   2002     55-59      142787.53    122921.64    265709.17 
   2002     60-64      125527.18     98960.74    224487.92 
   2002     65-69      113030.45     80769.58    193800.03 
   2002     70-74      107455.94     68217.84    175673.78 
   2002     75-79       87153.17     47725.28    134878.44 
   2002     80-84       47470.30     23374.53     70844.83 
   2002     85-89       18662.51      8337.39     26999.90 
   2002     90-94        7835.13      2950.39     10785.52 
   2002     95-99        1229.81       357.27      1587.08 
   2002    100-104         87.27        21.04       108.31 
   2002    105-109          0.96         0.00         0.96 
   2002    110+             0.00         0.00         0.00 
   2003        0        24872.16     26146.68     51018.84 
   2003      1-4       104434.10    109842.06    214276.17 
   2003      5-9       150684.29    158400.33    309084.62 
   2003     10-14      188449.73    197142.17    385591.90 
   2003     15-19      210756.77    219462.64    430219.42 
   2003     20-24      224695.26    234799.55    459494.81 
   2003     25-29      226289.57    235859.06    462148.63 
   2003     30-34      189694.77    194928.67    384623.44 
   2003     35-39      185115.22    187353.29    372468.50 
   2003     40-44      192211.76    194002.70    386214.46 
   2003     45-49      208876.97    205234.66    414111.63 
   2003     50-54      194136.70    184227.15    378363.85 
   2003     55-59      149681.08    130402.97    280084.06 
   2003     60-64      127778.36    101293.70    229072.06 
   2003     65-69      111771.54     79668.11    191439.65 
   2003     70-74      107514.86     68359.16    175874.03 
   2003     75-79       86565.04     47304.68    133869.73 
   2003     80-84       55185.23     26689.61     81874.84 
   2003     85-89       16231.53      7139.32     23370.85 
   2003     90-94        8139.90      3103.80     11243.70 
   2003     95-99        1284.78       377.33      1662.12 
   2003    100-104         98.03        22.33       120.35 
   2003    105-109          1.30         0.00         1.30 
   2003    110+             0.00         0.00         0.00 
   2004        0        25529.70     26955.08     52484.78 
   2004      1-4       101965.99    107365.27    209331.26 
   2004      5-9       144381.77    151835.99    296217.76 
   2004     10-14      182782.58    191364.60    374147.19 
   2004     15-19      206419.00    214901.90    421320.90 
   2004     20-24      220742.25    231327.06    452069.31 
   2004     25-29      228722.72    238650.76    467373.48 
   2004     30-34      197745.83    203821.78    401567.62 
   2004     35-39      181411.79    183966.63    365378.42 
   2004     40-44      191434.73    193143.14    384577.86 
   2004     45-49      206302.84    203333.43    409636.27 
   2004     50-54      199313.18    189955.27    389268.46 
   2004     55-59      156456.90    138013.61    294470.51 
   2004     60-64      130186.33    103780.88    233967.21 
   2004     65-69      112147.17     79807.91    191955.07 
   2004     70-74      106489.52     67836.13    174325.65 
   2004     75-79       86471.61     47241.86    133713.47 
   2004     80-84       60181.15     28689.08     88870.23 
   2004     85-89       16059.73      6976.93     23036.66 
   2004     90-94        8400.66      3215.36     11616.02 
   2004     95-99        1352.39       424.10      1776.48 
   2004    100-104        111.79        25.42       137.21 
   2004    105-109          1.87         0.00         1.87 
   2004    110+             0.00         0.00         0.00 
   2005        0        26174.26     27681.39     53855.65 
   2005      1-4       100644.68    106294.76    206939.44 
   2005      5-9       140286.58    147673.71    287960.29 
   2005     10-14      175366.45    183332.81    358699.26 
   2005     15-19      201420.36    209893.96    411314.33 
   2005     20-24      217780.73    228335.38    446116.11 
   2005     25-29      228943.29    239432.28    468375.57 
   2005     30-34      205802.29    212737.54    418539.83 
   2005     35-39      179118.97    182358.40    361477.37 
   2005     40-44      191074.67    192513.48    383588.15 
   2005     45-49      202142.04    200348.18    402490.22 
   2005     50-54      203530.27    194291.14    397821.42 
   2005     55-59      164608.84    147113.49    311722.33 
   2005     60-64      132059.36    105381.01    237440.37 
   2005     65-69      113510.92     81149.86    194660.78 
   2005     70-74      105203.77     67074.37    172278.13 
   2005     75-79       87238.97     47758.40    134997.36 
   2005     80-84       61854.83     29083.08     90937.91 
   2005     85-89       18237.65      7911.01     26148.66 
   2005     90-94        8204.55      3108.91     11313.46 
   2005     95-99        1425.01       466.07      1891.08 
   2005    100-104        121.06        29.11       150.18 
   2005    105-109          2.87         0.00         2.87 
   2005    110+             0.00         0.00         0.00 
   2006        0        26238.29     27701.89     53940.18 
   2006      1-4       101283.11    106953.72    208236.83 
   2006      5-9       136604.14    143891.55    280495.69 
   2006     10-14      166679.03    174451.20    341130.23 
   2006     15-19      196922.38    205228.65    402151.03 
   2006     20-24      215635.64    225936.52    441572.15 
   2006     25-29      227171.74    238132.56    465304.30 
   2006     30-34      213399.26    221415.65    434814.91 
   2006     35-39      178794.88    183002.01    361796.89 
   2006     40-44      189363.97    190664.64    380028.61 
   2006     45-49      197611.76    196822.68    394434.44 
   2006     50-54      205823.06    196613.56    402436.62 
   2006     55-59      175052.94    157937.74    332990.68 
   2006     60-64      133366.46    106916.94    240283.40 
   2006     65-69      115741.09     83314.48    199055.57 
   2006     70-74      103609.33     65966.12    169575.46 
   2006     75-79       88127.67     48283.71    136411.38 
   2006     80-84       62353.69     28962.03     91315.72 
   2006     85-89       21833.94      9308.39     31142.33 
   2006     90-94        7324.04      2737.26     10061.30 
   2006     95-99        1493.00       476.46      1969.46 
   2006    100-104        127.09        30.10       157.19 
   2006    105-109          3.92         0.16         4.08 
   2006    110+             0.00         0.00         0.00 
   2007        0        26282.87     27675.48     53958.34 
   2007      1-4       102886.13    108584.16    211470.29 
   2007      5-9       132784.42    139850.25    272634.67 
   2007     10-14      158377.04    166361.10    324738.14 
   2007     15-19      192720.17    200870.76    393590.93 
   2007     20-24      212717.32    222297.81    435015.13 
   2007     25-29      224611.83    235586.09    460197.93 
   2007     30-34      219449.74    229109.08    448558.82 
   2007     35-39      181723.64    186662.11    368385.75 
   2007     40-44      186833.29    188363.92    375197.21 
   2007     45-49      193050.86    192668.03    385718.89 
   2007     50-54      206280.63    197540.59    403821.22 
   2007     55-59      183637.71    166801.87    350439.58 
   2007     60-64      137390.99    111518.06    248909.06 
   2007     65-69      118387.21     85600.42    203987.63 
   2007     70-74      101854.25     64746.90    166601.15 
   2007     75-79       88990.21     48727.17    137717.39 
   2007     80-84       62031.48     28786.96     90818.45 
   2007     85-89       26203.64     10915.36     37119.00 
   2007     90-94        6324.00      2355.56      8679.56 
   2007     95-99        1559.30       487.05      2046.35 
   2007    100-104        126.26        28.59       154.85 
   2007    105-109          4.29         0.14         4.43 
   2007    110+             0.00         0.00         0.00 
   2008        0        27161.24     28517.16     55678.40 
   2008      1-4       104353.92    110196.19    214550.11 
   2008      5-9       129883.19    136703.97    266587.16 
   2008     10-14      150712.38    158549.45    309261.83 
   2008     15-19      188112.02    196444.47    384556.49 
   2008     20-24      209332.62    217919.15    427251.77 
   2008     25-29      221499.94    232778.53    454278.47 
   2008     30-34      223364.77    234361.00    457725.77 
   2008     35-39      188013.35    193531.28    381544.63 
   2008     40-44      183379.71    185127.28    368506.98 
   2008     45-49      189770.74    189638.92    379409.66 
   2008     50-54      205338.08    197191.83    402529.91 
   2008     55-59      189499.06    173112.43    362611.49 
   2008     60-64      144104.98    118545.73    262650.71 
   2008     65-69      120626.49     87813.58    208440.08 
   2008     70-74      101010.06     64197.81    165207.87 
   2008     75-79       89403.67     49065.96    138469.64 
   2008     80-84       61590.51     28634.60     90225.11 
   2008     85-89       30451.23     12364.61     42815.84 
   2008     90-94        5560.69      2024.65      7585.35 
   2008     95-99        1590.57       497.63      2088.20 
   2008    100-104        120.61        29.38       149.99 
   2008    105-109          4.75         0.00         4.75 
   2008    110+             0.00         0.00         0.00 
   2009        0        28660.84     30278.75     58939.59 
   2009      1-4       105968.85    111813.44    217782.29 
   2009      5-9       128166.99    135157.35    263324.34 
   2009     10-14      144478.97    152091.86    296570.83 
   2009     15-19      182567.97    190830.38    373398.35 
   2009     20-24      205242.00    213285.91    418527.91 
   2009     25-29      217865.82    229300.48    447166.30 
   2009     30-34      225595.03    237095.39    462690.42 
   2009     35-39      195746.47    202309.31    398055.78 
   2009     40-44      179735.95    181775.09    361511.04 
   2009     45-49      189022.09    189022.27    378044.36 
   2009     50-54      202720.48    195359.13    398079.61 
   2009     55-59      194529.18    178609.74    373138.93 
   2009     60-64      150675.48    125687.53    276363.01 
   2009     65-69      123068.73     90286.65    213355.38 
   2009     70-74      101598.92     64575.79    166174.71 
   2009     75-79       88990.46     49098.79    138089.24 
   2009     80-84       61819.19     28694.57     90513.76 
   2009     85-89       33169.32     13333.91     46503.23 
   2009     90-94        5718.06      2094.60      7812.66 
   2009     95-99        1649.33       502.86      2152.19 
   2009    100-104        121.83        31.98       153.81 
   2009    105-109          5.35         0.06         5.40 
   2009    110+             0.00         0.00         0.00 
   2010        0        29390.77     30667.70     60058.47 
   2010      1-4       108239.00    114297.53    222536.53 
   2010      5-9       127537.46    134873.26    262410.72 
   2010     10-14      140557.94    148142.18    288700.12 
   2010     15-19      175159.27    182945.18    358104.46 
   2010     20-24      200508.90    208285.35    408794.24 
   2010     25-29      215323.32    226363.69    441687.01 
   2010     30-34      225630.36    237770.45    463400.81 
   2010     35-39      203485.05    211107.80    414592.86 
   2010     40-44      177444.56    180290.84    357735.41 
   2010     45-49      188718.74    188580.92    377299.67 
   2010     50-54      198597.47    192556.90    391154.37 
   2010     55-59      198609.73    182925.86    381535.60 
   2010     60-64      158629.76    134134.28    292764.05 
   2010     65-69      124916.42     91946.68    216863.10 
   2010     70-74      103174.90     65989.75    169164.64 
   2010     75-79       88286.46     48948.18    137234.64 
   2010     80-84       62720.64     29119.24     91839.87 
   2010     85-89       34172.38     13648.27     47820.65 
   2010     90-94        6778.31      2525.51      9303.83 
   2010     95-99        1657.38       474.08      2131.46 
   2010    100-104        118.27        34.46       152.72 
   2010    105-109          4.19         0.17         4.36 
   2010    110+             0.00         0.00         0.00 
   2011        0        29485.50     30517.33     60002.83 
   2011      1-4       110634.26    116606.22    227240.49 
   2011      5-9       128210.12    135551.50    263761.61 
   2011     10-14      137137.68    144655.70    281793.38 
   2011     15-19      166439.34    174164.17    340603.51 
   2011     20-24      196276.73    203810.34    400087.07 
   2011     25-29      213524.38    224024.07    437548.45 
   2011     30-34      223798.61    236317.60    460116.21 
   2011     35-39      210710.53    219625.22    430335.75 
   2011     40-44      177168.97    181115.57    358284.55 
   2011     45-49      186968.40    186871.17    373839.56 
   2011     50-54      194145.78    189477.13    383622.91 
   2011     55-59      200920.42    185408.21    386328.64 
   2011     60-64      168850.15    144216.25    313066.40 
   2011     65-69      126166.49     93470.54    219637.03 
   2011     70-74      105651.15     68295.95    173947.10 
   2011     75-79       87348.44     48532.76    135881.20 
   2011     80-84       63900.36     29806.28     93706.65 
   2011     85-89       34577.19     13721.39     48298.58 
   2011     90-94        8358.44      3074.55     11432.99 
   2011     95-99        1444.87       415.93      1860.80 
   2011    100-104        118.70        35.46       154.16 
   2011    105-109          2.19         0.18         2.37 
   2011    110+             0.00         0.00         0.00 
   2012        0        28340.33     29909.50     58249.83 
   2012      1-4       113397.00    119048.50    232445.50 
   2012      5-9       129788.83    137128.33    266917.17 
   2012     10-14      133387.50    140611.50    273999.00 
   2012     15-19      158235.67    166204.50    324440.17 
   2012     20-24      192304.67    199760.17    392064.83 
   2012     25-29      211082.83    220700.33    431783.17 
   2012     30-34      221526.17    233761.17    455287.33 
   2012     35-39      216722.67    227380.00    444102.67 
   2012     40-44      180107.17    184869.83    364977.00 
   2012     45-49      184541.33    184806.33    369347.67 
   2012     50-54      189759.67    185936.17    375695.83 
   2012     55-59      201440.33    186552.17    387992.50 
   2012     60-64      177293.67    152624.83    329918.50 
   2012     65-69      130065.17     97694.67    227759.83 
   2012     70-74      108473.33     70717.67    179191.00 
   2012     75-79       86322.67     48035.67    134358.33 
   2012     80-84       65082.67     30516.33     95599.00 
   2012     85-89       34682.98     13839.28     48522.26 
   2012     90-94       10175.80      3673.03     13848.83 
   2012     95-99        1232.17       362.39      1594.56 
   2012    100-104        126.78        34.28       161.06 
   2012    105-109          1.22         0.18         1.39 
   2012    110+             0.00         0.00         0.00 
   2013        0        27000.83     28533.17     55534.00 
   2013      1-4       114988.50    120724.00    235712.50 
   2013      5-9       131919.83    139473.17    271393.00 
   2013     10-14      130370.83    137274.50    267645.33 
   2013     15-19      150800.50    158646.67    309447.17 
   2013     20-24      188056.83    195823.50    383880.33 
   2013     25-29      208131.17    216657.83    424789.00 
   2013     30-34      218573.83    230865.83    449439.67 
   2013     35-39      220667.00    232685.50    453352.50 
   2013     40-44      186357.50    191857.33    378214.83 
   2013     45-49      181344.00    181895.33    363239.33 
   2013     50-54      186731.83    183459.17    370191.00 
   2013     55-59      200553.00    186507.67    387060.67 
   2013     60-64      183137.33    158723.00    341860.33 
   2013     65-69      136566.67    104169.67    240736.33 
   2013     70-74      110899.00     72810.17    183709.17 
   2013     75-79       86132.83     48042.17    134175.00 
   2013     80-84       65861.67     31036.83     96898.50 
   2013     85-89       34886.32     13877.22     48763.54 
   2013     90-94       11882.90      4250.77     16133.67 
   2013     95-99        1088.69       323.49      1412.18 
   2013    100-104        128.74        37.84       166.59 
   2013    105-109          0.75         0.28         1.03 
   2013    110+             0.00         0.00         0.00 
   2014        0        27077.00     28304.67     55381.67 
   2014      1-4       114044.00    119578.00    233622.00 
   2014      5-9       134563.67    142411.00    276974.67 
   2014     10-14      128547.17    135565.00    264112.17 
   2014     15-19      144660.33    152289.50    296949.83 
   2014     20-24      182846.17    190697.83    373544.00 
   2014     25-29      204345.83    212287.67    416633.50 
   2014     30-34      215059.83    227399.00    442458.83 
   2014     35-39      222705.83    235249.83    457955.67 
   2014     40-44      194009.00    200655.00    394664.00 
   2014     45-49      177845.33    178842.33    356687.67 
   2014     50-54      186191.83    183236.00    369427.83 
   2014     55-59      198038.17    185029.17    383067.33 
   2014     60-64      188159.83    164056.00    352215.83 
   2014     65-69      143036.83    110884.83    253921.67 
   2014     70-74      113413.83     75121.50    188535.33 
   2014     75-79       87269.83     48664.33    135934.17 
   2014     80-84       66172.17     31403.33     97575.50 
   2014     85-89       35520.36     14016.92     49537.28 
   2014     90-94       13199.32      4771.08     17970.40 
   2014     95-99        1235.56       382.76      1618.33 
   2014    100-104        144.54        43.01       187.56 
   2014    105-109          1.48         0.15         1.64 
   2014    110+             0.00         0.00         0.00 
