Austria, Death rates (period 1x5)     Last modified: 02-Sep-2015, MPv5 (May07)

   Year      Age       Female       Male         Total
1947-1949      0     0.074790     0.094958     0.085141 
1947-1949      1     0.006198     0.007127     0.006673 
1947-1949      2     0.003523     0.003929     0.003730 
1947-1949      3     0.002623     0.002889     0.002758 
1947-1949      4     0.001954     0.002297     0.002128 
1947-1949      5     0.001501     0.001791     0.001648 
1947-1949      6     0.001308     0.001469     0.001390 
1947-1949      7     0.001038     0.001359     0.001201 
1947-1949      8     0.000918     0.001255     0.001090 
1947-1949      9     0.000715     0.000878     0.000798 
1947-1949     10     0.000814     0.001035     0.000926 
1947-1949     11     0.000773     0.001256     0.001019 
1947-1949     12     0.000767     0.001073     0.000923 
1947-1949     13     0.000896     0.000991     0.000945 
1947-1949     14     0.000921     0.001106     0.001016 
1947-1949     15     0.001139     0.001495     0.001323 
1947-1949     16     0.001315     0.001520     0.001421 
1947-1949     17     0.001424     0.002033     0.001739 
1947-1949     18     0.001467     0.002252     0.001872 
1947-1949     19     0.001823     0.002673     0.002256 
1947-1949     20     0.001992     0.002729     0.002360 
1947-1949     21     0.002136     0.002686     0.002402 
1947-1949     22     0.002073     0.003148     0.002573 
1947-1949     23     0.001827     0.003170     0.002430 
1947-1949     24     0.002155     0.003230     0.002626 
1947-1949     25     0.002135     0.003240     0.002614 
1947-1949     26     0.002185     0.003105     0.002583 
1947-1949     27     0.002237     0.002939     0.002540 
1947-1949     28     0.002144     0.002828     0.002441 
1947-1949     29     0.002218     0.002769     0.002459 
1947-1949     30     0.002484     0.003371     0.002875 
1947-1949     31     0.002455     0.003320     0.002837 
1947-1949     32     0.002468     0.003403     0.002881 
1947-1949     33     0.002500     0.003258     0.002835 
1947-1949     34     0.002748     0.003756     0.003195 
1947-1949     35     0.002835     0.003571     0.003163 
1947-1949     36     0.002857     0.003837     0.003296 
1947-1949     37     0.002934     0.004041     0.003432 
1947-1949     38     0.003297     0.004360     0.003777 
1947-1949     39     0.003214     0.004395     0.003749 
1947-1949     40     0.003496     0.004626     0.004010 
1947-1949     41     0.003637     0.004759     0.004153 
1947-1949     42     0.003787     0.005367     0.004521 
1947-1949     43     0.003730     0.005706     0.004657 
1947-1949     44     0.004318     0.006066     0.005142 
1947-1949     45     0.004452     0.006464     0.005404 
1947-1949     46     0.004906     0.007587     0.006176 
1947-1949     47     0.005326     0.008177     0.006672 
1947-1949     48     0.005879     0.009099     0.007388 
1947-1949     49     0.006241     0.009719     0.007852 
1947-1949     50     0.006436     0.010383     0.008240 
1947-1949     51     0.006782     0.010875     0.008626 
1947-1949     52     0.007579     0.012584     0.009802 
1947-1949     53     0.007692     0.013385     0.010190 
1947-1949     54     0.008322     0.013844     0.010728 
1947-1949     55     0.009119     0.015920     0.012078 
1947-1949     56     0.009947     0.017656     0.013306 
1947-1949     57     0.011254     0.017610     0.014025 
1947-1949     58     0.011751     0.018932     0.014872 
1947-1949     59     0.012954     0.021421     0.016619 
1947-1949     60     0.013790     0.023465     0.017962 
1947-1949     61     0.015868     0.025444     0.019992 
1947-1949     62     0.017702     0.027109     0.021757 
1947-1949     63     0.019687     0.029161     0.023782 
1947-1949     64     0.021206     0.033203     0.026397 
1947-1949     65     0.024389     0.034789     0.028887 
1947-1949     66     0.026428     0.037949     0.031402 
1947-1949     67     0.028817     0.040207     0.033724 
1947-1949     68     0.031349     0.045056     0.037231 
1947-1949     69     0.036680     0.050217     0.042463 
1947-1949     70     0.041474     0.053059     0.046414 
1947-1949     71     0.046183     0.056963     0.050786 
1947-1949     72     0.051226     0.064348     0.056824 
1947-1949     73     0.057728     0.071015     0.063372 
1947-1949     74     0.061040     0.077080     0.067817 
1947-1949     75     0.070661     0.085382     0.076878 
1947-1949     76     0.077732     0.092700     0.084092 
1947-1949     77     0.084313     0.102201     0.091944 
1947-1949     78     0.096379     0.112343     0.103161 
1947-1949     79     0.108105     0.127195     0.116126 
1947-1949     80     0.123026     0.139810     0.129980 
1947-1949     81     0.136801     0.146207     0.140663 
1947-1949     82     0.148064     0.167765     0.156093 
1947-1949     83     0.163533     0.177992     0.169367 
1947-1949     84     0.180988     0.192638     0.185654 
1947-1949     85     0.190437     0.221487     0.202748 
1947-1949     86     0.213696     0.229874     0.220014 
1947-1949     87     0.217253     0.259279     0.233334 
1947-1949     88     0.248289     0.302477     0.268390 
1947-1949     89     0.268265     0.302580     0.280680 
1947-1949     90     0.298241     0.356745     0.319019 
1947-1949     91     0.318490     0.365999     0.334585 
1947-1949     92     0.322106     0.326917     0.323633 
1947-1949     93     0.401505     0.388699     0.397512 
1947-1949     94     0.325080     0.430412     0.357767 
1947-1949     95     0.392986     0.396256     0.393944 
1947-1949     96     0.449933     0.416822     0.440422 
1947-1949     97     0.487328     0.372917     0.450473 
1947-1949     98     0.380054     0.469766     0.413141 
1947-1949     99     0.700628     0.454447     0.601464 
1947-1949    100     0.585938     0.225522     0.382287 
1947-1949    101     0.684151     0.176419     0.280505 
1947-1949    102     0.000000     0.000000     0.000000 
1947-1949    103     2.054795     0.000000     0.691244 
1947-1949    104            .     0.000000     0.000000 
1947-1949    105            .            .            . 
1947-1949    106            .            .            . 
1947-1949    107            .            .            . 
1947-1949    108            .            .            . 
1947-1949    109            .            .            . 
1947-1949    110+           .            .            . 
1950-1954      0     0.049630     0.065222     0.057605 
1950-1954      1     0.003940     0.004210     0.004078 
1950-1954      2     0.002093     0.002488     0.002295 
1950-1954      3     0.001441     0.001575     0.001510 
1950-1954      4     0.001105     0.001349     0.001230 
1950-1954      5     0.000780     0.000996     0.000890 
1950-1954      6     0.000758     0.001055     0.000910 
1950-1954      7     0.000578     0.000841     0.000712 
1950-1954      8     0.000587     0.000704     0.000646 
1950-1954      9     0.000410     0.000700     0.000557 
1950-1954     10     0.000464     0.000720     0.000595 
1950-1954     11     0.000452     0.000630     0.000542 
1950-1954     12     0.000421     0.000658     0.000542 
1950-1954     13     0.000520     0.000690     0.000606 
1950-1954     14     0.000569     0.000737     0.000654 
1950-1954     15     0.000563     0.000923     0.000746 
1950-1954     16     0.000740     0.001173     0.000960 
1950-1954     17     0.000773     0.001509     0.001148 
1950-1954     18     0.000890     0.001747     0.001327 
1950-1954     19     0.001035     0.001906     0.001479 
1950-1954     20     0.001065     0.002116     0.001601 
1950-1954     21     0.001023     0.002249     0.001647 
1950-1954     22     0.001072     0.002106     0.001595 
1950-1954     23     0.001199     0.002123     0.001661 
1950-1954     24     0.001289     0.001958     0.001616 
1950-1954     25     0.001336     0.001985     0.001644 
1950-1954     26     0.001281     0.002030     0.001625 
1950-1954     27     0.001304     0.002145     0.001677 
1950-1954     28     0.001176     0.002038     0.001549 
1950-1954     29     0.001384     0.002068     0.001676 
1950-1954     30     0.001638     0.002324     0.001929 
1950-1954     31     0.001531     0.002047     0.001750 
1950-1954     32     0.001575     0.001982     0.001748 
1950-1954     33     0.001661     0.002253     0.001913 
1950-1954     34     0.001733     0.002295     0.001974 
1950-1954     35     0.001816     0.002662     0.002181 
1950-1954     36     0.002146     0.002890     0.002468 
1950-1954     37     0.002143     0.002967     0.002502 
1950-1954     38     0.002295     0.003107     0.002650 
1950-1954     39     0.002495     0.003192     0.002802 
1950-1954     40     0.002710     0.003394     0.003013 
1950-1954     41     0.002644     0.003750     0.003137 
1950-1954     42     0.003184     0.004145     0.003615 
1950-1954     43     0.003225     0.004449     0.003776 
1950-1954     44     0.003666     0.004849     0.004203 
1950-1954     45     0.003586     0.005452     0.004439 
1950-1954     46     0.003955     0.006097     0.004945 
1950-1954     47     0.004601     0.007055     0.005743 
1950-1954     48     0.005370     0.007364     0.006304 
1950-1954     49     0.005328     0.008107     0.006635 
1950-1954     50     0.005717     0.009642     0.007559 
1950-1954     51     0.006242     0.010325     0.008150 
1950-1954     52     0.006770     0.012044     0.009216 
1950-1954     53     0.007043     0.013018     0.009780 
1950-1954     54     0.007900     0.013923     0.010621 
1950-1954     55     0.008212     0.015233     0.011337 
1950-1954     56     0.009185     0.016688     0.012474 
1950-1954     57     0.009674     0.017698     0.013147 
1950-1954     58     0.010660     0.019321     0.014380 
1950-1954     59     0.011795     0.021446     0.015917 
1950-1954     60     0.012920     0.022540     0.017022 
1950-1954     61     0.014408     0.025472     0.019122 
1950-1954     62     0.016218     0.027621     0.021057 
1950-1954     63     0.017757     0.030118     0.022986 
1950-1954     64     0.019360     0.031999     0.024677 
1950-1954     65     0.021943     0.035161     0.027493 
1950-1954     66     0.025141     0.037854     0.030474 
1950-1954     67     0.027386     0.042870     0.033891 
1950-1954     68     0.030667     0.046225     0.037196 
1950-1954     69     0.033888     0.052383     0.041636 
1950-1954     70     0.039195     0.055131     0.045851 
1950-1954     71     0.043769     0.058083     0.049722 
1950-1954     72     0.048369     0.064734     0.055164 
1950-1954     73     0.055072     0.072095     0.062105 
1950-1954     74     0.059563     0.079810     0.067909 
1950-1954     75     0.068324     0.085393     0.075327 
1950-1954     76     0.076743     0.093392     0.083563 
1950-1954     77     0.084713     0.105036     0.093009 
1950-1954     78     0.095674     0.114209     0.103212 
1950-1954     79     0.106079     0.128217     0.115065 
1950-1954     80     0.119289     0.137241     0.126563 
1950-1954     81     0.127564     0.154273     0.138374 
1950-1954     82     0.147069     0.173168     0.157583 
1950-1954     83     0.157720     0.186266     0.169124 
1950-1954     84     0.179271     0.200115     0.187514 
1950-1954     85     0.194649     0.214288     0.202353 
1950-1954     86     0.213308     0.250807     0.227846 
1950-1954     87     0.233770     0.257686     0.242900 
1950-1954     88     0.250539     0.287249     0.264319 
1950-1954     89     0.272074     0.302606     0.283270 
1950-1954     90     0.301461     0.333385     0.312876 
1950-1954     91     0.319724     0.366958     0.336100 
1950-1954     92     0.365671     0.395250     0.375641 
1950-1954     93     0.386149     0.408445     0.393566 
1950-1954     94     0.381558     0.479737     0.413037 
1950-1954     95     0.419525     0.449611     0.428660 
1950-1954     96     0.450549     0.466937     0.455513 
1950-1954     97     0.412288     0.402077     0.409196 
1950-1954     98     0.426232     0.477444     0.441627 
1950-1954     99     0.644860     0.685453     0.657056 
1950-1954    100     0.542594     0.869081     0.636840 
1950-1954    101     0.991940     1.015228     0.998914 
1950-1954    102     0.000000     0.416522     0.211379 
1950-1954    103     0.000000     0.813008     0.531915 
1950-1954    104     0.000000     0.506757     0.408441 
1950-1954    105            .     1.421801     1.421801 
1950-1954    106            .            .            . 
1950-1954    107            .            .            . 
1950-1954    108            .            .            . 
1950-1954    109            .            .            . 
1950-1954    110+           .            .            . 
1955-1959      0     0.039047     0.050256     0.044777 
1955-1959      1     0.002690     0.003034     0.002865 
1955-1959      2     0.001482     0.001801     0.001645 
1955-1959      3     0.000962     0.001334     0.001152 
1955-1959      4     0.000803     0.001244     0.001028 
1955-1959      5     0.000731     0.000904     0.000819 
1955-1959      6     0.000555     0.000741     0.000649 
1955-1959      7     0.000492     0.000780     0.000639 
1955-1959      8     0.000461     0.000724     0.000596 
1955-1959      9     0.000407     0.000549     0.000480 
1955-1959     10     0.000399     0.000512     0.000456 
1955-1959     11     0.000375     0.000551     0.000465 
1955-1959     12     0.000375     0.000537     0.000458 
1955-1959     13     0.000400     0.000630     0.000517 
1955-1959     14     0.000476     0.000741     0.000611 
1955-1959     15     0.000559     0.000882     0.000724 
1955-1959     16     0.000600     0.001134     0.000873 
1955-1959     17     0.000632     0.001489     0.001071 
1955-1959     18     0.000653     0.001973     0.001329 
1955-1959     19     0.000712     0.002139     0.001443 
1955-1959     20     0.000707     0.002405     0.001574 
1955-1959     21     0.000812     0.002625     0.001736 
1955-1959     22     0.000919     0.002540     0.001743 
1955-1959     23     0.000865     0.002527     0.001709 
1955-1959     24     0.000931     0.002358     0.001655 
1955-1959     25     0.000981     0.002471     0.001738 
1955-1959     26     0.000938     0.002280     0.001619 
1955-1959     27     0.001049     0.002350     0.001706 
1955-1959     28     0.001089     0.002242     0.001665 
1955-1959     29     0.001146     0.002219     0.001670 
1955-1959     30     0.001126     0.002100     0.001587 
1955-1959     31     0.001276     0.002354     0.001768 
1955-1959     32     0.001200     0.002262     0.001669 
1955-1959     33     0.001450     0.002455     0.001883 
1955-1959     34     0.001590     0.002406     0.001936 
1955-1959     35     0.001569     0.002417     0.001926 
1955-1959     36     0.001818     0.002589     0.002143 
1955-1959     37     0.001751     0.002442     0.002043 
1955-1959     38     0.001894     0.003068     0.002391 
1955-1959     39     0.002042     0.003100     0.002492 
1955-1959     40     0.002298     0.003287     0.002722 
1955-1959     41     0.002491     0.003336     0.002855 
1955-1959     42     0.002661     0.003761     0.003137 
1955-1959     43     0.002665     0.003889     0.003198 
1955-1959     44     0.002893     0.004546     0.003617 
1955-1959     45     0.003218     0.005116     0.004054 
1955-1959     46     0.003673     0.005469     0.004470 
1955-1959     47     0.003936     0.006238     0.004962 
1955-1959     48     0.004181     0.006773     0.005340 
1955-1959     49     0.004514     0.007579     0.005895 
1955-1959     50     0.004863     0.008354     0.006451 
1955-1959     51     0.005413     0.009594     0.007328 
1955-1959     52     0.005780     0.009992     0.007723 
1955-1959     53     0.006593     0.012021     0.009113 
1955-1959     54     0.006875     0.012923     0.009686 
1955-1959     55     0.007475     0.014532     0.010740 
1955-1959     56     0.008113     0.016668     0.012045 
1955-1959     57     0.008747     0.018280     0.013081 
1955-1959     58     0.009879     0.019653     0.014262 
1955-1959     59     0.010261     0.021183     0.015079 
1955-1959     60     0.011841     0.023660     0.016962 
1955-1959     61     0.012821     0.026025     0.018442 
1955-1959     62     0.014587     0.028312     0.020341 
1955-1959     63     0.016312     0.029770     0.021892 
1955-1959     64     0.017779     0.032422     0.023817 
1955-1959     65     0.019266     0.035563     0.025957 
1955-1959     66     0.022083     0.039696     0.029278 
1955-1959     67     0.024583     0.041636     0.031514 
1955-1959     68     0.028095     0.045514     0.035135 
1955-1959     69     0.031937     0.050255     0.039291 
1955-1959     70     0.034960     0.054608     0.042811 
1955-1959     71     0.039626     0.059331     0.047491 
1955-1959     72     0.044982     0.064795     0.052874 
1955-1959     73     0.049700     0.071898     0.058520 
1955-1959     74     0.056752     0.076459     0.064580 
1955-1959     75     0.063451     0.086919     0.072737 
1955-1959     76     0.069742     0.093175     0.078929 
1955-1959     77     0.079484     0.102650     0.088518 
1955-1959     78     0.087443     0.111571     0.096807 
1955-1959     79     0.101583     0.120647     0.108941 
1955-1959     80     0.108565     0.136583     0.119332 
1955-1959     81     0.121733     0.147215     0.131457 
1955-1959     82     0.136968     0.161270     0.146185 
1955-1959     83     0.147578     0.177743     0.158956 
1955-1959     84     0.165173     0.202492     0.179142 
1955-1959     85     0.183375     0.212895     0.194338 
1955-1959     86     0.207677     0.241683     0.220251 
1955-1959     87     0.219310     0.250209     0.230681 
1955-1959     88     0.239029     0.272489     0.251244 
1955-1959     89     0.263649     0.297847     0.275945 
1955-1959     90     0.275701     0.323672     0.292574 
1955-1959     91     0.306784     0.345790     0.320240 
1955-1959     92     0.337953     0.378224     0.351622 
1955-1959     93     0.349436     0.416203     0.371366 
1955-1959     94     0.364498     0.398223     0.375135 
1955-1959     95     0.442012     0.443873     0.442586 
1955-1959     96     0.443352     0.470769     0.451668 
1955-1959     97     0.483180     0.528041     0.496329 
1955-1959     98     0.508841     0.734030     0.568928 
1955-1959     99     0.670967     0.678648     0.672819 
1955-1959    100     0.516107     1.050481     0.637768 
1955-1959    101     0.633425     0.000000     0.500321 
1955-1959    102     0.492476     0.238190     0.427307 
1955-1959    103     0.504626     0.000000     0.350058 
1955-1959    104     0.896526     1.562500     1.096892 
1955-1959    105     0.451467     4.109589     0.813559 
1955-1959    106     1.398601            .     1.398601 
1955-1959    107            .            .            . 
1955-1959    108            .            .            . 
1955-1959    109            .            .            . 
1955-1959    110+           .            .            . 
1960-1964      0     0.029335     0.037882     0.033705 
1960-1964      1     0.002149     0.002405     0.002280 
1960-1964      2     0.001093     0.001343     0.001221 
1960-1964      3     0.000830     0.001099     0.000967 
1960-1964      4     0.000629     0.000901     0.000768 
1960-1964      5     0.000581     0.000743     0.000664 
1960-1964      6     0.000405     0.000624     0.000517 
1960-1964      7     0.000360     0.000534     0.000449 
1960-1964      8     0.000322     0.000505     0.000415 
1960-1964      9     0.000363     0.000523     0.000445 
1960-1964     10     0.000322     0.000492     0.000409 
1960-1964     11     0.000330     0.000386     0.000358 
1960-1964     12     0.000252     0.000473     0.000365 
1960-1964     13     0.000253     0.000453     0.000355 
1960-1964     14     0.000408     0.000690     0.000552 
1960-1964     15     0.000449     0.000833     0.000645 
1960-1964     16     0.000474     0.001119     0.000803 
1960-1964     17     0.000509     0.001168     0.000845 
1960-1964     18     0.000508     0.001637     0.001083 
1960-1964     19     0.000567     0.001787     0.001188 
1960-1964     20     0.000550     0.001803     0.001189 
1960-1964     21     0.000550     0.002023     0.001303 
1960-1964     22     0.000564     0.001741     0.001165 
1960-1964     23     0.000673     0.001842     0.001271 
1960-1964     24     0.000650     0.001701     0.001188 
1960-1964     25     0.000649     0.001831     0.001252 
1960-1964     26     0.000680     0.001879     0.001289 
1960-1964     27     0.000793     0.001829     0.001318 
1960-1964     28     0.000845     0.001899     0.001379 
1960-1964     29     0.000873     0.002001     0.001444 
1960-1964     30     0.000888     0.001775     0.001338 
1960-1964     31     0.001018     0.002121     0.001577 
1960-1964     32     0.001089     0.002144     0.001622 
1960-1964     33     0.001247     0.002209     0.001727 
1960-1964     34     0.001179     0.002203     0.001678 
1960-1964     35     0.001214     0.002428     0.001788 
1960-1964     36     0.001507     0.002463     0.001943 
1960-1964     37     0.001583     0.002870     0.002150 
1960-1964     38     0.001688     0.002505     0.002039 
1960-1964     39     0.001985     0.003094     0.002454 
1960-1964     40     0.001941     0.003387     0.002548 
1960-1964     41     0.002146     0.003268     0.002617 
1960-1964     42     0.002164     0.003552     0.002748 
1960-1964     43     0.002556     0.003823     0.003091 
1960-1964     44     0.002695     0.004451     0.003440 
1960-1964     45     0.003035     0.004954     0.003854 
1960-1964     46     0.003379     0.005113     0.004122 
1960-1964     47     0.003367     0.005424     0.004253 
1960-1964     48     0.003752     0.006258     0.004837 
1960-1964     49     0.004264     0.006842     0.005386 
1960-1964     50     0.004511     0.008043     0.006057 
1960-1964     51     0.004880     0.008707     0.006564 
1960-1964     52     0.005526     0.009856     0.007437 
1960-1964     53     0.005606     0.010787     0.007898 
1960-1964     54     0.006378     0.011876     0.008825 
1960-1964     55     0.006659     0.013353     0.009662 
1960-1964     56     0.007310     0.014900     0.010734 
1960-1964     57     0.007917     0.016891     0.011986 
1960-1964     58     0.009257     0.019016     0.013697 
1960-1964     59     0.009923     0.020977     0.014941 
1960-1964     60     0.011078     0.023580     0.016709 
1960-1964     61     0.012270     0.025655     0.018240 
1960-1964     62     0.013199     0.028509     0.019933 
1960-1964     63     0.014467     0.030382     0.021347 
1960-1964     64     0.016615     0.034248     0.024090 
1960-1964     65     0.018700     0.037115     0.026333 
1960-1964     66     0.020068     0.039903     0.028119 
1960-1964     67     0.023022     0.042948     0.030965 
1960-1964     68     0.025336     0.047194     0.033933 
1960-1964     69     0.028222     0.050364     0.036851 
1960-1964     70     0.031870     0.056017     0.041208 
1960-1964     71     0.036424     0.059088     0.045131 
1960-1964     72     0.041123     0.067078     0.051023 
1960-1964     73     0.046131     0.071520     0.055729 
1960-1964     74     0.051754     0.077431     0.061369 
1960-1964     75     0.057282     0.084123     0.067274 
1960-1964     76     0.064645     0.091910     0.074771 
1960-1964     77     0.074446     0.099704     0.083797 
1960-1964     78     0.081834     0.110048     0.092230 
1960-1964     79     0.091085     0.122230     0.102522 
1960-1964     80     0.103194     0.132631     0.113908 
1960-1964     81     0.116133     0.144712     0.126445 
1960-1964     82     0.127450     0.157291     0.138142 
1960-1964     83     0.143257     0.178183     0.155677 
1960-1964     84     0.161533     0.193559     0.172812 
1960-1964     85     0.173729     0.206108     0.185033 
1960-1964     86     0.190135     0.226218     0.202590 
1960-1964     87     0.206832     0.251300     0.221950 
1960-1964     88     0.229949     0.280849     0.246994 
1960-1964     89     0.247484     0.281153     0.258678 
1960-1964     90     0.266927     0.312270     0.281917 
1960-1964     91     0.303305     0.367471     0.324162 
1960-1964     92     0.312389     0.392232     0.337755 
1960-1964     93     0.360707     0.379909     0.366745 
1960-1964     94     0.375689     0.445321     0.397376 
1960-1964     95     0.381399     0.442509     0.399865 
1960-1964     96     0.374113     0.514721     0.414954 
1960-1964     97     0.435037     0.561677     0.468583 
1960-1964     98     0.463809     0.507851     0.474568 
1960-1964     99     0.459995     0.479042     0.464556 
1960-1964    100     0.657633     0.611257     0.647112 
1960-1964    101     0.788672     0.829684     0.797115 
1960-1964    102     0.540054     0.000000     0.410818 
1960-1964    103     0.595681     1.577564     0.812379 
1960-1964    104     0.476758     0.000000     0.402820 
1960-1964    105     0.898876     2.112676     1.111797 
1960-1964    106     2.758621            .     2.758621 
1960-1964    107            .            .            . 
1960-1964    108            .            .            . 
1960-1964    109            .            .            . 
1960-1964    110+           .            .            . 
1965-1969      0     0.023283     0.030650     0.027050 
1965-1969      1     0.001692     0.002041     0.001870 
1965-1969      2     0.000952     0.001170     0.001063 
1965-1969      3     0.000735     0.000842     0.000790 
1965-1969      4     0.000491     0.000696     0.000596 
1965-1969      5     0.000459     0.000689     0.000577 
1965-1969      6     0.000427     0.000723     0.000579 
1965-1969      7     0.000385     0.000618     0.000504 
1965-1969      8     0.000339     0.000543     0.000443 
1965-1969      9     0.000327     0.000506     0.000419 
1965-1969     10     0.000346     0.000477     0.000413 
1965-1969     11     0.000341     0.000402     0.000372 
1965-1969     12     0.000332     0.000467     0.000401 
1965-1969     13     0.000264     0.000465     0.000366 
1965-1969     14     0.000297     0.000498     0.000399 
1965-1969     15     0.000376     0.000711     0.000546 
1965-1969     16     0.000488     0.001123     0.000812 
1965-1969     17     0.000407     0.001449     0.000937 
1965-1969     18     0.000593     0.001788     0.001202 
1965-1969     19     0.000590     0.001813     0.001215 
1965-1969     20     0.000600     0.001803     0.001214 
1965-1969     21     0.000612     0.001797     0.001216 
1965-1969     22     0.000544     0.001845     0.001208 
1965-1969     23     0.000481     0.001720     0.001112 
1965-1969     24     0.000578     0.001565     0.001082 
1965-1969     25     0.000497     0.001726     0.001125 
1965-1969     26     0.000645     0.001665     0.001167 
1965-1969     27     0.000612     0.001627     0.001131 
1965-1969     28     0.000758     0.001662     0.001221 
1965-1969     29     0.000717     0.001739     0.001240 
1965-1969     30     0.000803     0.001893     0.001361 
1965-1969     31     0.000877     0.001913     0.001406 
1965-1969     32     0.000897     0.002203     0.001563 
1965-1969     33     0.000995     0.002366     0.001694 
1965-1969     34     0.001139     0.002303     0.001732 
1965-1969     35     0.001239     0.002576     0.001922 
1965-1969     36     0.001234     0.002515     0.001888 
1965-1969     37     0.001568     0.002996     0.002294 
1965-1969     38     0.001409     0.002967     0.002191 
1965-1969     39     0.001687     0.003191     0.002425 
1965-1969     40     0.001691     0.003498     0.002550 
1965-1969     41     0.001974     0.003940     0.002874 
1965-1969     42     0.002247     0.003928     0.002990 
1965-1969     43     0.002297     0.004066     0.003060 
1965-1969     44     0.002701     0.004434     0.003436 
1965-1969     45     0.002949     0.005089     0.003849 
1965-1969     46     0.003014     0.005639     0.004117 
1965-1969     47     0.003468     0.006190     0.004613 
1965-1969     48     0.003980     0.006531     0.005055 
1965-1969     49     0.003925     0.007215     0.005317 
1965-1969     50     0.004265     0.007600     0.005669 
1965-1969     51     0.004941     0.008564     0.006485 
1965-1969     52     0.005192     0.008828     0.006748 
1965-1969     53     0.005730     0.009994     0.007562 
1965-1969     54     0.005989     0.011465     0.008350 
1965-1969     55     0.006719     0.012864     0.009378 
1965-1969     56     0.007407     0.014166     0.010342 
1965-1969     57     0.007961     0.015937     0.011426 
1965-1969     58     0.008882     0.017434     0.012596 
1965-1969     59     0.009360     0.019897     0.013950 
1965-1969     60     0.010483     0.022052     0.015548 
1965-1969     61     0.011686     0.025135     0.017588 
1965-1969     62     0.013265     0.028615     0.020005 
1965-1969     63     0.014631     0.031328     0.021957 
1965-1969     64     0.016394     0.033471     0.023837 
1965-1969     65     0.018007     0.037875     0.026563 
1965-1969     66     0.020443     0.042250     0.029709 
1965-1969     67     0.022876     0.045853     0.032464 
1965-1969     68     0.025653     0.049722     0.035486 
1965-1969     69     0.028702     0.054950     0.039163 
1965-1969     70     0.033249     0.058159     0.042923 
1965-1969     71     0.036730     0.065523     0.047637 
1965-1969     72     0.041482     0.069081     0.051700 
1965-1969     73     0.045567     0.074461     0.056089 
1965-1969     74     0.051774     0.080148     0.061980 
1965-1969     75     0.057609     0.088539     0.068624 
1965-1969     76     0.064833     0.093361     0.074901 
1965-1969     77     0.071408     0.102653     0.082326 
1965-1969     78     0.081342     0.115059     0.092982 
1965-1969     79     0.090171     0.124078     0.101712 
1965-1969     80     0.103724     0.135326     0.114376 
1965-1969     81     0.113811     0.149309     0.125748 
1965-1969     82     0.126315     0.162010     0.138239 
1965-1969     83     0.142088     0.176658     0.153570 
1965-1969     84     0.155523     0.193611     0.168098 
1965-1969     85     0.172814     0.207598     0.184209 
1965-1969     86     0.187886     0.221443     0.198777 
1965-1969     87     0.207200     0.245493     0.219504 
1965-1969     88     0.232338     0.262191     0.241806 
1965-1969     89     0.251903     0.286219     0.262656 
1965-1969     90     0.279075     0.305452     0.287259 
1965-1969     91     0.294878     0.344889     0.310033 
1965-1969     92     0.324334     0.370246     0.337688 
1965-1969     93     0.349291     0.377320     0.357207 
1965-1969     94     0.386418     0.427041     0.397715 
1965-1969     95     0.416854     0.445715     0.424775 
1965-1969     96     0.379867     0.411041     0.388367 
1965-1969     97     0.578336     0.432970     0.537372 
1965-1969     98     0.487579     0.560413     0.509136 
1965-1969     99     0.483025     0.651675     0.528627 
1965-1969    100     0.648900     0.636396     0.645872 
1965-1969    101     0.445574     0.529204     0.464448 
1965-1969    102     0.436522     0.404927     0.429815 
1965-1969    103     0.594648     0.310398     0.521216 
1965-1969    104     0.729572     0.546697     0.665927 
1965-1969    105     0.000000     0.832178     0.315789 
1965-1969    106     0.000000     0.000000     0.000000 
1965-1969    107            .            .            . 
1965-1969    108            .            .            . 
1965-1969    109            .            .            . 
1965-1969    110+           .            .            . 
1970-1974      0     0.021106     0.028402     0.024844 
1970-1974      1     0.001339     0.001642     0.001494 
1970-1974      2     0.000769     0.000938     0.000855 
1970-1974      3     0.000595     0.000824     0.000712 
1970-1974      4     0.000462     0.000664     0.000566 
1970-1974      5     0.000382     0.000586     0.000487 
1970-1974      6     0.000379     0.000575     0.000479 
1970-1974      7     0.000347     0.000537     0.000444 
1970-1974      8     0.000294     0.000567     0.000433 
1970-1974      9     0.000260     0.000495     0.000380 
1970-1974     10     0.000257     0.000470     0.000366 
1970-1974     11     0.000250     0.000395     0.000324 
1970-1974     12     0.000276     0.000418     0.000349 
1970-1974     13     0.000297     0.000522     0.000412 
1970-1974     14     0.000370     0.000610     0.000492 
1970-1974     15     0.000438     0.000740     0.000592 
1970-1974     16     0.000600     0.001367     0.000991 
1970-1974     17     0.000686     0.001592     0.001147 
1970-1974     18     0.000642     0.002278     0.001471 
1970-1974     19     0.000677     0.002346     0.001521 
1970-1974     20     0.000586     0.002014     0.001306 
1970-1974     21     0.000533     0.002156     0.001353 
1970-1974     22     0.000532     0.002016     0.001286 
1970-1974     23     0.000529     0.001791     0.001174 
1970-1974     24     0.000540     0.001706     0.001139 
1970-1974     25     0.000659     0.001696     0.001191 
1970-1974     26     0.000527     0.001724     0.001141 
1970-1974     27     0.000658     0.001672     0.001177 
1970-1974     28     0.000640     0.001807     0.001236 
1970-1974     29     0.000653     0.001793     0.001235 
1970-1974     30     0.000735     0.001825     0.001292 
1970-1974     31     0.000875     0.001804     0.001350 
1970-1974     32     0.000837     0.001822     0.001341 
1970-1974     33     0.000783     0.002134     0.001475 
1970-1974     34     0.001049     0.002107     0.001591 
1970-1974     35     0.000939     0.002305     0.001639 
1970-1974     36     0.001142     0.002529     0.001853 
1970-1974     37     0.001251     0.002820     0.002054 
1970-1974     38     0.001395     0.003107     0.002270 
1970-1974     39     0.001623     0.003453     0.002559 
1970-1974     40     0.001851     0.003565     0.002727 
1970-1974     41     0.001842     0.003904     0.002893 
1970-1974     42     0.001995     0.004268     0.003147 
1970-1974     43     0.002110     0.004821     0.003465 
1970-1974     44     0.002404     0.004867     0.003605 
1970-1974     45     0.002521     0.005122     0.003749 
1970-1974     46     0.003028     0.005716     0.004252 
1970-1974     47     0.003449     0.006198     0.004657 
1970-1974     48     0.003521     0.006608     0.004843 
1970-1974     49     0.004052     0.007325     0.005429 
1970-1974     50     0.004404     0.007851     0.005842 
1970-1974     51     0.004541     0.009212     0.006486 
1970-1974     52     0.005037     0.009579     0.006930 
1970-1974     53     0.005522     0.010455     0.007579 
1970-1974     54     0.005602     0.011823     0.008204 
1970-1974     55     0.006202     0.012328     0.008774 
1970-1974     56     0.006923     0.013160     0.009545 
1970-1974     57     0.007269     0.015367     0.010678 
1970-1974     58     0.008229     0.016715     0.011810 
1970-1974     59     0.008687     0.017985     0.012614 
1970-1974     60     0.009925     0.020207     0.014271 
1970-1974     61     0.011244     0.022847     0.016146 
1970-1974     62     0.012318     0.025065     0.017688 
1970-1974     63     0.013336     0.028219     0.019576 
1970-1974     64     0.014876     0.031556     0.021859 
1970-1974     65     0.016791     0.034453     0.024192 
1970-1974     66     0.018881     0.039182     0.027373 
1970-1974     67     0.020717     0.042653     0.029856 
1970-1974     68     0.023761     0.047109     0.033431 
1970-1974     69     0.026868     0.051974     0.037145 
1970-1974     70     0.029917     0.055918     0.040374 
1970-1974     71     0.034594     0.061858     0.045362 
1970-1974     72     0.038061     0.068889     0.049958 
1970-1974     73     0.042989     0.074927     0.054985 
1970-1974     74     0.048799     0.082375     0.061046 
1970-1974     75     0.053786     0.088333     0.066000 
1970-1974     76     0.062445     0.095269     0.073700 
1970-1974     77     0.068194     0.103623     0.080029 
1970-1974     78     0.077263     0.111708     0.088546 
1970-1974     79     0.086529     0.120561     0.097502 
1970-1974     80     0.098100     0.134623     0.109619 
1970-1974     81     0.109036     0.145887     0.120512 
1970-1974     82     0.121996     0.160825     0.133948 
1970-1974     83     0.134631     0.171887     0.145919 
1970-1974     84     0.151460     0.186848     0.162051 
1970-1974     85     0.167820     0.204679     0.178779 
1970-1974     86     0.184453     0.225538     0.196620 
1970-1974     87     0.199043     0.236946     0.210205 
1970-1974     88     0.221758     0.266349     0.234789 
1970-1974     89     0.242322     0.278798     0.252919 
1970-1974     90     0.262763     0.316339     0.278177 
1970-1974     91     0.296821     0.346465     0.310843 
1970-1974     92     0.317548     0.365395     0.331037 
1970-1974     93     0.335063     0.357850     0.341455 
1970-1974     94     0.355067     0.408429     0.369814 
1970-1974     95     0.388864     0.430574     0.400069 
1970-1974     96     0.436306     0.463334     0.443305 
1970-1974     97     0.433514     0.474395     0.443795 
1970-1974     98     0.455183     0.506577     0.467932 
1970-1974     99     0.447382     0.555704     0.472663 
1970-1974    100     0.560416     0.651684     0.579970 
1970-1974    101     0.534081     0.515182     0.529228 
1970-1974    102     0.588684     0.801202     0.640999 
1970-1974    103     0.677907     0.253700     0.605580 
1970-1974    104     0.401875     0.364742     0.395170 
1970-1974    105     0.858369     0.000000     0.640439 
1970-1974    106     0.888889     2.416107     1.219158 
1970-1974    107     1.333333            .     1.333333 
1970-1974    108            .            .            . 
1970-1974    109            .            .            . 
1970-1974    110+           .            .            . 
1975-1979      0     0.014972     0.019244     0.017163 
1975-1979      1     0.001078     0.001393     0.001239 
1975-1979      2     0.000666     0.000900     0.000786 
1975-1979      3     0.000412     0.000570     0.000493 
1975-1979      4     0.000387     0.000472     0.000430 
1975-1979      5     0.000374     0.000440     0.000408 
1975-1979      6     0.000311     0.000459     0.000386 
1975-1979      7     0.000233     0.000404     0.000320 
1975-1979      8     0.000234     0.000323     0.000280 
1975-1979      9     0.000180     0.000364     0.000274 
1975-1979     10     0.000215     0.000306     0.000261 
1975-1979     11     0.000223     0.000366     0.000296 
1975-1979     12     0.000211     0.000356     0.000285 
1975-1979     13     0.000206     0.000453     0.000332 
1975-1979     14     0.000262     0.000462     0.000364 
1975-1979     15     0.000356     0.000732     0.000547 
1975-1979     16     0.000446     0.001539     0.001001 
1975-1979     17     0.000561     0.001596     0.001087 
1975-1979     18     0.000565     0.002124     0.001355 
1975-1979     19     0.000596     0.002227     0.001421 
1975-1979     20     0.000553     0.002040     0.001303 
1975-1979     21     0.000568     0.002082     0.001330 
1975-1979     22     0.000470     0.001817     0.001147 
1975-1979     23     0.000479     0.001722     0.001103 
1975-1979     24     0.000543     0.001656     0.001103 
1975-1979     25     0.000492     0.001578     0.001040 
1975-1979     26     0.000501     0.001454     0.000983 
1975-1979     27     0.000613     0.001652     0.001141 
1975-1979     28     0.000634     0.001565     0.001108 
1975-1979     29     0.000618     0.001579     0.001108 
1975-1979     30     0.000691     0.001680     0.001194 
1975-1979     31     0.000771     0.001672     0.001229 
1975-1979     32     0.000811     0.001931     0.001380 
1975-1979     33     0.000967     0.002059     0.001522 
1975-1979     34     0.001003     0.002153     0.001586 
1975-1979     35     0.001122     0.002083     0.001610 
1975-1979     36     0.001043     0.002243     0.001653 
1975-1979     37     0.001200     0.002288     0.001754 
1975-1979     38     0.001293     0.002799     0.002059 
1975-1979     39     0.001393     0.002892     0.002156 
1975-1979     40     0.001557     0.003081     0.002332 
1975-1979     41     0.001793     0.003615     0.002718 
1975-1979     42     0.001808     0.004085     0.002961 
1975-1979     43     0.002046     0.004557     0.003315 
1975-1979     44     0.002162     0.005038     0.003615 
1975-1979     45     0.002458     0.005269     0.003877 
1975-1979     46     0.002561     0.006084     0.004336 
1975-1979     47     0.002885     0.006291     0.004591 
1975-1979     48     0.003269     0.007162     0.005191 
1975-1979     49     0.003621     0.007874     0.005671 
1975-1979     50     0.003911     0.008379     0.005995 
1975-1979     51     0.004078     0.008486     0.006058 
1975-1979     52     0.004718     0.009678     0.006867 
1975-1979     53     0.004887     0.010133     0.007099 
1975-1979     54     0.005261     0.011408     0.007806 
1975-1979     55     0.005983     0.012765     0.008762 
1975-1979     56     0.006407     0.013898     0.009467 
1975-1979     57     0.006925     0.014503     0.010021 
1975-1979     58     0.007841     0.016327     0.011305 
1975-1979     59     0.008395     0.017604     0.012160 
1975-1979     60     0.009356     0.018745     0.013202 
1975-1979     61     0.009996     0.021348     0.014641 
1975-1979     62     0.010709     0.022145     0.015383 
1975-1979     63     0.012092     0.025215     0.017454 
1975-1979     64     0.013670     0.027168     0.019177 
1975-1979     65     0.014960     0.030585     0.021317 
1975-1979     66     0.016889     0.033626     0.023671 
1975-1979     67     0.019184     0.038489     0.026947 
1975-1979     68     0.020528     0.041332     0.028810 
1975-1979     69     0.023747     0.047051     0.032965 
1975-1979     70     0.026410     0.051077     0.036122 
1975-1979     71     0.030641     0.057985     0.041323 
1975-1979     72     0.033954     0.062048     0.044819 
1975-1979     73     0.038522     0.069931     0.050522 
1975-1979     74     0.043466     0.075720     0.055563 
1975-1979     75     0.049601     0.085075     0.062566 
1975-1979     76     0.056650     0.092586     0.069441 
1975-1979     77     0.063426     0.103436     0.077243 
1975-1979     78     0.071419     0.109003     0.083973 
1975-1979     79     0.081148     0.122151     0.094386 
1975-1979     80     0.092959     0.136246     0.106279 
1975-1979     81     0.103853     0.141529     0.115072 
1975-1979     82     0.115153     0.161392     0.128557 
1975-1979     83     0.129192     0.169305     0.140536 
1975-1979     84     0.144624     0.186982     0.156394 
1975-1979     85     0.159485     0.198348     0.170162 
1975-1979     86     0.179873     0.220161     0.190807 
1975-1979     87     0.199874     0.240976     0.210838 
1975-1979     88     0.216933     0.259521     0.228146 
1975-1979     89     0.236892     0.284413     0.249114 
1975-1979     90     0.260632     0.306449     0.272238 
1975-1979     91     0.295606     0.338837     0.306580 
1975-1979     92     0.312290     0.361367     0.324588 
1975-1979     93     0.343208     0.402840     0.357859 
1975-1979     94     0.366324     0.427922     0.381174 
1975-1979     95     0.388967     0.393547     0.390067 
1975-1979     96     0.430359     0.447498     0.434501 
1975-1979     97     0.449672     0.592593     0.483747 
1975-1979     98     0.415179     0.489796     0.433029 
1975-1979     99     0.634951     0.598187     0.626010 
1975-1979    100     0.580282     0.613636     0.588567 
1975-1979    101     0.614400     0.507042     0.587112 
1975-1979    102     0.533742     0.782609     0.598639 
1975-1979    103     0.708333     0.654545     0.693467 
1975-1979    104     0.580645     0.387097     0.516129 
1975-1979    105     0.352941     0.352941     0.352941 
1975-1979    106     0.428571     0.000000     0.230769 
1975-1979    107     1.500000     0.545455     0.800000 
1975-1979    108     6.000000     0.000000     1.500000 
1975-1979    109            .            .            . 
1975-1979    110+           .            .            . 
1980-1984      0     0.010725     0.014570     0.012688 
1980-1984      1     0.000767     0.001051     0.000912 
1980-1984      2     0.000496     0.000601     0.000550 
1980-1984      3     0.000379     0.000455     0.000418 
1980-1984      4     0.000349     0.000418     0.000384 
1980-1984      5     0.000255     0.000387     0.000323 
1980-1984      6     0.000277     0.000348     0.000314 
1980-1984      7     0.000286     0.000321     0.000304 
1980-1984      8     0.000159     0.000361     0.000262 
1980-1984      9     0.000168     0.000213     0.000191 
1980-1984     10     0.000216     0.000289     0.000253 
1980-1984     11     0.000182     0.000224     0.000204 
1980-1984     12     0.000191     0.000278     0.000235 
1980-1984     13     0.000201     0.000401     0.000303 
1980-1984     14     0.000280     0.000389     0.000336 
1980-1984     15     0.000350     0.000515     0.000434 
1980-1984     16     0.000537     0.001179     0.000864 
1980-1984     17     0.000421     0.001416     0.000926 
1980-1984     18     0.000469     0.002103     0.001297 
1980-1984     19     0.000578     0.002004     0.001300 
1980-1984     20     0.000433     0.001926     0.001188 
1980-1984     21     0.000460     0.001816     0.001145 
1980-1984     22     0.000475     0.001777     0.001132 
1980-1984     23     0.000539     0.001740     0.001144 
1980-1984     24     0.000493     0.001578     0.001038 
1980-1984     25     0.000484     0.001464     0.000975 
1980-1984     26     0.000503     0.001606     0.001055 
1980-1984     27     0.000489     0.001667     0.001078 
1980-1984     28     0.000594     0.001481     0.001038 
1980-1984     29     0.000573     0.001648     0.001112 
1980-1984     30     0.000601     0.001542     0.001074 
1980-1984     31     0.000621     0.001748     0.001189 
1980-1984     32     0.000697     0.001699     0.001203 
1980-1984     33     0.000897     0.001722     0.001315 
1980-1984     34     0.000940     0.001787     0.001369 
1980-1984     35     0.000979     0.002061     0.001526 
1980-1984     36     0.001235     0.002184     0.001714 
1980-1984     37     0.001278     0.002503     0.001896 
1980-1984     38     0.001283     0.002699     0.001997 
1980-1984     39     0.001367     0.002799     0.002088 
1980-1984     40     0.001518     0.003111     0.002321 
1980-1984     41     0.001524     0.003406     0.002474 
1980-1984     42     0.001705     0.003578     0.002650 
1980-1984     43     0.001887     0.004088     0.002998 
1980-1984     44     0.002266     0.004558     0.003421 
1980-1984     45     0.002328     0.004769     0.003556 
1980-1984     46     0.002565     0.005359     0.003968 
1980-1984     47     0.002773     0.005980     0.004379 
1980-1984     48     0.002670     0.006869     0.004768 
1980-1984     49     0.003382     0.007460     0.005417 
1980-1984     50     0.003619     0.008037     0.005821 
1980-1984     51     0.003872     0.008708     0.006277 
1980-1984     52     0.004304     0.009454     0.006849 
1980-1984     53     0.004498     0.010532     0.007436 
1980-1984     54     0.004922     0.011928     0.008246 
1980-1984     55     0.005278     0.012252     0.008475 
1980-1984     56     0.005896     0.013551     0.009267 
1980-1984     57     0.006334     0.014419     0.009761 
1980-1984     58     0.006986     0.015772     0.010604 
1980-1984     59     0.007836     0.017310     0.011659 
1980-1984     60     0.008353     0.018842     0.012535 
1980-1984     61     0.009390     0.020490     0.013795 
1980-1984     62     0.010341     0.021563     0.014786 
1980-1984     63     0.011416     0.023930     0.016359 
1980-1984     64     0.012626     0.025548     0.017727 
1980-1984     65     0.012893     0.027687     0.018726 
1980-1984     66     0.015090     0.030441     0.021118 
1980-1984     67     0.017175     0.034357     0.023898 
1980-1984     68     0.018548     0.037729     0.026025 
1980-1984     69     0.020961     0.041029     0.028739 
1980-1984     70     0.022615     0.045373     0.031362 
1980-1984     71     0.026547     0.051248     0.035941 
1980-1984     72     0.031075     0.056231     0.040510 
1980-1984     73     0.034238     0.062497     0.044665 
1980-1984     74     0.039439     0.069715     0.050469 
1980-1984     75     0.044442     0.075840     0.055761 
1980-1984     76     0.050350     0.083683     0.062189 
1980-1984     77     0.057174     0.094917     0.070350 
1980-1984     78     0.065731     0.102145     0.078197 
1980-1984     79     0.073878     0.111858     0.086537 
1980-1984     80     0.083474     0.126015     0.097075 
1980-1984     81     0.095415     0.140343     0.109255 
1980-1984     82     0.105757     0.151598     0.119331 
1980-1984     83     0.120294     0.168219     0.133929 
1980-1984     84     0.134708     0.178006     0.146576 
1980-1984     85     0.150486     0.193226     0.161744 
1980-1984     86     0.171550     0.209214     0.181136 
1980-1984     87     0.185011     0.233199     0.196973 
1980-1984     88     0.206541     0.247162     0.216370 
1980-1984     89     0.223207     0.269343     0.234157 
1980-1984     90     0.244090     0.291777     0.255246 
1980-1984     91     0.269459     0.298364     0.276144 
1980-1984     92     0.301229     0.326393     0.306993 
1980-1984     93     0.313132     0.327600     0.316454 
1980-1984     94     0.363630     0.395188     0.370720 
1980-1984     95     0.379563     0.412344     0.386821 
1980-1984     96     0.383453     0.458877     0.399585 
1980-1984     97     0.444503     0.480000     0.451857 
1980-1984     98     0.424051     0.509186     0.440592 
1980-1984     99     0.490644     0.466960     0.486123 
1980-1984    100     0.541586     0.604905     0.553702 
1980-1984    101     0.536353     0.745342     0.570000 
1980-1984    102     0.650943     0.635294     0.648330 
1980-1984    103     0.545455     0.833333     0.585938 
1980-1984    104     0.964286     0.428571     0.857143 
1980-1984    105     0.731707     0.800000     0.750000 
1980-1984    106     1.000000     0.545455     0.782609 
1980-1984    107     0.000000     1.200000     0.545455 
1980-1984    108     6.000000     0.000000     1.500000 
1980-1984    109            .     1.200000     1.200000 
1980-1984    110+           .            .            . 
1985-1989      0     0.008312     0.010727     0.009551 
1985-1989      1     0.000574     0.000781     0.000680 
1985-1989      2     0.000432     0.000553     0.000494 
1985-1989      3     0.000312     0.000367     0.000340 
1985-1989      4     0.000179     0.000278     0.000229 
1985-1989      5     0.000157     0.000316     0.000238 
1985-1989      6     0.000204     0.000225     0.000215 
1985-1989      7     0.000130     0.000256     0.000194 
1985-1989      8     0.000185     0.000229     0.000208 
1985-1989      9     0.000182     0.000231     0.000207 
1985-1989     10     0.000132     0.000265     0.000200 
1985-1989     11     0.000106     0.000193     0.000151 
1985-1989     12     0.000165     0.000242     0.000204 
1985-1989     13     0.000136     0.000265     0.000202 
1985-1989     14     0.000183     0.000316     0.000251 
1985-1989     15     0.000290     0.000461     0.000377 
1985-1989     16     0.000384     0.000850     0.000621 
1985-1989     17     0.000341     0.001093     0.000724 
1985-1989     18     0.000395     0.001563     0.000990 
1985-1989     19     0.000415     0.001672     0.001055 
1985-1989     20     0.000401     0.001500     0.000960 
1985-1989     21     0.000410     0.001418     0.000922 
1985-1989     22     0.000442     0.001454     0.000955 
1985-1989     23     0.000390     0.001419     0.000912 
1985-1989     24     0.000382     0.001342     0.000869 
1985-1989     25     0.000365     0.001240     0.000809 
1985-1989     26     0.000392     0.001266     0.000835 
1985-1989     27     0.000406     0.001374     0.000896 
1985-1989     28     0.000456     0.001419     0.000943 
1985-1989     29     0.000486     0.001313     0.000902 
1985-1989     30     0.000519     0.001442     0.000982 
1985-1989     31     0.000582     0.001472     0.001028 
1985-1989     32     0.000574     0.001515     0.001044 
1985-1989     33     0.000724     0.001637     0.001181 
1985-1989     34     0.000702     0.001669     0.001186 
1985-1989     35     0.000860     0.001757     0.001310 
1985-1989     36     0.000916     0.001786     0.001353 
1985-1989     37     0.000961     0.002062     0.001515 
1985-1989     38     0.001168     0.002315     0.001746 
1985-1989     39     0.001267     0.002408     0.001842 
1985-1989     40     0.001261     0.002785     0.002028 
1985-1989     41     0.001458     0.003361     0.002414 
1985-1989     42     0.001710     0.003130     0.002422 
1985-1989     43     0.001801     0.003582     0.002694 
1985-1989     44     0.001967     0.003944     0.002957 
1985-1989     45     0.002141     0.004257     0.003201 
1985-1989     46     0.002345     0.004523     0.003437 
1985-1989     47     0.002321     0.004850     0.003589 
1985-1989     48     0.002560     0.005066     0.003815 
1985-1989     49     0.002890     0.005857     0.004373 
1985-1989     50     0.002958     0.006294     0.004621 
1985-1989     51     0.003477     0.007244     0.005348 
1985-1989     52     0.003388     0.007980     0.005660 
1985-1989     53     0.003853     0.008931     0.006356 
1985-1989     54     0.004232     0.010205     0.007168 
1985-1989     55     0.004766     0.010876     0.007762 
1985-1989     56     0.004953     0.012073     0.008430 
1985-1989     57     0.005588     0.013851     0.009589 
1985-1989     58     0.006087     0.014014     0.009862 
1985-1989     59     0.006384     0.015238     0.010487 
1985-1989     60     0.007652     0.017306     0.011966 
1985-1989     61     0.008088     0.018965     0.012749 
1985-1989     62     0.008349     0.019612     0.012983 
1985-1989     63     0.010011     0.021500     0.014591 
1985-1989     64     0.011093     0.023520     0.015938 
1985-1989     65     0.012157     0.025705     0.017361 
1985-1989     66     0.013487     0.026969     0.018631 
1985-1989     67     0.014496     0.030909     0.020725 
1985-1989     68     0.016849     0.033677     0.023187 
1985-1989     69     0.018280     0.036241     0.025009 
1985-1989     70     0.020784     0.039171     0.027645 
1985-1989     71     0.023680     0.043999     0.031204 
1985-1989     72     0.026896     0.049920     0.035345 
1985-1989     73     0.029563     0.052675     0.037967 
1985-1989     74     0.033406     0.058615     0.042466 
1985-1989     75     0.038293     0.065088     0.047783 
1985-1989     76     0.044162     0.072102     0.053898 
1985-1989     77     0.049888     0.080339     0.060280 
1985-1989     78     0.055815     0.088925     0.066840 
1985-1989     79     0.065294     0.098524     0.076130 
1985-1989     80     0.075019     0.111057     0.086516 
1985-1989     81     0.083651     0.122963     0.095897 
1985-1989     82     0.095088     0.131961     0.106304 
1985-1989     83     0.108139     0.146851     0.119639 
1985-1989     84     0.119659     0.165787     0.132872 
1985-1989     85     0.134587     0.182392     0.147673 
1985-1989     86     0.151473     0.201103     0.164439 
1985-1989     87     0.172192     0.213363     0.182487 
1985-1989     88     0.190968     0.225070     0.199190 
1985-1989     89     0.205241     0.256504     0.217199 
1985-1989     90     0.229996     0.272661     0.239548 
1985-1989     91     0.250398     0.300000     0.261081 
1985-1989     92     0.268906     0.328192     0.281223 
1985-1989     93     0.302448     0.339894     0.310131 
1985-1989     94     0.325376     0.398958     0.340330 
1985-1989     95     0.369938     0.382287     0.372443 
1985-1989     96     0.389119     0.441546     0.399899 
1985-1989     97     0.395173     0.510638     0.417243 
1985-1989     98     0.466353     0.503401     0.473098 
1985-1989     99     0.491746     0.408304     0.475000 
1985-1989    100     0.514706     0.576923     0.527344 
1985-1989    101     0.498288     0.536082     0.505826 
1985-1989    102     0.582960     0.716418     0.605230 
1985-1989    103     0.662577     0.450000     0.620690 
1985-1989    104     0.500000     0.666667     0.542373 
1985-1989    105     0.635294     1.090909     0.687500 
1985-1989    106     0.615385     6.000000     0.750000 
1985-1989    107     1.384615            .     1.384615 
1985-1989    108            .            .            . 
1985-1989    109            .            .            . 
1985-1989    110+           .            .            . 
1990-1994      0     0.006303     0.007990     0.007169 
1990-1994      1     0.000578     0.000607     0.000593 
1990-1994      2     0.000342     0.000357     0.000350 
1990-1994      3     0.000312     0.000342     0.000328 
1990-1994      4     0.000170     0.000280     0.000227 
1990-1994      5     0.000193     0.000246     0.000220 
1990-1994      6     0.000112     0.000208     0.000161 
1990-1994      7     0.000124     0.000199     0.000162 
1990-1994      8     0.000127     0.000172     0.000150 
1990-1994      9     0.000148     0.000149     0.000149 
1990-1994     10     0.000131     0.000158     0.000145 
1990-1994     11     0.000106     0.000172     0.000140 
1990-1994     12     0.000130     0.000226     0.000179 
1990-1994     13     0.000156     0.000234     0.000196 
1990-1994     14     0.000171     0.000239     0.000206 
1990-1994     15     0.000195     0.000361     0.000280 
1990-1994     16     0.000366     0.000655     0.000514 
1990-1994     17     0.000327     0.000961     0.000651 
1990-1994     18     0.000396     0.001503     0.000960 
1990-1994     19     0.000429     0.001633     0.001039 
1990-1994     20     0.000421     0.001506     0.000968 
1990-1994     21     0.000391     0.001474     0.000937 
1990-1994     22     0.000366     0.001283     0.000829 
1990-1994     23     0.000400     0.001274     0.000843 
1990-1994     24     0.000412     0.001325     0.000877 
1990-1994     25     0.000316     0.001224     0.000779 
1990-1994     26     0.000359     0.001208     0.000793 
1990-1994     27     0.000389     0.001134     0.000770 
1990-1994     28     0.000423     0.001229     0.000835 
1990-1994     29     0.000499     0.001229     0.000873 
1990-1994     30     0.000476     0.001204     0.000848 
1990-1994     31     0.000556     0.001278     0.000925 
1990-1994     32     0.000609     0.001349     0.000987 
1990-1994     33     0.000644     0.001521     0.001091 
1990-1994     34     0.000642     0.001467     0.001061 
1990-1994     35     0.000614     0.001636     0.001131 
1990-1994     36     0.000748     0.001840     0.001299 
1990-1994     37     0.000897     0.001729     0.001316 
1990-1994     38     0.000935     0.001933     0.001437 
1990-1994     39     0.001127     0.002169     0.001652 
1990-1994     40     0.001100     0.002382     0.001746 
1990-1994     41     0.001189     0.002715     0.001957 
1990-1994     42     0.001530     0.003112     0.002326 
1990-1994     43     0.001781     0.003271     0.002531 
1990-1994     44     0.001867     0.003477     0.002677 
1990-1994     45     0.002082     0.003973     0.003031 
1990-1994     46     0.002278     0.004084     0.003182 
1990-1994     47     0.002369     0.004728     0.003548 
1990-1994     48     0.002645     0.005214     0.003925 
1990-1994     49     0.002632     0.005581     0.004100 
1990-1994     50     0.003063     0.006012     0.004530 
1990-1994     51     0.002989     0.006296     0.004632 
1990-1994     52     0.003290     0.006967     0.005115 
1990-1994     53     0.003631     0.007669     0.005632 
1990-1994     54     0.003761     0.008257     0.005981 
1990-1994     55     0.004346     0.009105     0.006684 
1990-1994     56     0.004739     0.010429     0.007521 
1990-1994     57     0.005100     0.011674     0.008295 
1990-1994     58     0.005816     0.012788     0.009184 
1990-1994     59     0.005929     0.013152     0.009402 
1990-1994     60     0.006195     0.015445     0.010622 
1990-1994     61     0.007101     0.017628     0.012107 
1990-1994     62     0.007867     0.019089     0.013151 
1990-1994     63     0.008702     0.019605     0.013740 
1990-1994     64     0.009795     0.022145     0.015334 
1990-1994     65     0.010960     0.024753     0.016911 
1990-1994     66     0.012191     0.026310     0.018016 
1990-1994     67     0.013005     0.027692     0.018808 
1990-1994     68     0.014922     0.030732     0.020953 
1990-1994     69     0.016921     0.034670     0.023511 
1990-1994     70     0.018854     0.037589     0.025677 
1990-1994     71     0.021039     0.040834     0.028176 
1990-1994     72     0.023088     0.042580     0.030058 
1990-1994     73     0.025585     0.048016     0.033513 
1990-1994     74     0.029688     0.051811     0.037438 
1990-1994     75     0.033059     0.059177     0.042114 
1990-1994     76     0.038583     0.065195     0.047683 
1990-1994     77     0.042892     0.072067     0.052723 
1990-1994     78     0.049202     0.079692     0.059331 
1990-1994     79     0.054740     0.088755     0.065832 
1990-1994     80     0.064168     0.098086     0.074964 
1990-1994     81     0.073470     0.106524     0.083759 
1990-1994     82     0.082729     0.118845     0.093665 
1990-1994     83     0.092838     0.133197     0.104661 
1990-1994     84     0.107315     0.148915     0.119167 
1990-1994     85     0.121756     0.160640     0.132589 
1990-1994     86     0.137977     0.177483     0.148646 
1990-1994     87     0.152833     0.197132     0.164461 
1990-1994     88     0.171455     0.216379     0.182885 
1990-1994     89     0.190894     0.238012     0.202414 
1990-1994     90     0.215096     0.266322     0.226992 
1990-1994     91     0.231260     0.288297     0.243781 
1990-1994     92     0.260830     0.302916     0.269624 
1990-1994     93     0.279549     0.334757     0.290562 
1990-1994     94     0.299515     0.343387     0.307839 
1990-1994     95     0.343069     0.375143     0.348864 
1990-1994     96     0.364151     0.402339     0.371043 
1990-1994     97     0.349561     0.445431     0.366270 
1990-1994     98     0.421814     0.392344     0.416839 
1990-1994     99     0.444807     0.514925     0.456215 
1990-1994    100     0.540789     0.557912     0.543663 
1990-1994    101     0.497132     0.710983     0.535770 
1990-1994    102     0.523585     0.397790     0.501458 
1990-1994    103     0.397436     0.648649     0.445596 
1990-1994    104     0.674419     0.461538     0.638710 
1990-1994    105     0.573529     0.272727     0.531646 
1990-1994    106     0.500000     6.000000     0.761905 
1990-1994    107     0.230769            .     0.230769 
1990-1994    108     0.315789            .     0.315789 
1990-1994    109     0.000000            .     0.000000 
1990-1994    110+    0.375000            .     0.375000 
1995-1999      0     0.004577     0.005074     0.004831 
1995-1999      1     0.000361     0.000529     0.000447 
1995-1999      2     0.000238     0.000364     0.000303 
1995-1999      3     0.000216     0.000226     0.000221 
1995-1999      4     0.000152     0.000248     0.000201 
1995-1999      5     0.000129     0.000160     0.000145 
1995-1999      6     0.000155     0.000143     0.000149 
1995-1999      7     0.000100     0.000132     0.000116 
1995-1999      8     0.000144     0.000108     0.000126 
1995-1999      9     0.000101     0.000138     0.000120 
1995-1999     10     0.000101     0.000113     0.000107 
1995-1999     11     0.000097     0.000125     0.000111 
1995-1999     12     0.000122     0.000166     0.000144 
1995-1999     13     0.000137     0.000205     0.000172 
1995-1999     14     0.000140     0.000264     0.000204 
1995-1999     15     0.000226     0.000285     0.000256 
1995-1999     16     0.000328     0.000628     0.000482 
1995-1999     17     0.000298     0.000779     0.000544 
1995-1999     18     0.000351     0.001218     0.000795 
1995-1999     19     0.000306     0.001442     0.000886 
1995-1999     20     0.000343     0.001260     0.000808 
1995-1999     21     0.000260     0.001303     0.000786 
1995-1999     22     0.000261     0.001203     0.000734 
1995-1999     23     0.000248     0.001177     0.000712 
1995-1999     24     0.000341     0.001096     0.000719 
1995-1999     25     0.000311     0.000963     0.000637 
1995-1999     26     0.000329     0.001011     0.000671 
1995-1999     27     0.000312     0.000977     0.000647 
1995-1999     28     0.000391     0.000999     0.000698 
1995-1999     29     0.000334     0.000961     0.000652 
1995-1999     30     0.000392     0.001035     0.000719 
1995-1999     31     0.000414     0.001070     0.000748 
1995-1999     32     0.000485     0.001139     0.000818 
1995-1999     33     0.000529     0.001117     0.000829 
1995-1999     34     0.000545     0.001202     0.000880 
1995-1999     35     0.000611     0.001392     0.001010 
1995-1999     36     0.000703     0.001497     0.001108 
1995-1999     37     0.000821     0.001602     0.001219 
1995-1999     38     0.000843     0.001804     0.001331 
1995-1999     39     0.000870     0.001945     0.001415 
1995-1999     40     0.001049     0.002080     0.001569 
1995-1999     41     0.001123     0.002227     0.001678 
1995-1999     42     0.001231     0.002689     0.001963 
1995-1999     43     0.001368     0.002706     0.002039 
1995-1999     44     0.001478     0.003059     0.002270 
1995-1999     45     0.001865     0.003583     0.002726 
1995-1999     46     0.001855     0.003664     0.002762 
1995-1999     47     0.002103     0.004235     0.003171 
1995-1999     48     0.002318     0.004672     0.003498 
1995-1999     49     0.002446     0.004935     0.003691 
1995-1999     50     0.002966     0.005637     0.004297 
1995-1999     51     0.003021     0.006228     0.004614 
1995-1999     52     0.003174     0.006903     0.005020 
1995-1999     53     0.003641     0.007131     0.005362 
1995-1999     54     0.003768     0.007988     0.005845 
1995-1999     55     0.004109     0.008792     0.006411 
1995-1999     56     0.003955     0.008646     0.006257 
1995-1999     57     0.004416     0.009739     0.007023 
1995-1999     58     0.004818     0.010390     0.007539 
1995-1999     59     0.005255     0.011326     0.008206 
1995-1999     60     0.005785     0.013713     0.009612 
1995-1999     61     0.006051     0.014251     0.009978 
1995-1999     62     0.007128     0.016228     0.011449 
1995-1999     63     0.008054     0.017393     0.012453 
1995-1999     64     0.008699     0.019368     0.013692 
1995-1999     65     0.009108     0.021395     0.014819 
1995-1999     66     0.010705     0.024333     0.016986 
1995-1999     67     0.011523     0.026443     0.018313 
1995-1999     68     0.013025     0.028814     0.020053 
1995-1999     69     0.014165     0.030647     0.021261 
1995-1999     70     0.015695     0.033591     0.023074 
1995-1999     71     0.018350     0.036981     0.025657 
1995-1999     72     0.020735     0.039224     0.027645 
1995-1999     73     0.023108     0.043614     0.030469 
1995-1999     74     0.025821     0.048256     0.033622 
1995-1999     75     0.029673     0.054391     0.038071 
1995-1999     76     0.032871     0.058601     0.041489 
1995-1999     77     0.037828     0.064005     0.046477 
1995-1999     78     0.042653     0.071397     0.051992 
1995-1999     79     0.047287     0.078732     0.057327 
1995-1999     80     0.057552     0.086941     0.066770 
1995-1999     81     0.064408     0.098317     0.074831 
1995-1999     82     0.075050     0.111547     0.086042 
1995-1999     83     0.085055     0.122040     0.095973 
1995-1999     84     0.096034     0.134775     0.107188 
1995-1999     85     0.107744     0.149127     0.119317 
1995-1999     86     0.123839     0.164383     0.134846 
1995-1999     87     0.138672     0.187398     0.151407 
1995-1999     88     0.162646     0.201099     0.172307 
1995-1999     89     0.178408     0.224299     0.189546 
1995-1999     90     0.200578     0.246927     0.211470 
1995-1999     91     0.220716     0.266666     0.231088 
1995-1999     92     0.246727     0.294746     0.257198 
1995-1999     93     0.268992     0.334953     0.282808 
1995-1999     94     0.294973     0.351148     0.306120 
1995-1999     95     0.332663     0.372069     0.340015 
1995-1999     96     0.349669     0.421008     0.362289 
1995-1999     97     0.393534     0.477129     0.407319 
1995-1999     98     0.422907     0.509252     0.436622 
1995-1999     99     0.459494     0.574142     0.476427 
1995-1999    100     0.480716     0.564706     0.491346 
1995-1999    101     0.560985     0.654545     0.573056 
1995-1999    102     0.534737     0.745763     0.558052 
1995-1999    103     0.529870     0.600000     0.536471 
1995-1999    104     0.420290     0.807692     0.463519 
1995-1999    105     0.534031     0.782609     0.560748 
1995-1999    106     0.406780     0.857143     0.432000 
1995-1999    107     1.118644     0.000000     1.064516 
1995-1999    108     0.857143            .     0.857143 
1995-1999    109     2.000000            .     2.000000 
1995-1999    110+    0.000000            .     0.000000 
2000-2004      0     0.003949     0.005131     0.004556 
2000-2004      1     0.000359     0.000360     0.000359 
2000-2004      2     0.000189     0.000228     0.000209 
2000-2004      3     0.000144     0.000213     0.000180 
2000-2004      4     0.000116     0.000147     0.000132 
2000-2004      5     0.000103     0.000121     0.000112 
2000-2004      6     0.000095     0.000139     0.000118 
2000-2004      7     0.000089     0.000123     0.000106 
2000-2004      8     0.000074     0.000120     0.000098 
2000-2004      9     0.000094     0.000122     0.000109 
2000-2004     10     0.000089     0.000145     0.000118 
2000-2004     11     0.000106     0.000109     0.000108 
2000-2004     12     0.000124     0.000093     0.000108 
2000-2004     13     0.000133     0.000163     0.000148 
2000-2004     14     0.000185     0.000152     0.000168 
2000-2004     15     0.000216     0.000349     0.000284 
2000-2004     16     0.000246     0.000544     0.000399 
2000-2004     17     0.000384     0.000733     0.000563 
2000-2004     18     0.000419     0.001147     0.000791 
2000-2004     19     0.000354     0.001014     0.000691 
2000-2004     20     0.000294     0.000902     0.000603 
2000-2004     21     0.000307     0.001095     0.000707 
2000-2004     22     0.000347     0.001013     0.000684 
2000-2004     23     0.000287     0.000967     0.000631 
2000-2004     24     0.000262     0.000981     0.000626 
2000-2004     25     0.000253     0.000998     0.000628 
2000-2004     26     0.000320     0.000962     0.000642 
2000-2004     27     0.000259     0.000964     0.000611 
2000-2004     28     0.000318     0.000879     0.000597 
2000-2004     29     0.000325     0.000837     0.000580 
2000-2004     30     0.000302     0.000810     0.000555 
2000-2004     31     0.000366     0.000875     0.000621 
2000-2004     32     0.000374     0.000964     0.000670 
2000-2004     33     0.000475     0.000936     0.000708 
2000-2004     34     0.000506     0.001035     0.000774 
2000-2004     35     0.000535     0.001121     0.000833 
2000-2004     36     0.000563     0.001145     0.000859 
2000-2004     37     0.000593     0.001234     0.000918 
2000-2004     38     0.000704     0.001461     0.001089 
2000-2004     39     0.000780     0.001538     0.001165 
2000-2004     40     0.000908     0.001726     0.001323 
2000-2004     41     0.000990     0.001866     0.001435 
2000-2004     42     0.001054     0.002137     0.001603 
2000-2004     43     0.001218     0.002279     0.001755 
2000-2004     44     0.001395     0.002551     0.001977 
2000-2004     45     0.001436     0.002746     0.002093 
2000-2004     46     0.001658     0.003369     0.002513 
2000-2004     47     0.001865     0.003443     0.002652 
2000-2004     48     0.002118     0.003871     0.002991 
2000-2004     49     0.002053     0.004243     0.003144 
2000-2004     50     0.002421     0.004683     0.003547 
2000-2004     51     0.002614     0.005311     0.003956 
2000-2004     52     0.002943     0.005865     0.004395 
2000-2004     53     0.003225     0.006422     0.004813 
2000-2004     54     0.003448     0.007439     0.005425 
2000-2004     55     0.003641     0.007585     0.005586 
2000-2004     56     0.004190     0.008299     0.006208 
2000-2004     57     0.004521     0.009017     0.006721 
2000-2004     58     0.004770     0.010180     0.007405 
2000-2004     59     0.004836     0.010200     0.007439 
2000-2004     60     0.005549     0.011142     0.008258 
2000-2004     61     0.005657     0.012226     0.008831 
2000-2004     62     0.005933     0.012731     0.009207 
2000-2004     63     0.006665     0.013900     0.010133 
2000-2004     64     0.007404     0.015387     0.011207 
2000-2004     65     0.007721     0.017112     0.012156 
2000-2004     66     0.008732     0.018946     0.013503 
2000-2004     67     0.009736     0.020861     0.014874 
2000-2004     68     0.011075     0.022667     0.016371 
2000-2004     69     0.011721     0.025728     0.018055 
2000-2004     70     0.013579     0.027937     0.020007 
2000-2004     71     0.015303     0.031100     0.022291 
2000-2004     72     0.017573     0.034181     0.024802 
2000-2004     73     0.019259     0.038624     0.027473 
2000-2004     74     0.022025     0.040513     0.029577 
2000-2004     75     0.025590     0.044547     0.032976 
2000-2004     76     0.028715     0.051043     0.036945 
2000-2004     77     0.033129     0.056709     0.041349 
2000-2004     78     0.037108     0.062767     0.045635 
2000-2004     79     0.041508     0.068130     0.050023 
2000-2004     80     0.050190     0.079230     0.059216 
2000-2004     81     0.056546     0.084695     0.065131 
2000-2004     82     0.064284     0.097412     0.074203 
2000-2004     83     0.073752     0.105390     0.082996 
2000-2004     84     0.084944     0.115357     0.093619 
2000-2004     85     0.099907     0.130519     0.108445 
2000-2004     86     0.114115     0.146600     0.122946 
2000-2004     87     0.127728     0.167314     0.138176 
2000-2004     88     0.144305     0.180706     0.153674 
2000-2004     89     0.165165     0.205906     0.175330 
2000-2004     90     0.186287     0.223270     0.195245 
2000-2004     91     0.208865     0.246270     0.217619 
2000-2004     92     0.230400     0.274430     0.240299 
2000-2004     93     0.262787     0.310448     0.272923 
2000-2004     94     0.283734     0.339033     0.294901 
2000-2004     95     0.324763     0.345138     0.328692 
2000-2004     96     0.353788     0.417806     0.365754 
2000-2004     97     0.363296     0.412925     0.371973 
2000-2004     98     0.407463     0.436364     0.412377 
2000-2004     99     0.412374     0.505682     0.426888 
2000-2004    100     0.486598     0.507194     0.489541 
2000-2004    101     0.508609     0.475043     0.504132 
2000-2004    102     0.450000     0.554455     0.463282 
2000-2004    103     0.509946     0.578313     0.518868 
2000-2004    104     0.453947     0.471910     0.456241 
2000-2004    105     0.557377     1.071429     0.593909 
2000-2004    106     0.674556     6.000000     0.767442 
2000-2004    107     0.695652     0.000000     0.666667 
2000-2004    108     0.439024     0.000000     0.382979 
2000-2004    109     1.384615     0.000000     0.947368 
2000-2004    110+    4.000000     6.000000     4.500000 
2005-2009      0     0.003374     0.004198     0.003796 
2005-2009      1     0.000383     0.000355     0.000369 
2005-2009      2     0.000179     0.000196     0.000188 
2005-2009      3     0.000097     0.000175     0.000137 
2005-2009      4     0.000092     0.000126     0.000109 
2005-2009      5     0.000076     0.000130     0.000104 
2005-2009      6     0.000075     0.000110     0.000093 
2005-2009      7     0.000104     0.000094     0.000099 
2005-2009      8     0.000068     0.000106     0.000087 
2005-2009      9     0.000099     0.000098     0.000099 
2005-2009     10     0.000059     0.000126     0.000094 
2005-2009     11     0.000049     0.000106     0.000078 
2005-2009     12     0.000074     0.000095     0.000084 
2005-2009     13     0.000115     0.000137     0.000126 
2005-2009     14     0.000151     0.000179     0.000165 
2005-2009     15     0.000199     0.000311     0.000257 
2005-2009     16     0.000257     0.000466     0.000364 
2005-2009     17     0.000228     0.000604     0.000421 
2005-2009     18     0.000261     0.000922     0.000599 
2005-2009     19     0.000307     0.000927     0.000624 
2005-2009     20     0.000286     0.000958     0.000628 
2005-2009     21     0.000273     0.000891     0.000586 
2005-2009     22     0.000279     0.000791     0.000537 
2005-2009     23     0.000254     0.000825     0.000541 
2005-2009     24     0.000275     0.000769     0.000524 
2005-2009     25     0.000256     0.000724     0.000492 
2005-2009     26     0.000295     0.000724     0.000511 
2005-2009     27     0.000276     0.000695     0.000487 
2005-2009     28     0.000257     0.000705     0.000483 
2005-2009     29     0.000270     0.000722     0.000498 
2005-2009     30     0.000324     0.000802     0.000564 
2005-2009     31     0.000269     0.000743     0.000506 
2005-2009     32     0.000326     0.000744     0.000535 
2005-2009     33     0.000357     0.000876     0.000615 
2005-2009     34     0.000426     0.000904     0.000664 
2005-2009     35     0.000388     0.000834     0.000610 
2005-2009     36     0.000555     0.000946     0.000751 
2005-2009     37     0.000546     0.001147     0.000848 
2005-2009     38     0.000494     0.001161     0.000830 
2005-2009     39     0.000620     0.001458     0.001043 
2005-2009     40     0.000635     0.001348     0.000996 
2005-2009     41     0.000832     0.001435     0.001138 
2005-2009     42     0.000866     0.001676     0.001276 
2005-2009     43     0.000963     0.001902     0.001439 
2005-2009     44     0.001129     0.001986     0.001563 
2005-2009     45     0.001195     0.002327     0.001768 
2005-2009     46     0.001356     0.002807     0.002089 
2005-2009     47     0.001516     0.002796     0.002162 
2005-2009     48     0.001733     0.003204     0.002472 
2005-2009     49     0.001881     0.003696     0.002789 
2005-2009     50     0.002076     0.003897     0.002983 
2005-2009     51     0.002415     0.004575     0.003488 
2005-2009     52     0.002570     0.004914     0.003730 
2005-2009     53     0.002859     0.005410     0.004118 
2005-2009     54     0.002919     0.006437     0.004654 
2005-2009     55     0.003247     0.006580     0.004888 
2005-2009     56     0.003490     0.007507     0.005466 
2005-2009     57     0.003971     0.008466     0.006178 
2005-2009     58     0.004484     0.009127     0.006759 
2005-2009     59     0.004759     0.009961     0.007299 
2005-2009     60     0.005153     0.010931     0.007959 
2005-2009     61     0.005593     0.011807     0.008596 
2005-2009     62     0.006063     0.012865     0.009334 
2005-2009     63     0.006374     0.013572     0.009816 
2005-2009     64     0.006497     0.014012     0.010076 
2005-2009     65     0.007651     0.015414     0.011338 
2005-2009     66     0.008046     0.017145     0.012353 
2005-2009     67     0.009074     0.017765     0.013169 
2005-2009     68     0.009458     0.019364     0.014096 
2005-2009     69     0.010548     0.020428     0.015133 
2005-2009     70     0.011790     0.023165     0.017006 
2005-2009     71     0.012617     0.024902     0.018172 
2005-2009     72     0.014509     0.028059     0.020549 
2005-2009     73     0.016194     0.031378     0.022866 
2005-2009     74     0.019332     0.036129     0.026610 
2005-2009     75     0.021416     0.039206     0.029012 
2005-2009     76     0.024958     0.044614     0.033212 
2005-2009     77     0.028776     0.049579     0.037336 
2005-2009     78     0.032026     0.054917     0.041169 
2005-2009     79     0.036402     0.059191     0.045117 
2005-2009     80     0.043493     0.068757     0.052640 
2005-2009     81     0.049493     0.076488     0.058662 
2005-2009     82     0.058015     0.086740     0.067159 
2005-2009     83     0.066312     0.096603     0.075438 
2005-2009     84     0.076449     0.107091     0.085281 
2005-2009     85     0.091118     0.121289     0.099561 
2005-2009     86     0.103633     0.135942     0.112488 
2005-2009     87     0.116954     0.150582     0.125981 
2005-2009     88     0.129622     0.163369     0.138422 
2005-2009     89     0.147530     0.183446     0.156604 
2005-2009     90     0.168821     0.210052     0.178866 
2005-2009     91     0.193362     0.236548     0.203517 
2005-2009     92     0.216978     0.269328     0.228899 
2005-2009     93     0.238216     0.283099     0.248053 
2005-2009     94     0.267703     0.316260     0.278009 
2005-2009     95     0.297506     0.334968     0.305223 
2005-2009     96     0.323859     0.364307     0.331838 
2005-2009     97     0.359305     0.388438     0.364831 
2005-2009     98     0.409892     0.445791     0.416373 
2005-2009     99     0.412571     0.483942     0.424681 
2005-2009    100     0.455148     0.555363     0.470740 
2005-2009    101     0.452725     0.572577     0.469326 
2005-2009    102     0.554094     0.550459     0.553634 
2005-2009    103     0.498493     0.538776     0.503363 
2005-2009    104     0.632041     0.818182     0.651723 
2005-2009    105     0.688389     1.500000     0.768913 
2005-2009    106     0.540984     0.000000     0.521739 
2005-2009    107     0.566038     1.200000     0.585366 
2005-2009    108     0.857143            .     0.857143 
2005-2009    109     0.666667            .     0.666667 
2005-2009    110+    6.000000            .     6.000000 
2010-2014      0     0.003065     0.003749     0.003417 
2010-2014      1     0.000202     0.000303     0.000254 
2010-2014      2     0.000140     0.000186     0.000163 
2010-2014      3     0.000144     0.000137     0.000141 
2010-2014      4     0.000062     0.000142     0.000103 
2010-2014      5     0.000097     0.000068     0.000082 
2010-2014      6     0.000107     0.000063     0.000084 
2010-2014      7     0.000071     0.000082     0.000077 
2010-2014      8     0.000096     0.000101     0.000098 
2010-2014      9     0.000100     0.000091     0.000095 
2010-2014     10     0.000060     0.000071     0.000066 
2010-2014     11     0.000099     0.000108     0.000104 
2010-2014     12     0.000078     0.000106     0.000092 
2010-2014     13     0.000090     0.000113     0.000102 
2010-2014     14     0.000111     0.000167     0.000139 
2010-2014     15     0.000139     0.000231     0.000186 
2010-2014     16     0.000219     0.000328     0.000275 
2010-2014     17     0.000217     0.000423     0.000323 
2010-2014     18     0.000150     0.000538     0.000349 
2010-2014     19     0.000201     0.000702     0.000458 
2010-2014     20     0.000274     0.000651     0.000467 
2010-2014     21     0.000234     0.000688     0.000465 
2010-2014     22     0.000246     0.000710     0.000482 
2010-2014     23     0.000206     0.000672     0.000442 
2010-2014     24     0.000175     0.000636     0.000408 
2010-2014     25     0.000210     0.000646     0.000430 
2010-2014     26     0.000245     0.000693     0.000471 
2010-2014     27     0.000264     0.000619     0.000443 
2010-2014     28     0.000264     0.000604     0.000435 
2010-2014     29     0.000318     0.000726     0.000523 
2010-2014     30     0.000259     0.000626     0.000443 
2010-2014     31     0.000301     0.000693     0.000498 
2010-2014     32     0.000357     0.000693     0.000526 
2010-2014     33     0.000364     0.000713     0.000539 
2010-2014     34     0.000401     0.000852     0.000627 
2010-2014     35     0.000394     0.000903     0.000649 
2010-2014     36     0.000486     0.000795     0.000640 
2010-2014     37     0.000481     0.000917     0.000698 
2010-2014     38     0.000514     0.001044     0.000777 
2010-2014     39     0.000554     0.001171     0.000860 
2010-2014     40     0.000555     0.001156     0.000853 
2010-2014     41     0.000681     0.001428     0.001053 
2010-2014     42     0.000783     0.001494     0.001139 
2010-2014     43     0.000915     0.001605     0.001261 
2010-2014     44     0.001010     0.001657     0.001336 
2010-2014     45     0.001191     0.002025     0.001611 
2010-2014     46     0.001195     0.002291     0.001748 
2010-2014     47     0.001387     0.002617     0.002007 
2010-2014     48     0.001588     0.002744     0.002171 
2010-2014     49     0.001797     0.003289     0.002549 
2010-2014     50     0.001941     0.003665     0.002808 
2010-2014     51     0.002067     0.003842     0.002958 
2010-2014     52     0.002299     0.004435     0.003369 
2010-2014     53     0.002508     0.005043     0.003772 
2010-2014     54     0.002729     0.005537     0.004122 
2010-2014     55     0.002926     0.005869     0.004380 
2010-2014     56     0.003470     0.006593     0.005006 
2010-2014     57     0.003383     0.007286     0.005294 
2010-2014     58     0.004067     0.007940     0.005958 
2010-2014     59     0.004358     0.008825     0.006533 
2010-2014     60     0.005088     0.009495     0.007229 
2010-2014     61     0.005612     0.011196     0.008316 
2010-2014     62     0.005902     0.011908     0.008800 
2010-2014     63     0.006418     0.013378     0.009764 
2010-2014     64     0.007111     0.014490     0.010642 
2010-2014     65     0.007782     0.015195     0.011309 
2010-2014     66     0.008269     0.017261     0.012520 
2010-2014     67     0.008865     0.017911     0.013119 
2010-2014     68     0.009680     0.019158     0.014109 
2010-2014     69     0.010633     0.020739     0.015331 
2010-2014     70     0.011659     0.022079     0.016483 
2010-2014     71     0.012576     0.023705     0.017704 
2010-2014     72     0.013350     0.024802     0.018592 
2010-2014     73     0.014856     0.027623     0.020653 
2010-2014     74     0.016727     0.030504     0.022911 
2010-2014     75     0.018226     0.033960     0.025178 
2010-2014     76     0.021606     0.037608     0.028550 
2010-2014     77     0.024259     0.042714     0.032118 
2010-2014     78     0.027681     0.046840     0.035677 
2010-2014     79     0.032422     0.052387     0.040604 
2010-2014     80     0.037432     0.060584     0.046743 
2010-2014     81     0.044269     0.067957     0.053593 
2010-2014     82     0.051028     0.078476     0.061559 
2010-2014     83     0.058945     0.086234     0.069042 
2010-2014     84     0.068697     0.096814     0.078587 
2010-2014     85     0.080441     0.111209     0.090603 
2010-2014     86     0.091343     0.122278     0.100848 
2010-2014     87     0.105746     0.141141     0.115889 
2010-2014     88     0.123064     0.158879     0.132703 
2010-2014     89     0.142475     0.175564     0.150937 
2010-2014     90     0.164727     0.201860     0.173895 
2010-2014     91     0.182024     0.220421     0.191218 
2010-2014     92     0.204635     0.241447     0.213185 
2010-2014     93     0.225432     0.275562     0.236674 
2010-2014     94     0.248401     0.294719     0.258318 
2010-2014     95     0.285269     0.324371     0.293260 
2010-2014     96     0.309558     0.359637     0.319449 
2010-2014     97     0.345836     0.399229     0.355898 
2010-2014     98     0.369211     0.441123     0.382028 
2010-2014     99     0.418691     0.475882     0.428586 
2010-2014    100     0.443642     0.518436     0.455909 
2010-2014    101     0.531509     0.533915     0.531882 
2010-2014    102     0.551839     0.551252     0.551748 
2010-2014    103     0.629942     0.545399     0.616804 
2010-2014    104     0.606553     0.425894     0.576487 
2010-2014    105     0.524952     0.719928     0.553035 
2010-2014    106     0.504823     0.787574     0.538970 
2010-2014    107     0.458833     0.957447     0.512178 
2010-2014    108     0.548948     6.000000     0.603804 
2010-2014    109     0.729927            .     0.729927 
2010-2014    110+    0.930233            .     0.930233 
