West Germany, Death rates (period 1x5), 	Last modified: 29 Mar 2017, MPv5 (May07)

  Year          Age             Female            Male           Total
1956-1959        0             0.033362        0.042520        0.038068
1956-1959        1             0.002245        0.002847        0.002554
1956-1959        2             0.001250        0.001467        0.001361
1956-1959        3             0.000893        0.001103        0.001000
1956-1959        4             0.000710        0.000939        0.000828
1956-1959        5             0.000610        0.000789        0.000701
1956-1959        6             0.000472        0.000748        0.000614
1956-1959        7             0.000430        0.000682        0.000559
1956-1959        8             0.000362        0.000589        0.000478
1956-1959        9             0.000337        0.000560        0.000451
1956-1959       10             0.000309        0.000471        0.000392
1956-1959       11             0.000300        0.000484        0.000393
1956-1959       12             0.000301        0.000510        0.000407
1956-1959       13             0.000302        0.000500        0.000403
1956-1959       14             0.000409        0.000641        0.000527
1956-1959       15             0.000461        0.000800        0.000634
1956-1959       16             0.000487        0.001001        0.000748
1956-1959       17             0.000518        0.001127        0.000827
1956-1959       18             0.000549        0.001522        0.001044
1956-1959       19             0.000578        0.001815        0.001209
1956-1959       20             0.000667        0.001975        0.001334
1956-1959       21             0.000626        0.002025        0.001339
1956-1959       22             0.000690        0.001942        0.001326
1956-1959       23             0.000727        0.001881        0.001313
1956-1959       24             0.000749        0.001839        0.001303
1956-1959       25             0.000834        0.001761        0.001305
1956-1959       26             0.000868        0.001809        0.001346
1956-1959       27             0.000936        0.001786        0.001368
1956-1959       28             0.001050        0.001765        0.001411
1956-1959       29             0.001078        0.001784        0.001429
1956-1959       30             0.001100        0.001790        0.001435
1956-1959       31             0.001159        0.001877        0.001494
1956-1959       32             0.001246        0.001952        0.001562
1956-1959       33             0.001271        0.001930        0.001557
1956-1959       34             0.001367        0.002036        0.001652
1956-1959       35             0.001433        0.002217        0.001764
1956-1959       36             0.001637        0.002334        0.001930
1956-1959       37             0.001686        0.002366        0.001972
1956-1959       38             0.001834        0.002560        0.002138
1956-1959       39             0.001970        0.002896        0.002360
1956-1959       40             0.002074        0.002787        0.002375
1956-1959       41             0.002385        0.003214        0.002735
1956-1959       42             0.002482        0.003479        0.002904
1956-1959       43             0.002635        0.003687        0.003082
1956-1959       44             0.002877        0.004110        0.003405
1956-1959       45             0.003126        0.004528        0.003731
1956-1959       46             0.003265        0.005034        0.004034
1956-1959       47             0.003571        0.005496        0.004412
1956-1959       48             0.003873        0.006135        0.004868
1956-1959       49             0.004327        0.006797        0.005424
1956-1959       50             0.004674        0.007727        0.006047
1956-1959       51             0.005089        0.008620        0.006702
1956-1959       52             0.005582        0.009605        0.007441
1956-1959       53             0.006001        0.010526        0.008112
1956-1959       54             0.006582        0.011990        0.009116
1956-1959       55             0.007129        0.013470        0.010095
1956-1959       56             0.007816        0.014830        0.011081
1956-1959       57             0.008550        0.016791        0.012342
1956-1959       58             0.009353        0.018388        0.013434
1956-1959       59             0.010241        0.020160        0.014613
1956-1959       60             0.011531        0.022124        0.016076
1956-1959       61             0.012652        0.023801        0.017329
1956-1959       62             0.014407        0.026013        0.019191
1956-1959       63             0.015891        0.028144        0.020887
1956-1959       64             0.017849        0.030306        0.022908
1956-1959       65             0.019932        0.034050        0.025668
1956-1959       66             0.022283        0.036567        0.028103
1956-1959       67             0.024834        0.039746        0.030930
1956-1959       68             0.028418        0.043192        0.034481
1956-1959       69             0.031667        0.047008        0.037991
1956-1959       70             0.036104        0.052051        0.042712
1956-1959       71             0.040762        0.057142        0.047587
1956-1959       72             0.045595        0.062812        0.052799
1956-1959       73             0.052311        0.068832        0.059255
1956-1959       74             0.058563        0.075647        0.065781
1956-1959       75             0.066778        0.083100        0.073696
1956-1959       76             0.074428        0.092466        0.082094
1956-1959       77             0.083793        0.101760        0.091443
1956-1959       78             0.093071        0.112534        0.101370
1956-1959       79             0.103629        0.122012        0.111486
1956-1959       80             0.113614        0.132164        0.121553
1956-1959       81             0.125057        0.144845        0.133534
1956-1959       82             0.138368        0.159609        0.147456
1956-1959       83             0.153595        0.174700        0.162575
1956-1959       84             0.168491        0.188962        0.177156
1956-1959       85             0.188514        0.210034        0.197551
1956-1959       86             0.205164        0.229245        0.215161
1956-1959       87             0.224803        0.252789        0.236218
1956-1959       88             0.243689        0.274556        0.255995
1956-1959       89             0.261838        0.297392        0.275633
1956-1959       90             0.282927        0.325420        0.298963
1956-1959       91             0.306272        0.345072        0.320538
1956-1959       92             0.329970        0.372727        0.345255
1956-1959       93             0.344057        0.391611        0.360589
1956-1959       94             0.383821        0.401753        0.389905
1956-1959       95             0.420072        0.432859        0.424305
1956-1959       96             0.435496        0.481854        0.450651
1956-1959       97             0.476214        0.508857        0.486632
1956-1959       98             0.482127        0.418574        0.462205
1956-1959       99             0.591617        0.608389        0.597122
1956-1959      100             0.702845        0.714093        0.706023
1956-1959      101             0.579590        0.695461        0.611314
1956-1959      102             0.736361        0.940388        0.787025
1956-1959      103             0.817363        1.473397        0.935640
1956-1959      104             1.036485        4.974093        1.216485
1956-1959      105             1.768854              .        1.768854
1956-1959      106             6.000000              .        6.000000
1956-1959      107                   .              .              .
1956-1959      108                   .              .              .
1956-1959      109                   .              .              .
1956-1959      110+                  .              .              .
1960-1964        0             0.026541        0.033899        0.030314
1960-1964        1             0.001874        0.002213        0.002047
1960-1964        2             0.001014        0.001327        0.001175
1960-1964        3             0.000768        0.001004        0.000889
1960-1964        4             0.000625        0.000817        0.000724
1960-1964        5             0.000536        0.000753        0.000648
1960-1964        6             0.000464        0.000690        0.000580
1960-1964        7             0.000411        0.000605        0.000511
1960-1964        8             0.000339        0.000590        0.000468
1960-1964        9             0.000319        0.000513        0.000419
1960-1964       10             0.000264        0.000475        0.000372
1960-1964       11             0.000272        0.000460        0.000368
1960-1964       12             0.000298        0.000439        0.000370
1960-1964       13             0.000298        0.000505        0.000404
1960-1964       14             0.000321        0.000569        0.000448
1960-1964       15             0.000394        0.000712        0.000557
1960-1964       16             0.000483        0.000979        0.000736
1960-1964       17             0.000501        0.001188        0.000852
1960-1964       18             0.000554        0.001494        0.001036
1960-1964       19             0.000591        0.001719        0.001171
1960-1964       20             0.000570        0.001758        0.001181
1960-1964       21             0.000589        0.001836        0.001230
1960-1964       22             0.000594        0.001772        0.001200
1960-1964       23             0.000640        0.001734        0.001203
1960-1964       24             0.000658        0.001688        0.001189
1960-1964       25             0.000674        0.001634        0.001170
1960-1964       26             0.000744        0.001616        0.001195
1960-1964       27             0.000765        0.001628        0.001211
1960-1964       28             0.000860        0.001624        0.001254
1960-1964       29             0.000940        0.001663        0.001313
1960-1964       30             0.000924        0.001687        0.001317
1960-1964       31             0.001031        0.001708        0.001380
1960-1964       32             0.001074        0.001835        0.001464
1960-1964       33             0.001139        0.001894        0.001521
1960-1964       34             0.001223        0.001975        0.001596
1960-1964       35             0.001407        0.002104        0.001742
1960-1964       36             0.001424        0.002191        0.001779
1960-1964       37             0.001589        0.002370        0.001938
1960-1964       38             0.001717        0.002514        0.002064
1960-1964       39             0.001817        0.002775        0.002226
1960-1964       40             0.002003        0.003007        0.002428
1960-1964       41             0.002188        0.003069        0.002560
1960-1964       42             0.002343        0.003496        0.002829
1960-1964       43             0.002590        0.003761        0.003083
1960-1964       44             0.002654        0.004107        0.003267
1960-1964       45             0.003008        0.004430        0.003608
1960-1964       46             0.003258        0.004846        0.003929
1960-1964       47             0.003494        0.005499        0.004345
1960-1964       48             0.003870        0.005976        0.004768
1960-1964       49             0.004148        0.006644        0.005217
1960-1964       50             0.004410        0.007459        0.005723
1960-1964       51             0.004752        0.008284        0.006282
1960-1964       52             0.005257        0.009159        0.006957
1960-1964       53             0.005605        0.010304        0.007664
1960-1964       54             0.006212        0.011614        0.008602
1960-1964       55             0.006656        0.013059        0.009525
1960-1964       56             0.007271        0.014445        0.010518
1960-1964       57             0.008111        0.016259        0.011826
1960-1964       58             0.008881        0.017992        0.013055
1960-1964       59             0.009792        0.020061        0.014498
1960-1964       60             0.011035        0.022297        0.016159
1960-1964       61             0.012040        0.024605        0.017685
1960-1964       62             0.013313        0.027305        0.019488
1960-1964       63             0.014819        0.029851        0.021304
1960-1964       64             0.016786        0.032414        0.023352
1960-1964       65             0.018480        0.035554        0.025462
1960-1964       66             0.020974        0.038693        0.028058
1960-1964       67             0.023198        0.041368        0.030348
1960-1964       68             0.025999        0.045140        0.033461
1960-1964       69             0.029546        0.048883        0.037052
1960-1964       70             0.033221        0.053080        0.040912
1960-1964       71             0.036828        0.057551        0.044877
1960-1964       72             0.042051        0.062538        0.050041
1960-1964       73             0.047011        0.068176        0.055295
1960-1964       74             0.053215        0.075057        0.061792
1960-1964       75             0.060066        0.081830        0.068656
1960-1964       76             0.068008        0.091237        0.077214
1960-1964       77             0.077094        0.098986        0.085805
1960-1964       78             0.085673        0.108896        0.094961
1960-1964       79             0.095682        0.119125        0.105090
1960-1964       80             0.105865        0.128402        0.114939
1960-1964       81             0.117755        0.141292        0.127247
1960-1964       82             0.130769        0.155755        0.140847
1960-1964       83             0.144589        0.168990        0.154430
1960-1964       84             0.160449        0.187254        0.171250
1960-1964       85             0.177105        0.203944        0.187903
1960-1964       86             0.195392        0.221649        0.205935
1960-1964       87             0.215257        0.244689        0.227035
1960-1964       88             0.235271        0.264490        0.246884
1960-1964       89             0.252885        0.282847        0.264657
1960-1964       90             0.277761        0.304868        0.288258
1960-1964       91             0.295025        0.339947        0.311955
1960-1964       92             0.325324        0.364409        0.339547
1960-1964       93             0.356458        0.398767        0.371360
1960-1964       94             0.377112        0.396689        0.383827
1960-1964       95             0.408597        0.457663        0.425014
1960-1964       96             0.432079        0.459655        0.441100
1960-1964       97             0.432147        0.487992        0.450041
1960-1964       98             0.467850        0.479802        0.471522
1960-1964       99             0.578843        0.745417        0.628078
1960-1964      100             0.549636        0.734270        0.597327
1960-1964      101             0.591493        0.664043        0.609519
1960-1964      102             0.672715        0.783184        0.699173
1960-1964      103             0.900886        0.781762        0.869817
1960-1964      104             1.096892        0.746781        1.007908
1960-1964      105             0.919551        0.267516        0.776025
1960-1964      106             0.810099        0.000000        0.488418
1960-1964      107             0.000000        0.000000        0.000000
1960-1964      108             0.000000              .        0.000000
1960-1964      109             0.000000              .        0.000000
1960-1964      110+                  .              .              .
1965-1969        0             0.020262        0.026376        0.023396
1965-1969        1             0.001537        0.001799        0.001671
1965-1969        2             0.000863        0.001090        0.000979
1965-1969        3             0.000665        0.000916        0.000793
1965-1969        4             0.000598        0.000792        0.000697
1965-1969        5             0.000501        0.000735        0.000621
1965-1969        6             0.000455        0.000677        0.000569
1965-1969        7             0.000387        0.000621        0.000507
1965-1969        8             0.000345        0.000577        0.000464
1965-1969        9             0.000315        0.000505        0.000412
1965-1969       10             0.000285        0.000504        0.000397
1965-1969       11             0.000286        0.000434        0.000362
1965-1969       12             0.000271        0.000447        0.000361
1965-1969       13             0.000282        0.000489        0.000388
1965-1969       14             0.000349        0.000581        0.000468
1965-1969       15             0.000405        0.000664        0.000538
1965-1969       16             0.000482        0.001142        0.000820
1965-1969       17             0.000524        0.001355        0.000950
1965-1969       18             0.000617        0.001677        0.001161
1965-1969       19             0.000581        0.001723        0.001167
1965-1969       20             0.000570        0.001645        0.001120
1965-1969       21             0.000561        0.001693        0.001140
1965-1969       22             0.000607        0.001621        0.001127
1965-1969       23             0.000572        0.001538        0.001071
1965-1969       24             0.000629        0.001493        0.001079
1965-1969       25             0.000635        0.001515        0.001095
1965-1969       26             0.000652        0.001488        0.001090
1965-1969       27             0.000700        0.001519        0.001129
1965-1969       28             0.000692        0.001518        0.001125
1965-1969       29             0.000771        0.001568        0.001188
1965-1969       30             0.000831        0.001598        0.001231
1965-1969       31             0.000873        0.001649        0.001278
1965-1969       32             0.000964        0.001714        0.001356
1965-1969       33             0.001049        0.001856        0.001470
1965-1969       34             0.001115        0.001964        0.001557
1965-1969       35             0.001208        0.002055        0.001649
1965-1969       36             0.001266        0.002202        0.001752
1965-1969       37             0.001442        0.002440        0.001957
1965-1969       38             0.001609        0.002561        0.002093
1965-1969       39             0.001751        0.002815        0.002281
1965-1969       40             0.001856        0.003010        0.002413
1965-1969       41             0.002024        0.003220        0.002580
1965-1969       42             0.002247        0.003457        0.002790
1965-1969       43             0.002455        0.003889        0.003081
1965-1969       44             0.002609        0.004222        0.003299
1965-1969       45             0.002943        0.004635        0.003659
1965-1969       46             0.003258        0.005218        0.004085
1965-1969       47             0.003511        0.005646        0.004409
1965-1969       48             0.003839        0.006333        0.004886
1965-1969       49             0.004117        0.006743        0.005220
1965-1969       50             0.004486        0.007239        0.005643
1965-1969       51             0.004863        0.008391        0.006345
1965-1969       52             0.005221        0.009125        0.006866
1965-1969       53             0.005624        0.010116        0.007522
1965-1969       54             0.006027        0.011259        0.008243
1965-1969       55             0.006489        0.012575        0.009077
1965-1969       56             0.007115        0.013966        0.010039
1965-1969       57             0.007758        0.015737        0.011175
1965-1969       58             0.008618        0.017467        0.012418
1965-1969       59             0.009507        0.019563        0.013855
1965-1969       60             0.010527        0.021871        0.015476
1965-1969       61             0.011807        0.024327        0.017304
1965-1969       62             0.013204        0.026842        0.019214
1965-1969       63             0.014573        0.029822        0.021297
1965-1969       64             0.016401        0.032966        0.023677
1965-1969       65             0.018316        0.036517        0.026227
1965-1969       66             0.020453        0.040619        0.029078
1965-1969       67             0.022981        0.044524        0.031996
1965-1969       68             0.025190        0.048740        0.034787
1965-1969       69             0.028392        0.052644        0.037977
1965-1969       70             0.032039        0.057128        0.041652
1965-1969       71             0.036029        0.062396        0.045874
1965-1969       72             0.040523        0.067069        0.050253
1965-1969       73             0.045972        0.073131        0.055808
1965-1969       74             0.051679        0.078978        0.061508
1965-1969       75             0.058127        0.085090        0.067824
1965-1969       76             0.064590        0.092768        0.074742
1965-1969       77             0.072553        0.100724        0.082729
1965-1969       78             0.081578        0.110281        0.091972
1965-1969       79             0.091149        0.119725        0.101522
1965-1969       80             0.102651        0.130152        0.112668
1965-1969       81             0.113437        0.142682        0.124146
1965-1969       82             0.126888        0.156138        0.137644
1965-1969       83             0.141035        0.171083        0.152134
1965-1969       84             0.155098        0.184767        0.166094
1965-1969       85             0.172672        0.202206        0.183626
1965-1969       86             0.189702        0.222691        0.201915
1965-1969       87             0.207092        0.237192        0.218223
1965-1969       88             0.227974        0.260201        0.239873
1965-1969       89             0.250456        0.280861        0.261645
1965-1969       90             0.272392        0.303580        0.283845
1965-1969       91             0.298306        0.332335        0.310775
1965-1969       92             0.320944        0.356854        0.333962
1965-1969       93             0.340112        0.390699        0.358170
1965-1969       94             0.371339        0.426229        0.390322
1965-1969       95             0.397311        0.450527        0.415018
1965-1969       96             0.434354        0.477384        0.448316
1965-1969       97             0.463176        0.482876        0.469396
1965-1969       98             0.493056        0.500475        0.495383
1965-1969       99             0.552695        0.673124        0.589437
1965-1969      100             0.671174        0.664496        0.669221
1965-1969      101             0.572973        0.655539        0.596386
1965-1969      102             0.681975        0.789474        0.709787
1965-1969      103             0.631579        0.804124        0.664078
1965-1969      104             0.896104        0.393443        0.753488
1965-1969      105             0.750000        0.827586        0.782609
1965-1969      106             0.857143        0.600000        0.705882
1965-1969      107             6.000000        1.500000        2.400000
1965-1969      108                   .        0.000000        0.000000
1965-1969      109             3.000000        0.000000        0.750000
1965-1969      110+                  .        0.461538        0.461538
1970-1974        0             0.019211        0.025419        0.022392
1970-1974        1             0.001244        0.001465        0.001357
1970-1974        2             0.000767        0.000969        0.000871
1970-1974        3             0.000626        0.000835        0.000733
1970-1974        4             0.000516        0.000750        0.000636
1970-1974        5             0.000472        0.000696        0.000587
1970-1974        6             0.000452        0.000635        0.000546
1970-1974        7             0.000391        0.000581        0.000489
1970-1974        8             0.000327        0.000505        0.000418
1970-1974        9             0.000290        0.000478        0.000387
1970-1974       10             0.000266        0.000432        0.000351
1970-1974       11             0.000252        0.000403        0.000330
1970-1974       12             0.000257        0.000448        0.000355
1970-1974       13             0.000283        0.000463        0.000375
1970-1974       14             0.000336        0.000532        0.000437
1970-1974       15             0.000435        0.000691        0.000567
1970-1974       16             0.000552        0.001242        0.000907
1970-1974       17             0.000574        0.001487        0.001042
1970-1974       18             0.000653        0.001897        0.001290
1970-1974       19             0.000625        0.001941        0.001296
1970-1974       20             0.000623        0.001915        0.001277
1970-1974       21             0.000601        0.001807        0.001213
1970-1974       22             0.000570        0.001712        0.001154
1970-1974       23             0.000598        0.001567        0.001097
1970-1974       24             0.000599        0.001518        0.001075
1970-1974       25             0.000605        0.001481        0.001061
1970-1974       26             0.000622        0.001473        0.001065
1970-1974       27             0.000686        0.001474        0.001097
1970-1974       28             0.000665        0.001510        0.001107
1970-1974       29             0.000703        0.001594        0.001170
1970-1974       30             0.000803        0.001629        0.001236
1970-1974       31             0.000819        0.001703        0.001283
1970-1974       32             0.000897        0.001765        0.001352
1970-1974       33             0.000939        0.001836        0.001409
1970-1974       34             0.001002        0.001937        0.001492
1970-1974       35             0.001113        0.002032        0.001595
1970-1974       36             0.001214        0.002188        0.001724
1970-1974       37             0.001338        0.002455        0.001922
1970-1974       38             0.001456        0.002656        0.002083
1970-1974       39             0.001615        0.002885        0.002277
1970-1974       40             0.001701        0.003105        0.002431
1970-1974       41             0.001909        0.003436        0.002700
1970-1974       42             0.002135        0.003749        0.002965
1970-1974       43             0.002360        0.004044        0.003214
1970-1974       44             0.002541        0.004416        0.003471
1970-1974       45             0.002758        0.004789        0.003734
1970-1974       46             0.003119        0.005227        0.004094
1970-1974       47             0.003331        0.005634        0.004357
1970-1974       48             0.003752        0.006236        0.004828
1970-1974       49             0.004041        0.006882        0.005247
1970-1974       50             0.004454        0.007676        0.005806
1970-1974       51             0.004818        0.008497        0.006357
1970-1974       52             0.005169        0.009170        0.006837
1970-1974       53             0.005516        0.010001        0.007379
1970-1974       54             0.006018        0.011045        0.008106
1970-1974       55             0.006314        0.012001        0.008673
1970-1974       56             0.006806        0.013632        0.009636
1970-1974       57             0.007477        0.014878        0.010547
1970-1974       58             0.008168        0.016425        0.011596
1970-1974       59             0.008874        0.018223        0.012753
1970-1974       60             0.009746        0.020289        0.014121
1970-1974       61             0.010711        0.022413        0.015564
1970-1974       62             0.011929        0.025189        0.017424
1970-1974       63             0.013347        0.027583        0.019242
1970-1974       64             0.014991        0.031134        0.021696
1970-1974       65             0.016911        0.034731        0.024359
1970-1974       66             0.018661        0.038279        0.026893
1970-1974       67             0.021045        0.042116        0.029895
1970-1974       68             0.023565        0.046795        0.033288
1970-1974       69             0.026632        0.051186        0.036825
1970-1974       70             0.029831        0.056653        0.040790
1970-1974       71             0.033596        0.061959        0.044916
1970-1974       72             0.037733        0.067451        0.049275
1970-1974       73             0.042991        0.073711        0.054545
1970-1974       74             0.048236        0.080818        0.060058
1970-1974       75             0.054635        0.087702        0.066211
1970-1974       76             0.061171        0.094815        0.072598
1970-1974       77             0.068799        0.102820        0.080107
1970-1974       78             0.076885        0.110415        0.087871
1970-1974       79             0.085900        0.120222        0.097079
1970-1974       80             0.096045        0.131058        0.107368
1970-1974       81             0.108635        0.143519        0.119931
1970-1974       82             0.121213        0.154993        0.132190
1970-1974       83             0.135261        0.168884        0.146228
1970-1974       84             0.150799        0.185329        0.162102
1970-1974       85             0.165233        0.200414        0.176797
1970-1974       86             0.183146        0.216263        0.194089
1970-1974       87             0.202090        0.234641        0.212894
1970-1974       88             0.221603        0.258028        0.233742
1970-1974       89             0.241923        0.272589        0.252175
1970-1974       90             0.261871        0.301686        0.275178
1970-1974       91             0.287692        0.322373        0.299236
1970-1974       92             0.310019        0.355947        0.325216
1970-1974       93             0.339737        0.373411        0.350802
1970-1974       94             0.369438        0.406239        0.381521
1970-1974       95             0.398122        0.435684        0.410339
1970-1974       96             0.431357        0.455932        0.439223
1970-1974       97             0.458469        0.478266        0.464649
1970-1974       98             0.490821        0.505123        0.495245
1970-1974       99             0.592352        0.792433        0.649350
1970-1974      100             0.646610        0.638129        0.644302
1970-1974      101             0.545676        0.607142        0.562379
1970-1974      102             0.600946        0.596273        0.599657
1970-1974      103             0.575712        0.891089        0.649022
1970-1974      104             0.685121        0.765795        0.702327
1970-1974      105             0.876923        1.037464        0.895826
1970-1974      106             1.272727        0.600000        1.116279
1970-1974      107             0.545455        0.000000        0.260870
1970-1974      108                   .        1.200000        1.200000
1970-1974      109                   .              .              .
1970-1974      110+                  .              .              .
1975-1979        0             0.014096        0.018369        0.016288
1975-1979        1             0.001005        0.001184        0.001097
1975-1979        2             0.000608        0.000799        0.000705
1975-1979        3             0.000504        0.000663        0.000585
1975-1979        4             0.000434        0.000571        0.000504
1975-1979        5             0.000376        0.000531        0.000455
1975-1979        6             0.000345        0.000496        0.000422
1975-1979        7             0.000321        0.000465        0.000394
1975-1979        8             0.000267        0.000415        0.000343
1975-1979        9             0.000249        0.000361        0.000307
1975-1979       10             0.000207        0.000329        0.000270
1975-1979       11             0.000230        0.000340        0.000286
1975-1979       12             0.000227        0.000354        0.000292
1975-1979       13             0.000237        0.000367        0.000303
1975-1979       14             0.000297        0.000461        0.000381
1975-1979       15             0.000418        0.000621        0.000522
1975-1979       16             0.000533        0.001124        0.000836
1975-1979       17             0.000562        0.001315        0.000949
1975-1979       18             0.000625        0.001846        0.001252
1975-1979       19             0.000617        0.001860        0.001255
1975-1979       20             0.000579        0.001777        0.001191
1975-1979       21             0.000560        0.001688        0.001133
1975-1979       22             0.000563        0.001605        0.001092
1975-1979       23             0.000565        0.001490        0.001034
1975-1979       24             0.000588        0.001420        0.001010
1975-1979       25             0.000582        0.001330        0.000962
1975-1979       26             0.000575        0.001323        0.000957
1975-1979       27             0.000598        0.001362        0.000990
1975-1979       28             0.000648        0.001368        0.001019
1975-1979       29             0.000683        0.001371        0.001038
1975-1979       30             0.000715        0.001450        0.001094
1975-1979       31             0.000784        0.001532        0.001170
1975-1979       32             0.000837        0.001624        0.001244
1975-1979       33             0.000911        0.001781        0.001362
1975-1979       34             0.000967        0.001846        0.001422
1975-1979       35             0.001062        0.001903        0.001498
1975-1979       36             0.001092        0.002136        0.001634
1975-1979       37             0.001181        0.002323        0.001773
1975-1979       38             0.001269        0.002455        0.001884
1975-1979       39             0.001410        0.002711        0.002083
1975-1979       40             0.001529        0.002982        0.002280
1975-1979       41             0.001693        0.003263        0.002504
1975-1979       42             0.001862        0.003544        0.002730
1975-1979       43             0.002073        0.004013        0.003072
1975-1979       44             0.002357        0.004305        0.003359
1975-1979       45             0.002562        0.004870        0.003746
1975-1979       46             0.002773        0.005331        0.004080
1975-1979       47             0.003086        0.005899        0.004515
1975-1979       48             0.003350        0.006292        0.004823
1975-1979       49             0.003618        0.006881        0.005215
1975-1979       50             0.003977        0.007480        0.005637
1975-1979       51             0.004268        0.008186        0.006054
1975-1979       52             0.004690        0.008817        0.006502
1975-1979       53             0.005036        0.009650        0.007004
1975-1979       54             0.005429        0.010638        0.007604
1975-1979       55             0.005992        0.011879        0.008420
1975-1979       56             0.006412        0.012936        0.009090
1975-1979       57             0.006965        0.014289        0.009956
1975-1979       58             0.007606        0.015420        0.010781
1975-1979       59             0.008333        0.016827        0.011776
1975-1979       60             0.008866        0.018443        0.012736
1975-1979       61             0.009825        0.020558        0.014143
1975-1979       62             0.010696        0.022794        0.015551
1975-1979       63             0.011749        0.025579        0.017280
1975-1979       64             0.013276        0.027777        0.019050
1975-1979       65             0.014758        0.030852        0.021148
1975-1979       66             0.016384        0.034422        0.023522
1975-1979       67             0.018286        0.038015        0.026057
1975-1979       68             0.020506        0.042523        0.029134
1975-1979       69             0.023200        0.047221        0.032598
1975-1979       70             0.026150        0.052365        0.036416
1975-1979       71             0.029844        0.057248        0.040564
1975-1979       72             0.033283        0.063436        0.045021
1975-1979       73             0.037788        0.069517        0.050027
1975-1979       74             0.042941        0.075678        0.055391
1975-1979       75             0.048590        0.083800        0.061678
1975-1979       76             0.054322        0.090618        0.067421
1975-1979       77             0.061577        0.098724        0.074544
1975-1979       78             0.068856        0.108216        0.082080
1975-1979       79             0.077893        0.117392        0.090615
1975-1979       80             0.086953        0.127887        0.099570
1975-1979       81             0.097909        0.139581        0.110309
1975-1979       82             0.110092        0.151122        0.121998
1975-1979       83             0.122257        0.162282        0.133688
1975-1979       84             0.137228        0.177647        0.148696
1975-1979       85             0.151919        0.191494        0.163139
1975-1979       86             0.167211        0.207717        0.178723
1975-1979       87             0.185275        0.229555        0.197888
1975-1979       88             0.206462        0.243590        0.217067
1975-1979       89             0.225078        0.262744        0.235898
1975-1979       90             0.247783        0.287176        0.259180
1975-1979       91             0.269456        0.316862        0.283217
1975-1979       92             0.293320        0.334789        0.305385
1975-1979       93             0.311352        0.360541        0.325677
1975-1979       94             0.336894        0.387978        0.351646
1975-1979       95             0.367942        0.411173        0.380396
1975-1979       96             0.399247        0.428274        0.407671
1975-1979       97             0.431184        0.461070        0.439880
1975-1979       98             0.441254        0.508393        0.460729
1975-1979       99             0.645226        0.693860        0.659003
1975-1979      100             0.641195        0.715429        0.661521
1975-1979      101             0.588369        0.595997        0.590488
1975-1979      102             0.636577        0.649922        0.640205
1975-1979      103             0.517241        0.601942        0.539440
1975-1979      104             0.513308        0.355766        0.475059
1975-1979      105             0.544021        0.650567        0.570654
1975-1979      106             0.310345        0.327273        0.314627
1975-1979      107             0.339623        0.000000        0.243243
1975-1979      108             0.000000        0.000000        0.000000
1975-1979      109             0.206897        0.000000        0.157895
1975-1979      110+            0.545455              .        0.545455
1980-1984        0             0.009774        0.012346        0.011093
1980-1984        1             0.000777        0.000903        0.000841
1980-1984        2             0.000475        0.000582        0.000530
1980-1984        3             0.000391        0.000508        0.000451
1980-1984        4             0.000322        0.000405        0.000364
1980-1984        5             0.000274        0.000396        0.000336
1980-1984        6             0.000255        0.000338        0.000297
1980-1984        7             0.000228        0.000340        0.000285
1980-1984        8             0.000194        0.000319        0.000258
1980-1984        9             0.000187        0.000279        0.000234
1980-1984       10             0.000177        0.000270        0.000225
1980-1984       11             0.000174        0.000261        0.000218
1980-1984       12             0.000185        0.000264        0.000226
1980-1984       13             0.000189        0.000309        0.000250
1980-1984       14             0.000232        0.000365        0.000300
1980-1984       15             0.000315        0.000493        0.000406
1980-1984       16             0.000396        0.000838        0.000624
1980-1984       17             0.000453        0.001022        0.000746
1980-1984       18             0.000513        0.001446        0.000994
1980-1984       19             0.000504        0.001510        0.001022
1980-1984       20             0.000452        0.001461        0.000971
1980-1984       21             0.000474        0.001381        0.000941
1980-1984       22             0.000443        0.001304        0.000887
1980-1984       23             0.000451        0.001287        0.000883
1980-1984       24             0.000450        0.001224        0.000851
1980-1984       25             0.000489        0.001196        0.000855
1980-1984       26             0.000520        0.001189        0.000865
1980-1984       27             0.000536        0.001173        0.000863
1980-1984       28             0.000560        0.001232        0.000904
1980-1984       29             0.000582        0.001258        0.000927
1980-1984       30             0.000627        0.001248        0.000944
1980-1984       31             0.000658        0.001345        0.001010
1980-1984       32             0.000713        0.001392        0.001062
1980-1984       33             0.000773        0.001419        0.001105
1980-1984       34             0.000813        0.001522        0.001178
1980-1984       35             0.000944        0.001621        0.001292
1980-1984       36             0.001023        0.001752        0.001397
1980-1984       37             0.001095        0.002011        0.001564
1980-1984       38             0.001191        0.002191        0.001704
1980-1984       39             0.001271        0.002494        0.001899
1980-1984       40             0.001407        0.002683        0.002063
1980-1984       41             0.001468        0.002953        0.002231
1980-1984       42             0.001631        0.003169        0.002421
1980-1984       43             0.001760        0.003474        0.002640
1980-1984       44             0.001939        0.003841        0.002914
1980-1984       45             0.002134        0.004246        0.003215
1980-1984       46             0.002326        0.004652        0.003516
1980-1984       47             0.002602        0.005204        0.003931
1980-1984       48             0.002842        0.005744        0.004322
1980-1984       49             0.003149        0.006388        0.004796
1980-1984       50             0.003434        0.007194        0.005339
1980-1984       51             0.003765        0.007745        0.005774
1980-1984       52             0.004077        0.008679        0.006385
1980-1984       53             0.004473        0.009304        0.006860
1980-1984       54             0.004790        0.010120        0.007362
1980-1984       55             0.005211        0.010987        0.007906
1980-1984       56             0.005800        0.012028        0.008590
1980-1984       57             0.006141        0.013225        0.009192
1980-1984       58             0.006793        0.014592        0.010050
1980-1984       59             0.007342        0.016048        0.010893
1980-1984       60             0.008401        0.017824        0.012188
1980-1984       61             0.009087        0.019419        0.013207
1980-1984       62             0.009888        0.021313        0.014407
1980-1984       63             0.010788        0.023398        0.015735
1980-1984       64             0.011932        0.025213        0.017110
1980-1984       65             0.012960        0.027745        0.018684
1980-1984       66             0.014533        0.030989        0.020860
1980-1984       67             0.016131        0.033989        0.022959
1980-1984       68             0.017866        0.037570        0.025351
1980-1984       69             0.020164        0.041244        0.028104
1980-1984       70             0.022372        0.045808        0.031129
1980-1984       71             0.025414        0.050925        0.034856
1980-1984       72             0.028762        0.056467        0.038899
1980-1984       73             0.032839        0.062455        0.043548
1980-1984       74             0.037092        0.068862        0.048483
1980-1984       75             0.042713        0.076706        0.054837
1980-1984       76             0.048016        0.083819        0.060693
1980-1984       77             0.054244        0.091738        0.067371
1980-1984       78             0.061063        0.100345        0.074609
1980-1984       79             0.069097        0.109826        0.082855
1980-1984       80             0.077663        0.120516        0.091675
1980-1984       81             0.088102        0.132948        0.102239
1980-1984       82             0.098284        0.143789        0.112047
1980-1984       83             0.110801        0.154406        0.123422
1980-1984       84             0.123485        0.169864        0.136302
1980-1984       85             0.137241        0.182453        0.149186
1980-1984       86             0.152166        0.198798        0.164028
1980-1984       87             0.168348        0.216525        0.180280
1980-1984       88             0.187102        0.228691        0.197249
1980-1984       89             0.206075        0.248267        0.216318
1980-1984       90             0.224568        0.270088        0.235679
1980-1984       91             0.247630        0.287940        0.257517
1980-1984       92             0.273119        0.317672        0.284076
1980-1984       93             0.294779        0.346209        0.307435
1980-1984       94             0.319654        0.362184        0.330129
1980-1984       95             0.338991        0.406795        0.355584
1980-1984       96             0.362587        0.409169        0.373855
1980-1984       97             0.385632        0.407212        0.390970
1980-1984       98             0.416910        0.436875        0.421905
1980-1984       99             0.521599        0.588051        0.538590
1980-1984      100             0.522260        0.620955        0.547188
1980-1984      101             0.530219        0.535070        0.531412
1980-1984      102             0.514612        0.574219        0.529243
1980-1984      103             0.515133        0.586466        0.532775
1980-1984      104             0.484375        0.552000        0.500982
1980-1984      105             0.735484        1.186047        0.833333
1980-1984      106             0.638298        1.043478        0.695122
1980-1984      107             0.654545        0.000000        0.537313
1980-1984      108             0.150000        0.230769        0.181818
1980-1984      109             2.086957        2.526316        2.215385
1980-1984      110+                  .              .              .
1985-1989        0             0.007113        0.009329        0.008250
1985-1989        1             0.000617        0.000712        0.000666
1985-1989        2             0.000380        0.000467        0.000425
1985-1989        3             0.000284        0.000343        0.000314
1985-1989        4             0.000204        0.000305        0.000256
1985-1989        5             0.000206        0.000278        0.000243
1985-1989        6             0.000191        0.000263        0.000228
1985-1989        7             0.000179        0.000245        0.000213
1985-1989        8             0.000163        0.000244        0.000205
1985-1989        9             0.000159        0.000202        0.000181
1985-1989       10             0.000130        0.000193        0.000162
1985-1989       11             0.000140        0.000197        0.000170
1985-1989       12             0.000136        0.000215        0.000176
1985-1989       13             0.000147        0.000232        0.000190
1985-1989       14             0.000179        0.000282        0.000232
1985-1989       15             0.000211        0.000388        0.000302
1985-1989       16             0.000273        0.000572        0.000426
1985-1989       17             0.000311        0.000727        0.000524
1985-1989       18             0.000383        0.001022        0.000711
1985-1989       19             0.000385        0.001068        0.000735
1985-1989       20             0.000388        0.001078        0.000741
1985-1989       21             0.000367        0.001024        0.000704
1985-1989       22             0.000362        0.001024        0.000702
1985-1989       23             0.000366        0.001008        0.000696
1985-1989       24             0.000392        0.000988        0.000699
1985-1989       25             0.000375        0.000988        0.000690
1985-1989       26             0.000388        0.000987        0.000697
1985-1989       27             0.000431        0.000987        0.000717
1985-1989       28             0.000454        0.001014        0.000743
1985-1989       29             0.000466        0.001091        0.000788
1985-1989       30             0.000524        0.001124        0.000832
1985-1989       31             0.000580        0.001176        0.000885
1985-1989       32             0.000635        0.001235        0.000941
1985-1989       33             0.000658        0.001288        0.000978
1985-1989       34             0.000710        0.001377        0.001049
1985-1989       35             0.000774        0.001453        0.001119
1985-1989       36             0.000865        0.001585        0.001232
1985-1989       37             0.000940        0.001724        0.001339
1985-1989       38             0.001070        0.001898        0.001492
1985-1989       39             0.001130        0.002000        0.001574
1985-1989       40             0.001250        0.002230        0.001750
1985-1989       41             0.001375        0.002450        0.001924
1985-1989       42             0.001497        0.002746        0.002135
1985-1989       43             0.001627        0.002982        0.002320
1985-1989       44             0.001775        0.003284        0.002548
1985-1989       45             0.001968        0.003744        0.002878
1985-1989       46             0.002130        0.004155        0.003167
1985-1989       47             0.002242        0.004547        0.003420
1985-1989       48             0.002505        0.004923        0.003740
1985-1989       49             0.002717        0.005354        0.004061
1985-1989       50             0.003024        0.006117        0.004599
1985-1989       51             0.003213        0.006706        0.004988
1985-1989       52             0.003496        0.007391        0.005470
1985-1989       53             0.003875        0.008214        0.006067
1985-1989       54             0.004259        0.009259        0.006777
1985-1989       55             0.004562        0.010192        0.007383
1985-1989       56             0.005180        0.011363        0.008263
1985-1989       57             0.005400        0.012442        0.008884
1985-1989       58             0.006167        0.013355        0.009667
1985-1989       59             0.006597        0.014625        0.010407
1985-1989       60             0.007306        0.016009        0.011292
1985-1989       61             0.008011        0.017609        0.012219
1985-1989       62             0.008759        0.019119        0.013110
1985-1989       63             0.009730        0.021164        0.014368
1985-1989       64             0.010705        0.023023        0.015565
1985-1989       65             0.012140        0.025879        0.017464
1985-1989       66             0.013148        0.027948        0.018824
1985-1989       67             0.014641        0.030479        0.020650
1985-1989       68             0.016305        0.033301        0.022679
1985-1989       69             0.018047        0.036692        0.024969
1985-1989       70             0.019882        0.039991        0.027263
1985-1989       71             0.022719        0.045269        0.030894
1985-1989       72             0.025427        0.050039        0.034252
1985-1989       73             0.028263        0.054736        0.037638
1985-1989       74             0.032109        0.060421        0.041995
1985-1989       75             0.035943        0.066490        0.046446
1985-1989       76             0.041060        0.073990        0.052185
1985-1989       77             0.046366        0.081680        0.058068
1985-1989       78             0.053006        0.090350        0.065139
1985-1989       79             0.059726        0.099566        0.072467
1985-1989       80             0.068220        0.109715        0.081275
1985-1989       81             0.077611        0.121564        0.091234
1985-1989       82             0.086980        0.133403        0.101092
1985-1989       83             0.098032        0.146348        0.112370
1985-1989       84             0.110461        0.158747        0.124376
1985-1989       85             0.124384        0.173799        0.138108
1985-1989       86             0.137879        0.190201        0.151804
1985-1989       87             0.154569        0.205783        0.167577
1985-1989       88             0.171163        0.225442        0.184279
1985-1989       89             0.188331        0.236454        0.199388
1985-1989       90             0.209718        0.262914        0.221374
1985-1989       91             0.228707        0.282080        0.239932
1985-1989       92             0.248391        0.299325        0.258866
1985-1989       93             0.272833        0.335134        0.285400
1985-1989       94             0.297232        0.353184        0.308419
1985-1989       95             0.326238        0.364832        0.333988
1985-1989       96             0.342304        0.389858        0.351968
1985-1989       97             0.365752        0.397378        0.372221
1985-1989       98             0.392176        0.407953        0.395496
1985-1989       99             0.427514        0.449848        0.432312
1985-1989      100             0.486390        0.603132        0.510186
1985-1989      101             0.513675        0.557992        0.522593
1985-1989      102             0.522265        0.585366        0.535083
1985-1989      103             0.527623        0.590164        0.539699
1985-1989      104             0.536436        0.521127        0.533269
1985-1989      105             0.399563        0.419753        0.403796
1985-1989      106             0.376426        0.422535        0.386228
1985-1989      107             0.185393        0.600000        0.269058
1985-1989      108             0.459459        0.000000        0.373626
1985-1989      109             0.607595        0.600000        0.606061
1985-1989      110+                  .              .              .
1990-1994        0             0.005424        0.006946        0.006205
1990-1994        1             0.000538        0.000562        0.000550
1990-1994        2             0.000286        0.000407        0.000348
1990-1994        3             0.000254        0.000330        0.000293
1990-1994        4             0.000197        0.000249        0.000223
1990-1994        5             0.000170        0.000230        0.000201
1990-1994        6             0.000157        0.000195        0.000177
1990-1994        7             0.000146        0.000180        0.000163
1990-1994        8             0.000138        0.000184        0.000162
1990-1994        9             0.000119        0.000168        0.000144
1990-1994       10             0.000131        0.000147        0.000139
1990-1994       11             0.000130        0.000189        0.000160
1990-1994       12             0.000120        0.000192        0.000157
1990-1994       13             0.000129        0.000178        0.000154
1990-1994       14             0.000154        0.000225        0.000190
1990-1994       15             0.000203        0.000335        0.000271
1990-1994       16             0.000245        0.000501        0.000376
1990-1994       17             0.000267        0.000612        0.000444
1990-1994       18             0.000363        0.000959        0.000668
1990-1994       19             0.000386        0.001058        0.000728
1990-1994       20             0.000363        0.000993        0.000683
1990-1994       21             0.000335        0.001051        0.000700
1990-1994       22             0.000358        0.001027        0.000700
1990-1994       23             0.000349        0.001029        0.000699
1990-1994       24             0.000367        0.000974        0.000680
1990-1994       25             0.000382        0.001011        0.000707
1990-1994       26             0.000370        0.001006        0.000699
1990-1994       27             0.000372        0.001011        0.000703
1990-1994       28             0.000417        0.001027        0.000734
1990-1994       29             0.000460        0.001096        0.000790
1990-1994       30             0.000500        0.001175        0.000849
1990-1994       31             0.000494        0.001199        0.000858
1990-1994       32             0.000597        0.001269        0.000944
1990-1994       33             0.000627        0.001378        0.001015
1990-1994       34             0.000698        0.001479        0.001101
1990-1994       35             0.000743        0.001562        0.001165
1990-1994       36             0.000857        0.001619        0.001248
1990-1994       37             0.000931        0.001794        0.001372
1990-1994       38             0.000984        0.001907        0.001454
1990-1994       39             0.001067        0.002048        0.001565
1990-1994       40             0.001216        0.002269        0.001750
1990-1994       41             0.001325        0.002413        0.001878
1990-1994       42             0.001452        0.002589        0.002031
1990-1994       43             0.001615        0.002884        0.002262
1990-1994       44             0.001747        0.003062        0.002419
1990-1994       45             0.001937        0.003472        0.002722
1990-1994       46             0.002139        0.003784        0.002980
1990-1994       47             0.002286        0.004170        0.003250
1990-1994       48             0.002495        0.004656        0.003601
1990-1994       49             0.002596        0.005117        0.003886
1990-1994       50             0.002817        0.005725        0.004304
1990-1994       51             0.003092        0.006078        0.004616
1990-1994       52             0.003275        0.006684        0.005011
1990-1994       53             0.003488        0.007303        0.005425
1990-1994       54             0.003959        0.008094        0.006053
1990-1994       55             0.004168        0.008911        0.006563
1990-1994       56             0.004540        0.009774        0.007175
1990-1994       57             0.005006        0.010994        0.008008
1990-1994       58             0.005561        0.012165        0.008856
1990-1994       59             0.006089        0.013577        0.009805
1990-1994       60             0.006738        0.015163        0.010891
1990-1994       61             0.007448        0.016524        0.011889
1990-1994       62             0.008257        0.018395        0.013165
1990-1994       63             0.009060        0.020027        0.014269
1990-1994       64             0.009936        0.022004        0.015507
1990-1994       65             0.010939        0.023646        0.016581
1990-1994       66             0.012002        0.025948        0.017906
1990-1994       67             0.013369        0.028037        0.019298
1990-1994       68             0.014917        0.030659        0.021041
1990-1994       69             0.016690        0.033851        0.023157
1990-1994       70             0.018894        0.037984        0.025931
1990-1994       71             0.020832        0.041144        0.028210
1990-1994       72             0.023378        0.045139        0.031155
1990-1994       73             0.026249        0.049452        0.034403
1990-1994       74             0.029262        0.054321        0.037935
1990-1994       75             0.032431        0.059462        0.041624
1990-1994       76             0.037374        0.067122        0.047308
1990-1994       77             0.042203        0.073243        0.052383
1990-1994       78             0.047861        0.081087        0.058537
1990-1994       79             0.054174        0.090349        0.065537
1990-1994       80             0.060858        0.099952        0.072764
1990-1994       81             0.069789        0.110937        0.081994
1990-1994       82             0.079497        0.123122        0.092073
1990-1994       83             0.090267        0.136409        0.103184
1990-1994       84             0.102112        0.149544        0.115054
1990-1994       85             0.115441        0.166409        0.129058
1990-1994       86             0.130777        0.182817        0.144350
1990-1994       87             0.145671        0.199259        0.159261
1990-1994       88             0.164441        0.217577        0.177517
1990-1994       89             0.180983        0.235490        0.193922
1990-1994       90             0.204803        0.261630        0.217690
1990-1994       91             0.226229        0.281376        0.238160
1990-1994       92             0.247621        0.303456        0.259101
1990-1994       93             0.270523        0.333444        0.282753
1990-1994       94             0.297812        0.357870        0.308843
1990-1994       95             0.321333        0.382638        0.332016
1990-1994       96             0.351106        0.408374        0.360702
1990-1994       97             0.369915        0.412240        0.376863
1990-1994       98             0.391960        0.430879        0.398385
1990-1994       99             0.440327        0.483781        0.447693
1990-1994      100             0.485801        0.664948        0.514219
1990-1994      101             0.507401        0.600000        0.521679
1990-1994      102             0.536946        0.619181        0.549666
1990-1994      103             0.509931        0.553936        0.517159
1990-1994      104             0.551315        0.631579        0.564531
1990-1994      105             0.620384        0.860656        0.657071
1990-1994      106             0.618287        0.285714        0.566871
1990-1994      107             0.705882        0.833333        0.729114
1990-1994      108             0.662791        1.285714        0.750000
1990-1994      109             1.164179        2.000000        1.263158
1990-1994      110+            1.621622        6.000000        1.736842
1995-1999        0             0.004273        0.005386        0.004844
1995-1999        1             0.000397        0.000463        0.000431
1995-1999        2             0.000237        0.000310        0.000275
1995-1999        3             0.000178        0.000227        0.000203
1995-1999        4             0.000161        0.000182        0.000172
1995-1999        5             0.000110        0.000160        0.000136
1995-1999        6             0.000131        0.000158        0.000145
1995-1999        7             0.000127        0.000132        0.000129
1995-1999        8             0.000098        0.000149        0.000124
1995-1999        9             0.000106        0.000120        0.000113
1995-1999       10             0.000091        0.000131        0.000111
1995-1999       11             0.000102        0.000139        0.000121
1995-1999       12             0.000121        0.000151        0.000136
1995-1999       13             0.000121        0.000184        0.000153
1995-1999       14             0.000142        0.000226        0.000185
1995-1999       15             0.000198        0.000291        0.000245
1995-1999       16             0.000238        0.000434        0.000338
1995-1999       17             0.000274        0.000593        0.000437
1995-1999       18             0.000368        0.000961        0.000670
1995-1999       19             0.000356        0.000968        0.000666
1995-1999       20             0.000342        0.000958        0.000652
1995-1999       21             0.000327        0.000964        0.000647
1995-1999       22             0.000309        0.000925        0.000619
1995-1999       23             0.000287        0.000928        0.000610
1995-1999       24             0.000322        0.000907        0.000617
1995-1999       25             0.000327        0.000852        0.000593
1995-1999       26             0.000325        0.000851        0.000593
1995-1999       27             0.000345        0.000902        0.000630
1995-1999       28             0.000368        0.000935        0.000659
1995-1999       29             0.000393        0.000928        0.000668
1995-1999       30             0.000402        0.000931        0.000674
1995-1999       31             0.000443        0.001006        0.000733
1995-1999       32             0.000464        0.001037        0.000759
1995-1999       33             0.000519        0.001095        0.000816
1995-1999       34             0.000582        0.001173        0.000886
1995-1999       35             0.000660        0.001258        0.000967
1995-1999       36             0.000704        0.001412        0.001067
1995-1999       37             0.000825        0.001521        0.001182
1995-1999       38             0.000889        0.001622        0.001264
1995-1999       39             0.000980        0.001843        0.001421
1995-1999       40             0.001093        0.002029        0.001571
1995-1999       41             0.001230        0.002230        0.001739
1995-1999       42             0.001356        0.002502        0.001937
1995-1999       43             0.001526        0.002716        0.002127
1995-1999       44             0.001636        0.002969        0.002307
1995-1999       45             0.001820        0.003297        0.002563
1995-1999       46             0.001952        0.003521        0.002742
1995-1999       47             0.002121        0.003897        0.003017
1995-1999       48             0.002386        0.004218        0.003311
1995-1999       49             0.002546        0.004681        0.003626
1995-1999       50             0.002837        0.005232        0.004048
1995-1999       51             0.003081        0.005676        0.004393
1995-1999       52             0.003283        0.006304        0.004810
1995-1999       53             0.003536        0.006823        0.005198
1995-1999       54             0.003749        0.007447        0.005617
1995-1999       55             0.004009        0.008070        0.006058
1995-1999       56             0.004255        0.008892        0.006589
1995-1999       57             0.004627        0.009728        0.007187
1995-1999       58             0.004915        0.010519        0.007716
1995-1999       59             0.005496        0.011741        0.008606
1995-1999       60             0.006036        0.013002        0.009489
1995-1999       61             0.006590        0.014443        0.010463
1995-1999       62             0.007253        0.015912        0.011497
1995-1999       63             0.008085        0.017644        0.012735
1995-1999       64             0.008964        0.019548        0.014071
1995-1999       65             0.009865        0.021769        0.015553
1995-1999       66             0.010947        0.023805        0.017029
1995-1999       67             0.012088        0.026526        0.018826
1995-1999       68             0.013501        0.028929        0.020542
1995-1999       69             0.015030        0.031308        0.022228
1995-1999       70             0.016644        0.033917        0.023962
1995-1999       71             0.018592        0.037392        0.026155
1995-1999       72             0.021074        0.040855        0.028635
1995-1999       73             0.023586        0.045038        0.031434
1995-1999       74             0.026720        0.049771        0.034838
1995-1999       75             0.030713        0.056368        0.039498
1995-1999       76             0.033895        0.059886        0.042612
1995-1999       77             0.038046        0.066904        0.047508
1995-1999       78             0.043303        0.072678        0.052707
1995-1999       79             0.048517        0.080870        0.058640
1995-1999       80             0.055082        0.090223        0.065744
1995-1999       81             0.064283        0.102571        0.075588
1995-1999       82             0.072433        0.112646        0.083987
1995-1999       83             0.081513        0.124673        0.093556
1995-1999       84             0.092785        0.137953        0.104987
1995-1999       85             0.104550        0.151618        0.116831
1995-1999       86             0.117891        0.166759        0.130181
1995-1999       87             0.134282        0.184717        0.146488
1995-1999       88             0.151058        0.202872        0.163129
1995-1999       89             0.169241        0.227099        0.182260
1995-1999       90             0.190217        0.250830        0.203407
1995-1999       91             0.212047        0.272315        0.224721
1995-1999       92             0.235714        0.298888        0.248532
1995-1999       93             0.259225        0.321970        0.271468
1995-1999       94             0.285982        0.356634        0.299161
1995-1999       95             0.314887        0.378010        0.326022
1995-1999       96             0.342986        0.412869        0.354674
1995-1999       97             0.367981        0.452096        0.381177
1995-1999       98             0.393088        0.449417        0.401439
1995-1999       99             0.418527        0.501288        0.430462
1995-1999      100             0.473187        0.625063        0.493240
1995-1999      101             0.502061        0.562845        0.509674
1995-1999      102             0.513956        0.611744        0.525877
1995-1999      103             0.594023        0.571253        0.591377
1995-1999      104             0.566634        0.596685        0.570102
1995-1999      105             0.542694        0.587838        0.548071
1995-1999      106             0.611631        0.500000        0.596932
1995-1999      107             0.508972        0.292683        0.472826
1995-1999      108             1.258427        0.769231        1.147826
1995-1999      109             1.111111        0.857143        1.034483
1995-1999      110+            0.697674        2.000000        0.923077
2000-2004        0             0.003844        0.004726        0.004297
2000-2004        1             0.000362        0.000427        0.000395
2000-2004        2             0.000209        0.000227        0.000218
2000-2004        3             0.000171        0.000209        0.000191
2000-2004        4             0.000129        0.000139        0.000134
2000-2004        5             0.000124        0.000127        0.000126
2000-2004        6             0.000100        0.000122        0.000112
2000-2004        7             0.000088        0.000111        0.000100
2000-2004        8             0.000092        0.000121        0.000107
2000-2004        9             0.000076        0.000109        0.000093
2000-2004       10             0.000087        0.000094        0.000090
2000-2004       11             0.000096        0.000143        0.000120
2000-2004       12             0.000092        0.000136        0.000114
2000-2004       13             0.000106        0.000149        0.000128
2000-2004       14             0.000122        0.000176        0.000150
2000-2004       15             0.000172        0.000231        0.000202
2000-2004       16             0.000200        0.000405        0.000305
2000-2004       17             0.000212        0.000480        0.000349
2000-2004       18             0.000308        0.000768        0.000543
2000-2004       19             0.000304        0.000789        0.000550
2000-2004       20             0.000320        0.000819        0.000571
2000-2004       21             0.000260        0.000808        0.000534
2000-2004       22             0.000265        0.000812        0.000537
2000-2004       23             0.000278        0.000776        0.000526
2000-2004       24             0.000279        0.000772        0.000525
2000-2004       25             0.000264        0.000769        0.000516
2000-2004       26             0.000289        0.000737        0.000513
2000-2004       27             0.000307        0.000762        0.000535
2000-2004       28             0.000317        0.000758        0.000538
2000-2004       29             0.000315        0.000761        0.000539
2000-2004       30             0.000329        0.000780        0.000557
2000-2004       31             0.000368        0.000827        0.000600
2000-2004       32             0.000380        0.000867        0.000627
2000-2004       33             0.000427        0.000907        0.000671
2000-2004       34             0.000485        0.000974        0.000734
2000-2004       35             0.000543        0.001048        0.000801
2000-2004       36             0.000592        0.001117        0.000860
2000-2004       37             0.000665        0.001202        0.000940
2000-2004       38             0.000740        0.001362        0.001058
2000-2004       39             0.000828        0.001494        0.001168
2000-2004       40             0.000900        0.001688        0.001302
2000-2004       41             0.001026        0.001866        0.001453
2000-2004       42             0.001155        0.002141        0.001656
2000-2004       43             0.001338        0.002371        0.001863
2000-2004       44             0.001441        0.002598        0.002028
2000-2004       45             0.001645        0.002913        0.002287
2000-2004       46             0.001829        0.003283        0.002562
2000-2004       47             0.001988        0.003609        0.002803
2000-2004       48             0.002189        0.003953        0.003072
2000-2004       49             0.002434        0.004301        0.003365
2000-2004       50             0.002634        0.004725        0.003676
2000-2004       51             0.002856        0.005124        0.003988
2000-2004       52             0.003125        0.005650        0.004386
2000-2004       53             0.003325        0.006198        0.004762
2000-2004       54             0.003593        0.006755        0.005176
2000-2004       55             0.003861        0.007464        0.005664
2000-2004       56             0.004222        0.008045        0.006133
2000-2004       57             0.004609        0.008870        0.006738
2000-2004       58             0.004957        0.009731        0.007340
2000-2004       59             0.005135        0.010575        0.007846
2000-2004       60             0.005578        0.011482        0.008513
2000-2004       61             0.005951        0.012440        0.009165
2000-2004       62             0.006414        0.013629        0.009969
2000-2004       63             0.006977        0.014805        0.010811
2000-2004       64             0.007592        0.016189        0.011778
2000-2004       65             0.008444        0.018063        0.013096
2000-2004       66             0.009409        0.019798        0.014396
2000-2004       67             0.010398        0.022030        0.015933
2000-2004       68             0.011634        0.024280        0.017590
2000-2004       69             0.013117        0.026623        0.019405
2000-2004       70             0.014585        0.029821        0.021587
2000-2004       71             0.016403        0.033179        0.024008
2000-2004       72             0.018476        0.036412        0.026466
2000-2004       73             0.020676        0.039809        0.028981
2000-2004       74             0.022985        0.043742        0.031677
2000-2004       75             0.026393        0.047818        0.034948
2000-2004       76             0.029663        0.051858        0.038029
2000-2004       77             0.033383        0.057907        0.042110
2000-2004       78             0.038034        0.064406        0.046947
2000-2004       79             0.043562        0.071231        0.052496
2000-2004       80             0.051134        0.081484        0.060546
2000-2004       81             0.057768        0.089316        0.067284
2000-2004       82             0.064819        0.099292        0.074911
2000-2004       83             0.074499        0.110516        0.084701
2000-2004       84             0.083717        0.121292        0.094016
2000-2004       85             0.094369        0.133340        0.104681
2000-2004       86             0.109720        0.154027        0.121005
2000-2004       87             0.124563        0.171659        0.136108
2000-2004       88             0.140041        0.188495        0.151455
2000-2004       89             0.159174        0.208290        0.170255
2000-2004       90             0.177499        0.229434        0.188713
2000-2004       91             0.200789        0.258589        0.212676
2000-2004       92             0.224423        0.280426        0.235336
2000-2004       93             0.246065        0.305168        0.257002
2000-2004       94             0.271149        0.329073        0.281417
2000-2004       95             0.302467        0.364885        0.313086
2000-2004       96             0.329538        0.403492        0.341536
2000-2004       97             0.362477        0.428850        0.372631
2000-2004       98             0.393912        0.467942        0.404534
2000-2004       99             0.420418        0.489101        0.429715
2000-2004      100             0.456024        0.550811        0.467863
2000-2004      101             0.490415        0.589461        0.501607
2000-2004      102             0.529528        0.576796        0.534409
2000-2004      103             0.563475        0.661756        0.572914
2000-2004      104             0.565947        0.664984        0.575410
2000-2004      105             0.626893        0.661778        0.630261
2000-2004      106             0.719992        0.579710        0.706282
2000-2004      107             0.664655        0.855649        0.682226
2000-2004      108             0.579088        1.783591        0.647402
2000-2004      109             0.717589        0.857143        0.724966
2000-2004      110+            0.882007        6.000000        0.931677
2005-2009        0             0.003404        0.004253        0.003840
2005-2009        1             0.000291        0.000361        0.000327
2005-2009        2             0.000180        0.000197        0.000189
2005-2009        3             0.000138        0.000159        0.000149
2005-2009        4             0.000111        0.000149        0.000131
2005-2009        5             0.000093        0.000123        0.000108
2005-2009        6             0.000094        0.000105        0.000099
2005-2009        7             0.000084        0.000102        0.000094
2005-2009        8             0.000068        0.000101        0.000085
2005-2009        9             0.000065        0.000098        0.000082
2005-2009       10             0.000078        0.000087        0.000082
2005-2009       11             0.000091        0.000097        0.000095
2005-2009       12             0.000081        0.000118        0.000100
2005-2009       13             0.000105        0.000113        0.000109
2005-2009       14             0.000125        0.000156        0.000141
2005-2009       15             0.000141        0.000200        0.000171
2005-2009       16             0.000149        0.000299        0.000225
2005-2009       17             0.000183        0.000350        0.000268
2005-2009       18             0.000229        0.000579        0.000408
2005-2009       19             0.000224        0.000572        0.000400
2005-2009       20             0.000212        0.000600        0.000408
2005-2009       21             0.000214        0.000578        0.000397
2005-2009       22             0.000238        0.000578        0.000408
2005-2009       23             0.000230        0.000562        0.000396
2005-2009       24             0.000228        0.000588        0.000407
2005-2009       25             0.000219        0.000601        0.000409
2005-2009       26             0.000252        0.000636        0.000443
2005-2009       27             0.000255        0.000634        0.000443
2005-2009       28             0.000243        0.000644        0.000442
2005-2009       29             0.000289        0.000643        0.000465
2005-2009       30             0.000313        0.000683        0.000497
2005-2009       31             0.000323        0.000753        0.000537
2005-2009       32             0.000358        0.000739        0.000547
2005-2009       33             0.000382        0.000767        0.000574
2005-2009       34             0.000405        0.000834        0.000619
2005-2009       35             0.000452        0.000886        0.000669
2005-2009       36             0.000498        0.000922        0.000711
2005-2009       37             0.000543        0.001011        0.000779
2005-2009       38             0.000593        0.001105        0.000851
2005-2009       39             0.000712        0.001213        0.000966
2005-2009       40             0.000751        0.001379        0.001069
2005-2009       41             0.000845        0.001501        0.001178
2005-2009       42             0.000982        0.001648        0.001321
2005-2009       43             0.001087        0.001909        0.001505
2005-2009       44             0.001178        0.002111        0.001651
2005-2009       45             0.001432        0.002370        0.001907
2005-2009       46             0.001575        0.002707        0.002147
2005-2009       47             0.001785        0.003079        0.002438
2005-2009       48             0.001904        0.003473        0.002696
2005-2009       49             0.002162        0.003830        0.003003
2005-2009       50             0.002398        0.004196        0.003302
2005-2009       51             0.002543        0.004756        0.003650
2005-2009       52             0.002859        0.005203        0.004027
2005-2009       53             0.003147        0.005604        0.004365
2005-2009       54             0.003304        0.006347        0.004808
2005-2009       55             0.003712        0.006839        0.005255
2005-2009       56             0.003941        0.007436        0.005667
2005-2009       57             0.004332        0.007873        0.006083
2005-2009       58             0.004730        0.008862        0.006775
2005-2009       59             0.004961        0.009586        0.007250
2005-2009       60             0.005613        0.010536        0.008046
2005-2009       61             0.006011        0.011474        0.008705
2005-2009       62             0.006459        0.012515        0.009440
2005-2009       63             0.006840        0.013448        0.010083
2005-2009       64             0.007275        0.014561        0.010839
2005-2009       65             0.007787        0.016018        0.011794
2005-2009       66             0.008387        0.017253        0.012676
2005-2009       67             0.009169        0.018520        0.013662
2005-2009       68             0.010001        0.020344        0.014932
2005-2009       69             0.011204        0.022267        0.016436
2005-2009       70             0.012389        0.024543        0.018087
2005-2009       71             0.013934        0.027207        0.020094
2005-2009       72             0.015852        0.030115        0.022393
2005-2009       73             0.017802        0.033372        0.024845
2005-2009       74             0.019939        0.037673        0.027833
2005-2009       75             0.022904        0.041851        0.031190
2005-2009       76             0.026262        0.046674        0.035023
2005-2009       77             0.029728        0.052318        0.039213
2005-2009       78             0.034026        0.058084        0.043818
2005-2009       79             0.038755        0.063366        0.048366
2005-2009       80             0.045182        0.071719        0.055013
2005-2009       81             0.051768        0.079910        0.061542
2005-2009       82             0.059313        0.089277        0.069052
2005-2009       83             0.068525        0.099262        0.077931
2005-2009       84             0.078041        0.112102        0.087892
2005-2009       85             0.091529        0.127023        0.101332
2005-2009       86             0.102484        0.139860        0.112442
2005-2009       87             0.117661        0.154813        0.127192
2005-2009       88             0.133524        0.172042        0.143020
2005-2009       89             0.149837        0.191579        0.159705
2005-2009       90             0.167059        0.208813        0.176472
2005-2009       91             0.192343        0.242282        0.203030
2005-2009       92             0.215926        0.266736        0.226283
2005-2009       93             0.238920        0.288754        0.248586
2005-2009       94             0.267257        0.320581        0.277063
2005-2009       95             0.291014        0.361192        0.303157
2005-2009       96             0.320077        0.383131        0.330261
2005-2009       97             0.351533        0.411083        0.360596
2005-2009       98             0.378432        0.448601        0.388475
2005-2009       99             0.410942        0.490487        0.421667
2005-2009      100             0.448494        0.520382        0.457526
2005-2009      101             0.477808        0.563736        0.488146
2005-2009      102             0.524503        0.621916        0.535361
2005-2009      103             0.541863        0.675484        0.555765
2005-2009      104             0.585954        0.652109        0.591934
2005-2009      105             0.620950        0.600349        0.619245
2005-2009      106             0.653910        0.494071        0.638440
2005-2009      107             0.689905        1.069731        0.722902
2005-2009      108             0.732829        1.492777        0.773577
2005-2009      109             0.804569        2.755814        0.822570
2005-2009      110+            1.129146              .        1.129146
2010-2014        0             0.003224        0.003850        0.003545
2010-2014        1             0.000245        0.000284        0.000265
2010-2014        2             0.000134        0.000161        0.000148
2010-2014        3             0.000107        0.000139        0.000124
2010-2014        4             0.000101        0.000113        0.000107
2010-2014        5             0.000092        0.000112        0.000102
2010-2014        6             0.000073        0.000095        0.000084
2010-2014        7             0.000073        0.000086        0.000079
2010-2014        8             0.000080        0.000084        0.000082
2010-2014        9             0.000068        0.000094        0.000081
2010-2014       10             0.000057        0.000073        0.000065
2010-2014       11             0.000066        0.000080        0.000073
2010-2014       12             0.000072        0.000103        0.000088
2010-2014       13             0.000084        0.000112        0.000098
2010-2014       14             0.000093        0.000131        0.000112
2010-2014       15             0.000118        0.000164        0.000142
2010-2014       16             0.000136        0.000255        0.000197
2010-2014       17             0.000150        0.000320        0.000238
2010-2014       18             0.000225        0.000432        0.000331
2010-2014       19             0.000189        0.000473        0.000335
2010-2014       20             0.000194        0.000468        0.000334
2010-2014       21             0.000188        0.000483        0.000338
2010-2014       22             0.000196        0.000463        0.000332
2010-2014       23             0.000216        0.000505        0.000363
2010-2014       24             0.000209        0.000489        0.000351
2010-2014       25             0.000214        0.000527        0.000373
2010-2014       26             0.000213        0.000528        0.000372
2010-2014       27             0.000232        0.000541        0.000388
2010-2014       28             0.000241        0.000559        0.000401
2010-2014       29             0.000273        0.000592        0.000433
2010-2014       30             0.000276        0.000609        0.000443
2010-2014       31             0.000281        0.000663        0.000472
2010-2014       32             0.000318        0.000703        0.000510
2010-2014       33             0.000377        0.000754        0.000565
2010-2014       34             0.000394        0.000770        0.000581
2010-2014       35             0.000417        0.000816        0.000616
2010-2014       36             0.000469        0.000868        0.000668
2010-2014       37             0.000502        0.000899        0.000699
2010-2014       38             0.000550        0.001052        0.000800
2010-2014       39             0.000632        0.001108        0.000869
2010-2014       40             0.000681        0.001187        0.000934
2010-2014       41             0.000770        0.001280        0.001026
2010-2014       42             0.000864        0.001451        0.001159
2010-2014       43             0.000958        0.001643        0.001303
2010-2014       44             0.001067        0.001788        0.001431
2010-2014       45             0.001158        0.002022        0.001595
2010-2014       46             0.001337        0.002192        0.001769
2010-2014       47             0.001513        0.002497        0.002010
2010-2014       48             0.001655        0.002789        0.002228
2010-2014       49             0.001910        0.003189        0.002555
2010-2014       50             0.002095        0.003540        0.002823
2010-2014       51             0.002395        0.004072        0.003238
2010-2014       52             0.002672        0.004540        0.003610
2010-2014       53             0.002944        0.005068        0.004008
2010-2014       54             0.003164        0.005693        0.004429
2010-2014       55             0.003475        0.006190        0.004829
2010-2014       56             0.003761        0.006859        0.005298
2010-2014       57             0.004059        0.007633        0.005823
2010-2014       58             0.004459        0.008370        0.006380
2010-2014       59             0.004896        0.009125        0.006964
2010-2014       60             0.005417        0.009998        0.007652
2010-2014       61             0.005812        0.010919        0.008304
2010-2014       62             0.006269        0.011689        0.008914
2010-2014       63             0.006927        0.012686        0.009736
2010-2014       64             0.007493        0.013869        0.010597
2010-2014       65             0.008149        0.015025        0.011487
2010-2014       66             0.008951        0.016455        0.012580
2010-2014       67             0.009474        0.017689        0.013432
2010-2014       68             0.010217        0.019072        0.014464
2010-2014       69             0.011000        0.020737        0.015645
2010-2014       70             0.012014        0.022545        0.017005
2010-2014       71             0.012883        0.024522        0.018355
2010-2014       72             0.014358        0.026680        0.020099
2010-2014       73             0.015706        0.029251        0.021952
2010-2014       74             0.017713        0.032106        0.024278
2010-2014       75             0.020421        0.035794        0.027350
2010-2014       76             0.023127        0.039967        0.030616
2010-2014       77             0.026489        0.044697        0.034458
2010-2014       78             0.030629        0.050431        0.039135
2010-2014       79             0.035349        0.057123        0.044505
2010-2014       80             0.040331        0.063689        0.049918
2010-2014       81             0.046808        0.072769        0.057197
2010-2014       82             0.054342        0.082182        0.065166
2010-2014       83             0.062673        0.091841        0.073599
2010-2014       84             0.072420        0.102836        0.083295
2010-2014       85             0.083326        0.115248        0.094075
2010-2014       86             0.096590        0.129629        0.106948
2010-2014       87             0.110647        0.145311        0.120733
2010-2014       88             0.127201        0.161772        0.136585
2010-2014       89             0.144554        0.181721        0.154003
2010-2014       90             0.166071        0.203772        0.175159
2010-2014       91             0.185094        0.229553        0.195349
2010-2014       92             0.208395        0.253943        0.218399
2010-2014       93             0.232242        0.279651        0.242102
2010-2014       94             0.254951        0.300109        0.263842
2010-2014       95             0.280541        0.334784        0.290580
2010-2014       96             0.318354        0.375613        0.328253
2010-2014       97             0.347015        0.410763        0.357413
2010-2014       98             0.380099        0.446964        0.390250
2010-2014       99             0.409140        0.460345        0.416360
2010-2014      100             0.442895        0.517536        0.452624
2010-2014      101             0.477654        0.547361        0.485961
2010-2014      102             0.522146        0.596834        0.530340
2010-2014      103             0.566808        0.683227        0.578443
2010-2014      104             0.598679        0.619809        0.600593
2010-2014      105             0.673473        0.936502        0.694292
2010-2014      106             0.645670        0.773848        0.653853
2010-2014      107             0.568424        1.179168        0.593338
2010-2014      108             0.707641        1.596409        0.742702
2010-2014      109             0.755323        2.569873        0.787885
2010-2014      110+            0.948773        6.000000        0.955588
