East Germany, Death rates (period 1x5), 	Last modified: 29 Mar 2017, MPv5 (May07)

  Year          Age             Female            Male           Total
1956-1959        0             0.039897        0.050819        0.045513
1956-1959        1             0.003390        0.004290        0.003852
1956-1959        2             0.001561        0.001971        0.001771
1956-1959        3             0.001012        0.001384        0.001203
1956-1959        4             0.000809        0.000988        0.000901
1956-1959        5             0.000644        0.000893        0.000772
1956-1959        6             0.000452        0.000763        0.000611
1956-1959        7             0.000478        0.000728        0.000606
1956-1959        8             0.000354        0.000663        0.000512
1956-1959        9             0.000398        0.000694        0.000548
1956-1959       10             0.000375        0.000535        0.000456
1956-1959       11             0.000379        0.000534        0.000457
1956-1959       12             0.000358        0.000482        0.000421
1956-1959       13             0.000414        0.000562        0.000489
1956-1959       14             0.000402        0.000672        0.000539
1956-1959       15             0.000469        0.000793        0.000634
1956-1959       16             0.000539        0.000945        0.000746
1956-1959       17             0.000601        0.001114        0.000862
1956-1959       18             0.000597        0.001411        0.001009
1956-1959       19             0.000784        0.001532        0.001161
1956-1959       20             0.000749        0.001643        0.001199
1956-1959       21             0.000808        0.001693        0.001255
1956-1959       22             0.000834        0.001657        0.001251
1956-1959       23             0.000881        0.001589        0.001239
1956-1959       24             0.000875        0.001605        0.001240
1956-1959       25             0.000880        0.001665        0.001267
1956-1959       26             0.001006        0.001639        0.001312
1956-1959       27             0.001068        0.001638        0.001338
1956-1959       28             0.000945        0.001623        0.001260
1956-1959       29             0.001096        0.001700        0.001369
1956-1959       30             0.001222        0.001696        0.001428
1956-1959       31             0.001203        0.001737        0.001425
1956-1959       32             0.001405        0.001837        0.001578
1956-1959       33             0.001374        0.001886        0.001573
1956-1959       34             0.001606        0.002015        0.001763
1956-1959       35             0.001604        0.002148        0.001810
1956-1959       36             0.001791        0.002337        0.001998
1956-1959       37             0.001862        0.002377        0.002058
1956-1959       38             0.002053        0.002332        0.002159
1956-1959       39             0.002086        0.002612        0.002286
1956-1959       40             0.002199        0.002711        0.002393
1956-1959       41             0.002517        0.003134        0.002749
1956-1959       42             0.002680        0.003186        0.002871
1956-1959       43             0.002922        0.003545        0.003159
1956-1959       44             0.002984        0.003833        0.003310
1956-1959       45             0.003276        0.004146        0.003614
1956-1959       46             0.003494        0.004750        0.003987
1956-1959       47             0.003824        0.005098        0.004330
1956-1959       48             0.004063        0.005507        0.004644
1956-1959       49             0.004331        0.006239        0.005111
1956-1959       50             0.004877        0.006984        0.005756
1956-1959       51             0.005133        0.007836        0.006285
1956-1959       52             0.005457        0.008706        0.006867
1956-1959       53             0.006073        0.009695        0.007663
1956-1959       54             0.006582        0.010839        0.008463
1956-1959       55             0.007161        0.012315        0.009437
1956-1959       56             0.007985        0.013601        0.010456
1956-1959       57             0.008586        0.015274        0.011499
1956-1959       58             0.009127        0.017018        0.012511
1956-1959       59             0.010147        0.019022        0.013878
1956-1959       60             0.011496        0.020566        0.015231
1956-1959       61             0.012397        0.022130        0.016339
1956-1959       62             0.013901        0.024163        0.018007
1956-1959       63             0.015663        0.026544        0.019985
1956-1959       64             0.016844        0.028913        0.021624
1956-1959       65             0.019233        0.031417        0.024066
1956-1959       66             0.021369        0.034417        0.026564
1956-1959       67             0.023912        0.037508        0.029351
1956-1959       68             0.026965        0.041094        0.032652
1956-1959       69             0.030793        0.044587        0.036374
1956-1959       70             0.035030        0.049487        0.040905
1956-1959       71             0.039190        0.053583        0.045064
1956-1959       72             0.044657        0.059834        0.050871
1956-1959       73             0.050456        0.065120        0.056475
1956-1959       74             0.056717        0.072495        0.063204
1956-1959       75             0.064042        0.079594        0.070445
1956-1959       76             0.071122        0.088322        0.078215
1956-1959       77             0.080791        0.096824        0.087411
1956-1959       78             0.089749        0.105997        0.096469
1956-1959       79             0.102033        0.118133        0.108687
1956-1959       80             0.115077        0.133520        0.122708
1956-1959       81             0.128224        0.144591        0.134993
1956-1959       82             0.143353        0.161405        0.150809
1956-1959       83             0.155763        0.177650        0.164764
1956-1959       84             0.174652        0.191940        0.181705
1956-1959       85             0.191174        0.213740        0.200269
1956-1959       86             0.211384        0.231014        0.219173
1956-1959       87             0.222174        0.257953        0.236059
1956-1959       88             0.256876        0.281912        0.266358
1956-1959       89             0.265468        0.303959        0.279592
1956-1959       90             0.291417        0.328286        0.304465
1956-1959       91             0.320564        0.350746        0.331003
1956-1959       92             0.339167        0.396547        0.358252
1956-1959       93             0.372038        0.436441        0.392108
1956-1959       94             0.378355        0.421351        0.391078
1956-1959       95             0.438397        0.474263        0.448642
1956-1959       96             0.496187        0.484839        0.493000
1956-1959       97             0.535982        0.491059        0.523091
1956-1959       98             0.491593        0.618184        0.525257
1956-1959       99             0.665163        0.585280        0.642672
1956-1959      100             0.574131        0.702765        0.607754
1956-1959      101             0.651889        0.770986        0.680845
1956-1959      102             0.842615        1.423077        0.955102
1956-1959      103             1.435616        6.000000        1.623468
1956-1959      104             0.000000              .        0.000000
1956-1959      105                   .              .              .
1956-1959      106                   .              .              .
1956-1959      107                   .              .              .
1956-1959      108                   .              .              .
1956-1959      109                   .              .              .
1956-1959      110+                  .              .              .
1960-1964        0             0.028960        0.037836        0.033515
1960-1964        1             0.002456        0.002984        0.002727
1960-1964        2             0.001225        0.001545        0.001389
1960-1964        3             0.000805        0.001037        0.000924
1960-1964        4             0.000623        0.000894        0.000762
1960-1964        5             0.000487        0.000716        0.000604
1960-1964        6             0.000413        0.000636        0.000527
1960-1964        7             0.000406        0.000560        0.000485
1960-1964        8             0.000370        0.000529        0.000452
1960-1964        9             0.000323        0.000506        0.000417
1960-1964       10             0.000297        0.000429        0.000365
1960-1964       11             0.000293        0.000433        0.000365
1960-1964       12             0.000266        0.000435        0.000352
1960-1964       13             0.000325        0.000510        0.000419
1960-1964       14             0.000331        0.000534        0.000434
1960-1964       15             0.000381        0.000655        0.000520
1960-1964       16             0.000450        0.000971        0.000714
1960-1964       17             0.000497        0.001147        0.000826
1960-1964       18             0.000600        0.001457        0.001033
1960-1964       19             0.000623        0.001822        0.001228
1960-1964       20             0.000625        0.001875        0.001256
1960-1964       21             0.000686        0.001738        0.001217
1960-1964       22             0.000691        0.001668        0.001184
1960-1964       23             0.000689        0.001576        0.001137
1960-1964       24             0.000739        0.001533        0.001140
1960-1964       25             0.000750        0.001470        0.001114
1960-1964       26             0.000773        0.001525        0.001155
1960-1964       27             0.000813        0.001480        0.001151
1960-1964       28             0.000982        0.001428        0.001206
1960-1964       29             0.001000        0.001553        0.001275
1960-1964       30             0.001001        0.001697        0.001341
1960-1964       31             0.001113        0.001748        0.001418
1960-1964       32             0.001106        0.001827        0.001445
1960-1964       33             0.001206        0.001867        0.001511
1960-1964       34             0.001290        0.001932        0.001576
1960-1964       35             0.001440        0.001991        0.001677
1960-1964       36             0.001553        0.002121        0.001787
1960-1964       37             0.001633        0.002245        0.001877
1960-1964       38             0.001756        0.002197        0.001927
1960-1964       39             0.001951        0.002586        0.002194
1960-1964       40             0.002189        0.002768        0.002409
1960-1964       41             0.002285        0.003044        0.002573
1960-1964       42             0.002461        0.003296        0.002778
1960-1964       43             0.002621        0.003357        0.002900
1960-1964       44             0.002778        0.003662        0.003113
1960-1964       45             0.003044        0.004045        0.003422
1960-1964       46             0.003412        0.004749        0.003917
1960-1964       47             0.003741        0.005038        0.004234
1960-1964       48             0.004044        0.005404        0.004564
1960-1964       49             0.004346        0.006115        0.005028
1960-1964       50             0.004641        0.006600        0.005405
1960-1964       51             0.005023        0.007497        0.005999
1960-1964       52             0.005308        0.008536        0.006597
1960-1964       53             0.005717        0.009238        0.007142
1960-1964       54             0.006124        0.010519        0.007934
1960-1964       55             0.006755        0.011424        0.008716
1960-1964       56             0.007332        0.012864        0.009693
1960-1964       57             0.008041        0.014783        0.010953
1960-1964       58             0.008997        0.016425        0.012232
1960-1964       59             0.009686        0.018310        0.013455
1960-1964       60             0.010843        0.020304        0.014957
1960-1964       61             0.011810        0.022731        0.016511
1960-1964       62             0.013413        0.025105        0.018373
1960-1964       63             0.014728        0.027534        0.020065
1960-1964       64             0.015949        0.029936        0.021654
1960-1964       65             0.018369        0.032565        0.024046
1960-1964       66             0.020972        0.036206        0.026963
1960-1964       67             0.023248        0.038724        0.029258
1960-1964       68             0.025672        0.041817        0.031891
1960-1964       69             0.029218        0.045707        0.035548
1960-1964       70             0.033251        0.050779        0.039985
1960-1964       71             0.037135        0.054761        0.043925
1960-1964       72             0.042508        0.059347        0.049025
1960-1964       73             0.048066        0.066284        0.055145
1960-1964       74             0.054163        0.072445        0.061283
1960-1964       75             0.061246        0.079114        0.068238
1960-1964       76             0.070358        0.087113        0.076930
1960-1964       77             0.079228        0.097961        0.086583
1960-1964       78             0.089674        0.106957        0.096470
1960-1964       79             0.101251        0.118813        0.108169
1960-1964       80             0.114295        0.134176        0.122132
1960-1964       81             0.129697        0.147676        0.136791
1960-1964       82             0.143307        0.163275        0.151193
1960-1964       83             0.159251        0.178868        0.166991
1960-1964       84             0.177070        0.198266        0.185413
1960-1964       85             0.193700        0.213711        0.201562
1960-1964       86             0.211711        0.237669        0.221855
1960-1964       87             0.236055        0.255951        0.243783
1960-1964       88             0.250091        0.282059        0.262381
1960-1964       89             0.274015        0.302503        0.284806
1960-1964       90             0.297780        0.340322        0.313534
1960-1964       91             0.327278        0.369716        0.342510
1960-1964       92             0.362340        0.367847        0.364266
1960-1964       93             0.382241        0.414056        0.393021
1960-1964       94             0.404520        0.455976        0.420986
1960-1964       95             0.416216        0.506305        0.443204
1960-1964       96             0.482547        0.558922        0.503884
1960-1964       97             0.534551        0.525679        0.532122
1960-1964       98             0.612981        0.565465        0.598971
1960-1964       99             0.631120        0.724548        0.659668
1960-1964      100             0.740871        0.824961        0.763704
1960-1964      101             0.819255        0.904949        0.842043
1960-1964      102             0.958151        1.348962        1.048142
1960-1964      103             1.296512        2.906250        1.474138
1960-1964      104             3.355102        6.000000        3.443787
1960-1964      105                   .              .              .
1960-1964      106                   .              .              .
1960-1964      107                   .              .              .
1960-1964      108                   .              .              .
1960-1964      109                   .              .              .
1960-1964      110+                  .              .              .
1965-1969        0             0.018917        0.024761        0.021919
1965-1969        1             0.001724        0.002047        0.001889
1965-1969        2             0.000983        0.001136        0.001061
1965-1969        3             0.000671        0.000872        0.000774
1965-1969        4             0.000506        0.000760        0.000636
1965-1969        5             0.000474        0.000643        0.000561
1965-1969        6             0.000416        0.000611        0.000516
1965-1969        7             0.000386        0.000541        0.000466
1965-1969        8             0.000316        0.000524        0.000423
1965-1969        9             0.000327        0.000446        0.000388
1965-1969       10             0.000298        0.000516        0.000410
1965-1969       11             0.000298        0.000453        0.000378
1965-1969       12             0.000317        0.000438        0.000379
1965-1969       13             0.000302        0.000495        0.000401
1965-1969       14             0.000315        0.000576        0.000449
1965-1969       15             0.000378        0.000653        0.000519
1965-1969       16             0.000449        0.000849        0.000654
1965-1969       17             0.000453        0.001059        0.000764
1965-1969       18             0.000509        0.001376        0.000953
1965-1969       19             0.000557        0.001481        0.001029
1965-1969       20             0.000599        0.001573        0.001094
1965-1969       21             0.000576        0.001518        0.001052
1965-1969       22             0.000603        0.001641        0.001125
1965-1969       23             0.000611        0.001557        0.001086
1965-1969       24             0.000667        0.001536        0.001104
1965-1969       25             0.000654        0.001565        0.001112
1965-1969       26             0.000713        0.001464        0.001091
1965-1969       27             0.000715        0.001546        0.001134
1965-1969       28             0.000751        0.001467        0.001111
1965-1969       29             0.000846        0.001558        0.001204
1965-1969       30             0.000947        0.001559        0.001255
1965-1969       31             0.000903        0.001699        0.001304
1965-1969       32             0.000997        0.001633        0.001317
1965-1969       33             0.001055        0.001784        0.001422
1965-1969       34             0.001246        0.001711        0.001480
1965-1969       35             0.001354        0.001901        0.001628
1965-1969       36             0.001382        0.002193        0.001784
1965-1969       37             0.001598        0.002234        0.001909
1965-1969       38             0.001671        0.002349        0.001993
1965-1969       39             0.001694        0.002565        0.002093
1965-1969       40             0.001863        0.002794        0.002272
1965-1969       41             0.001995        0.002842        0.002350
1965-1969       42             0.002289        0.003310        0.002700
1965-1969       43             0.002507        0.003478        0.002887
1965-1969       44             0.002743        0.004001        0.003227
1965-1969       45             0.003168        0.004247        0.003580
1965-1969       46             0.003247        0.004753        0.003821
1965-1969       47             0.003571        0.005117        0.004160
1965-1969       48             0.003816        0.005444        0.004434
1965-1969       49             0.004311        0.006238        0.005041
1965-1969       50             0.004255        0.006890        0.005249
1965-1969       51             0.004904        0.007638        0.005935
1965-1969       52             0.005162        0.008438        0.006404
1965-1969       53             0.005665        0.009169        0.007001
1965-1969       54             0.006117        0.010222        0.007693
1965-1969       55             0.006671        0.011353        0.008487
1965-1969       56             0.007080        0.012691        0.009279
1965-1969       57             0.007795        0.014156        0.010315
1965-1969       58             0.009030        0.015862        0.011768
1965-1969       59             0.009789        0.017740        0.013027
1965-1969       60             0.010485        0.020163        0.014503
1965-1969       61             0.011794        0.022695        0.016396
1965-1969       62             0.013181        0.025100        0.018269
1965-1969       63             0.014722        0.027444        0.020194
1965-1969       64             0.016770        0.030488        0.022677
1965-1969       65             0.018377        0.034317        0.025177
1965-1969       66             0.020867        0.037458        0.027831
1965-1969       67             0.022974        0.041905        0.030762
1965-1969       68             0.025799        0.046122        0.033959
1965-1969       69             0.029661        0.050774        0.037918
1965-1969       70             0.032645        0.054488        0.040968
1965-1969       71             0.037600        0.059540        0.045784
1965-1969       72             0.042819        0.065463        0.051134
1965-1969       73             0.047536        0.071173        0.056118
1965-1969       74             0.054424        0.077654        0.062802
1965-1969       75             0.060886        0.086254        0.070023
1965-1969       76             0.069018        0.092837        0.077621
1965-1969       77             0.078387        0.101635        0.086805
1965-1969       78             0.088583        0.112209        0.097166
1965-1969       79             0.099641        0.121285        0.107527
1965-1969       80             0.112244        0.137296        0.121385
1965-1969       81             0.125130        0.148928        0.133828
1965-1969       82             0.141346        0.167471        0.150907
1965-1969       83             0.155018        0.182876        0.165232
1965-1969       84             0.173847        0.199143        0.183149
1965-1969       85             0.188647        0.223499        0.201440
1965-1969       86             0.209814        0.235164        0.219094
1965-1969       87             0.229633        0.254302        0.238689
1965-1969       88             0.252326        0.283008        0.263571
1965-1969       89             0.275822        0.304073        0.286099
1965-1969       90             0.302016        0.346331        0.317944
1965-1969       91             0.330264        0.368014        0.343637
1965-1969       92             0.352882        0.390235        0.365961
1965-1969       93             0.390143        0.417563        0.399648
1965-1969       94             0.405696        0.463078        0.425174
1965-1969       95             0.441158        0.486687        0.455935
1965-1969       96             0.463793        0.500337        0.474941
1965-1969       97             0.538561        0.507273        0.529170
1965-1969       98             0.607887        0.632960        0.615193
1965-1969       99             0.728850        0.901494        0.777008
1965-1969      100             0.645584        0.670766        0.651096
1965-1969      101             0.688923        0.831120        0.714996
1965-1969      102             0.778925        1.307806        0.841073
1965-1969      103             0.967161        2.906667        1.037275
1965-1969      104             1.342550              .        1.342550
1965-1969      105             3.011321              .        3.011321
1965-1969      106                   .              .              .
1965-1969      107                   .              .              .
1965-1969      108                   .              .              .
1965-1969      109                   .              .              .
1965-1969      110+                  .              .              .
1970-1974        0             0.014478        0.019440        0.017024
1970-1974        1             0.001235        0.001432        0.001336
1970-1974        2             0.000654        0.000824        0.000741
1970-1974        3             0.000476        0.000699        0.000590
1970-1974        4             0.000391        0.000565        0.000480
1970-1974        5             0.000359        0.000541        0.000452
1970-1974        6             0.000382        0.000527        0.000456
1970-1974        7             0.000309        0.000522        0.000418
1970-1974        8             0.000305        0.000499        0.000404
1970-1974        9             0.000254        0.000399        0.000328
1970-1974       10             0.000269        0.000388        0.000330
1970-1974       11             0.000227        0.000366        0.000298
1970-1974       12             0.000227        0.000438        0.000335
1970-1974       13             0.000209        0.000436        0.000325
1970-1974       14             0.000294        0.000516        0.000408
1970-1974       15             0.000360        0.000646        0.000507
1970-1974       16             0.000440        0.000830        0.000640
1970-1974       17             0.000383        0.001066        0.000733
1970-1974       18             0.000500        0.001443        0.000985
1970-1974       19             0.000582        0.001480        0.001044
1970-1974       20             0.000549        0.001449        0.001011
1970-1974       21             0.000525        0.001595        0.001073
1970-1974       22             0.000532        0.001431        0.000991
1970-1974       23             0.000611        0.001393        0.001009
1970-1974       24             0.000514        0.001347        0.000938
1970-1974       25             0.000607        0.001355        0.000986
1970-1974       26             0.000633        0.001375        0.001008
1970-1974       27             0.000631        0.001411        0.001024
1970-1974       28             0.000685        0.001423        0.001056
1970-1974       29             0.000765        0.001510        0.001140
1970-1974       30             0.000802        0.001446        0.001126
1970-1974       31             0.000830        0.001644        0.001240
1970-1974       32             0.000826        0.001593        0.001212
1970-1974       33             0.000918        0.001659        0.001291
1970-1974       34             0.001022        0.001796        0.001412
1970-1974       35             0.001109        0.001923        0.001519
1970-1974       36             0.001206        0.001948        0.001580
1970-1974       37             0.001386        0.002272        0.001832
1970-1974       38             0.001469        0.002462        0.001969
1970-1974       39             0.001511        0.002636        0.002076
1970-1974       40             0.001616        0.002955        0.002286
1970-1974       41             0.001868        0.003232        0.002544
1970-1974       42             0.002106        0.003620        0.002844
1970-1974       43             0.002369        0.003708        0.003004
1970-1974       44             0.002540        0.004074        0.003242
1970-1974       45             0.002680        0.004515        0.003485
1970-1974       46             0.002999        0.004967        0.003822
1970-1974       47             0.003381        0.005116        0.004077
1970-1974       48             0.003748        0.005739        0.004526
1970-1974       49             0.004063        0.006018        0.004813
1970-1974       50             0.004458        0.007087        0.005457
1970-1974       51             0.004817        0.007777        0.005940
1970-1974       52             0.004928        0.008338        0.006219
1970-1974       53             0.005634        0.009555        0.007113
1970-1974       54             0.006046        0.010529        0.007731
1970-1974       55             0.006578        0.011160        0.008292
1970-1974       56             0.007295        0.012838        0.009365
1970-1974       57             0.008151        0.014027        0.010354
1970-1974       58             0.008653        0.015883        0.011374
1970-1974       59             0.009263        0.017515        0.012384
1970-1974       60             0.010179        0.018888        0.013503
1970-1974       61             0.011638        0.021356        0.015390
1970-1974       62             0.013208        0.024032        0.017430
1970-1974       63             0.014370        0.026851        0.019285
1970-1974       64             0.016088        0.029417        0.021410
1970-1974       65             0.018301        0.033012        0.024266
1970-1974       66             0.020525        0.036723        0.027152
1970-1974       67             0.022621        0.041394        0.030338
1970-1974       68             0.025995        0.045392        0.033981
1970-1974       69             0.029063        0.051067        0.038070
1970-1974       70             0.032717        0.055984        0.042092
1970-1974       71             0.037378        0.061876        0.047046
1970-1974       72             0.041965        0.067916        0.051953
1970-1974       73             0.047170        0.074262        0.057305
1970-1974       74             0.053425        0.082204        0.063866
1970-1974       75             0.060726        0.088811        0.070610
1970-1974       76             0.068343        0.095635        0.077717
1970-1974       77             0.076911        0.105126        0.086436
1970-1974       78             0.085348        0.114487        0.095057
1970-1974       79             0.096938        0.125661        0.106435
1970-1974       80             0.110275        0.136330        0.118901
1970-1974       81             0.121225        0.146991        0.129797
1970-1974       82             0.135508        0.163522        0.144864
1970-1974       83             0.153905        0.180751        0.162886
1970-1974       84             0.168848        0.195904        0.177918
1970-1974       85             0.186866        0.211012        0.194966
1970-1974       86             0.202676        0.228066        0.211203
1970-1974       87             0.226543        0.246671        0.233311
1970-1974       88             0.244383        0.272305        0.253792
1970-1974       89             0.270716        0.302049        0.281276
1970-1974       90             0.291833        0.316631        0.300171
1970-1974       91             0.322027        0.350711        0.331625
1970-1974       92             0.338884        0.372308        0.350060
1970-1974       93             0.364821        0.380876        0.370145
1970-1974       94             0.384545        0.412342        0.393730
1970-1974       95             0.423224        0.460335        0.435359
1970-1974       96             0.443532        0.505645        0.463327
1970-1974       97             0.494551        0.572115        0.518772
1970-1974       98             0.559114        0.539671        0.553102
1970-1974       99             0.525616        0.479991        0.510992
1970-1974      100             0.484568        0.482843        0.484020
1970-1974      101             0.503030        0.500428        0.502212
1970-1974      102             0.537406        0.558521        0.543805
1970-1974      103             0.602936        0.619115        0.607471
1970-1974      104             0.710977        0.900162        0.755857
1970-1974      105             1.083333        0.795181        1.047041
1970-1974      106             2.702290              .        2.702290
1970-1974      107                   .              .              .
1970-1974      108                   .              .              .
1970-1974      109                   .              .              .
1970-1974      110+                  .              .              .
1975-1979        0             0.011936        0.016356        0.014207
1975-1979        1             0.000930        0.001083        0.001008
1975-1979        2             0.000578        0.000701        0.000641
1975-1979        3             0.000475        0.000532        0.000504
1975-1979        4             0.000416        0.000516        0.000468
1975-1979        5             0.000347        0.000509        0.000430
1975-1979        6             0.000337        0.000480        0.000410
1975-1979        7             0.000321        0.000474        0.000399
1975-1979        8             0.000280        0.000413        0.000348
1975-1979        9             0.000245        0.000361        0.000304
1975-1979       10             0.000222        0.000344        0.000284
1975-1979       11             0.000205        0.000357        0.000283
1975-1979       12             0.000224        0.000382        0.000305
1975-1979       13             0.000233        0.000400        0.000319
1975-1979       14             0.000261        0.000479        0.000373
1975-1979       15             0.000406        0.000717        0.000565
1975-1979       16             0.000497        0.000895        0.000701
1975-1979       17             0.000481        0.001191        0.000845
1975-1979       18             0.000523        0.001613        0.001082
1975-1979       19             0.000518        0.001559        0.001053
1975-1979       20             0.000583        0.001640        0.001127
1975-1979       21             0.000480        0.001661        0.001087
1975-1979       22             0.000500        0.001555        0.001041
1975-1979       23             0.000518        0.001534        0.001040
1975-1979       24             0.000519        0.001340        0.000941
1975-1979       25             0.000543        0.001362        0.000964
1975-1979       26             0.000612        0.001372        0.001002
1975-1979       27             0.000607        0.001394        0.001010
1975-1979       28             0.000567        0.001377        0.000980
1975-1979       29             0.000720        0.001405        0.001069
1975-1979       30             0.000683        0.001440        0.001067
1975-1979       31             0.000774        0.001672        0.001227
1975-1979       32             0.000791        0.001645        0.001221
1975-1979       33             0.000910        0.001709        0.001311
1975-1979       34             0.000926        0.001831        0.001381
1975-1979       35             0.001004        0.001887        0.001448
1975-1979       36             0.001091        0.002067        0.001582
1975-1979       37             0.001092        0.002259        0.001679
1975-1979       38             0.001336        0.002540        0.001942
1975-1979       39             0.001355        0.002696        0.002029
1975-1979       40             0.001699        0.003129        0.002418
1975-1979       41             0.001829        0.003430        0.002633
1975-1979       42             0.001961        0.003539        0.002754
1975-1979       43             0.002328        0.004022        0.003178
1975-1979       44             0.002368        0.004483        0.003428
1975-1979       45             0.002525        0.005062        0.003789
1975-1979       46             0.002880        0.005149        0.004000
1975-1979       47             0.003061        0.005946        0.004461
1975-1979       48             0.003561        0.006290        0.004849
1975-1979       49             0.003927        0.006796        0.005232
1975-1979       50             0.004120        0.007551        0.005615
1975-1979       51             0.004436        0.008035        0.005932
1975-1979       52             0.004802        0.008623        0.006325
1975-1979       53             0.005400        0.009737        0.007080
1975-1979       54             0.005681        0.010758        0.007610
1975-1979       55             0.006298        0.011976        0.008432
1975-1979       56             0.006856        0.012761        0.009069
1975-1979       57             0.007764        0.014533        0.010291
1975-1979       58             0.008411        0.015770        0.011144
1975-1979       59             0.008771        0.017492        0.011993
1975-1979       60             0.009894        0.018664        0.013118
1975-1979       61             0.011145        0.020936        0.014741
1975-1979       62             0.012469        0.023439        0.016511
1975-1979       63             0.013790        0.026015        0.018308
1975-1979       64             0.015183        0.028831        0.020241
1975-1979       65             0.016783        0.031629        0.022310
1975-1979       66             0.019313        0.035243        0.025264
1975-1979       67             0.021792        0.039406        0.028398
1975-1979       68             0.023939        0.043423        0.031271
1975-1979       69             0.027367        0.048624        0.035425
1975-1979       70             0.030875        0.054045        0.039742
1975-1979       71             0.035427        0.059450        0.044670
1975-1979       72             0.040164        0.065982        0.050105
1975-1979       73             0.045596        0.073346        0.056245
1975-1979       74             0.051080        0.080519        0.062248
1975-1979       75             0.057335        0.088412        0.068870
1975-1979       76             0.064595        0.097718        0.076568
1975-1979       77             0.074258        0.106117        0.085423
1975-1979       78             0.082776        0.116408        0.094187
1975-1979       79             0.092834        0.126927        0.104015
1975-1979       80             0.105538        0.139140        0.116227
1975-1979       81             0.117965        0.151770        0.128434
1975-1979       82             0.131906        0.163554        0.141517
1975-1979       83             0.146969        0.181014        0.157190
1975-1979       84             0.162665        0.198783        0.173437
1975-1979       85             0.181456        0.214437        0.191290
1975-1979       86             0.202030        0.235839        0.212177
1975-1979       87             0.221720        0.258135        0.232720
1975-1979       88             0.246187        0.271919        0.254013
1975-1979       89             0.266541        0.290799        0.273953
1975-1979       90             0.283290        0.329382        0.297343
1975-1979       91             0.316614        0.350004        0.326743
1975-1979       92             0.347400        0.389048        0.360039
1975-1979       93             0.362491        0.407524        0.375960
1975-1979       94             0.400270        0.425876        0.408017
1975-1979       95             0.424460        0.455865        0.434087
1975-1979       96             0.420315        0.455654        0.431114
1975-1979       97             0.422611        0.452876        0.431602
1975-1979       98             0.543679        0.513708        0.535084
1975-1979       99             0.466195        0.434304        0.456747
1975-1979      100             0.529970        0.569699        0.541595
1975-1979      101             0.559757        0.590017        0.568522
1975-1979      102             0.594585        0.640105        0.607610
1975-1979      103             0.640328        0.727950        0.664169
1975-1979      104             0.710393        0.874356        0.750955
1975-1979      105             0.830219        1.495950        0.950660
1975-1979      106             1.405190        6.000000        1.575913
1975-1979      107             2.372093              .        2.372093
1975-1979      108                   .              .              .
1975-1979      109                   .              .              .
1975-1979      110+                  .              .              .
1980-1984        0             0.009532        0.013222        0.011424
1980-1984        1             0.000912        0.001146        0.001032
1980-1984        2             0.000541        0.000568        0.000554
1980-1984        3             0.000390        0.000520        0.000457
1980-1984        4             0.000327        0.000420        0.000375
1980-1984        5             0.000303        0.000409        0.000357
1980-1984        6             0.000228        0.000379        0.000305
1980-1984        7             0.000282        0.000388        0.000336
1980-1984        8             0.000251        0.000356        0.000304
1980-1984        9             0.000178        0.000371        0.000277
1980-1984       10             0.000179        0.000250        0.000215
1980-1984       11             0.000196        0.000321        0.000260
1980-1984       12             0.000192        0.000275        0.000235
1980-1984       13             0.000205        0.000369        0.000289
1980-1984       14             0.000230        0.000390        0.000312
1980-1984       15             0.000319        0.000681        0.000505
1980-1984       16             0.000452        0.000893        0.000678
1980-1984       17             0.000482        0.001050        0.000773
1980-1984       18             0.000510        0.001350        0.000940
1980-1984       19             0.000524        0.001476        0.001012
1980-1984       20             0.000515        0.001401        0.000969
1980-1984       21             0.000446        0.001464        0.000968
1980-1984       22             0.000532        0.001381        0.000967
1980-1984       23             0.000491        0.001270        0.000891
1980-1984       24             0.000544        0.001358        0.000962
1980-1984       25             0.000503        0.001379        0.000953
1980-1984       26             0.000564        0.001361        0.000973
1980-1984       27             0.000542        0.001377        0.000970
1980-1984       28             0.000613        0.001441        0.001037
1980-1984       29             0.000664        0.001561        0.001123
1980-1984       30             0.000660        0.001502        0.001090
1980-1984       31             0.000726        0.001555        0.001149
1980-1984       32             0.000764        0.001637        0.001209
1980-1984       33             0.000876        0.001748        0.001319
1980-1984       34             0.000788        0.001780        0.001290
1980-1984       35             0.001022        0.001820        0.001424
1980-1984       36             0.001060        0.002062        0.001564
1980-1984       37             0.001228        0.002218        0.001724
1980-1984       38             0.001220        0.002465        0.001843
1980-1984       39             0.001375        0.002517        0.001947
1980-1984       40             0.001459        0.002995        0.002228
1980-1984       41             0.001744        0.003127        0.002436
1980-1984       42             0.001934        0.003590        0.002763
1980-1984       43             0.002043        0.003739        0.002892
1980-1984       44             0.002256        0.004444        0.003350
1980-1984       45             0.002466        0.004904        0.003684
1980-1984       46             0.002695        0.005276        0.003984
1980-1984       47             0.003034        0.005835        0.004431
1980-1984       48             0.003261        0.006367        0.004809
1980-1984       49             0.003617        0.007222        0.005409
1980-1984       50             0.004066        0.007942        0.005980
1980-1984       51             0.004388        0.008703        0.006497
1980-1984       52             0.004933        0.009513        0.007132
1980-1984       53             0.005403        0.010365        0.007717
1980-1984       54             0.005479        0.011376        0.008128
1980-1984       55             0.006014        0.012366        0.008744
1980-1984       56             0.006735        0.013154        0.009363
1980-1984       57             0.007451        0.014174        0.010086
1980-1984       58             0.008212        0.016079        0.011204
1980-1984       59             0.008864        0.017440        0.012056
1980-1984       60             0.010479        0.019683        0.013861
1980-1984       61             0.010992        0.020601        0.014509
1980-1984       62             0.012746        0.023029        0.016493
1980-1984       63             0.013634        0.025874        0.018068
1980-1984       64             0.015181        0.028251        0.019887
1980-1984       65             0.016529        0.030993        0.021694
1980-1984       66             0.018689        0.034409        0.024259
1980-1984       67             0.020926        0.037977        0.026948
1980-1984       68             0.023663        0.041684        0.030008
1980-1984       69             0.026716        0.046631        0.033708
1980-1984       70             0.029427        0.051401        0.037139
1980-1984       71             0.033562        0.057068        0.041805
1980-1984       72             0.037629        0.064141        0.046901
1980-1984       73             0.043700        0.070498        0.053056
1980-1984       74             0.048889        0.078111        0.059114
1980-1984       75             0.055498        0.086202        0.066294
1980-1984       76             0.062442        0.094657        0.073782
1980-1984       77             0.070826        0.105536        0.082996
1980-1984       78             0.079794        0.115350        0.092137
1980-1984       79             0.089534        0.127374        0.102440
1980-1984       80             0.101373        0.138489        0.113703
1980-1984       81             0.112784        0.152526        0.125573
1980-1984       82             0.125705        0.166199        0.138261
1980-1984       83             0.140637        0.182130        0.153028
1980-1984       84             0.159962        0.198750        0.171146
1980-1984       85             0.174482        0.216323        0.186129
1980-1984       86             0.194738        0.233852        0.205308
1980-1984       87             0.213976        0.256156        0.225123
1980-1984       88             0.235992        0.276899        0.246681
1980-1984       89             0.255677        0.302172        0.267785
1980-1984       90             0.278390        0.323313        0.290075
1980-1984       91             0.299855        0.346587        0.312107
1980-1984       92             0.334697        0.374671        0.345219
1980-1984       93             0.366181        0.414788        0.379000
1980-1984       94             0.390639        0.428531        0.400513
1980-1984       95             0.427006        0.478634        0.440436
1980-1984       96             0.441966        0.476293        0.450828
1980-1984       97             0.447072        0.526328        0.467894
1980-1984       98             0.475195        0.472104        0.474372
1980-1984       99             0.518524        0.595068        0.540180
1980-1984      100             0.610823        0.615678        0.612215
1980-1984      101             0.648137        0.657506        0.650866
1980-1984      102             0.688897        0.715105        0.696545
1980-1984      103             0.742696        0.800952        0.759731
1980-1984      104             0.838741        0.959238        0.873815
1980-1984      105             1.044093        1.432836        1.147168
1980-1984      106             1.733788        3.582090        1.978282
1980-1984      107             6.000000              .        6.000000
1980-1984      108                   .              .              .
1980-1984      109                   .              .              .
1980-1984      110+                  .              .              .
1985-1989        0             0.007306        0.009859        0.008616
1985-1989        1             0.000831        0.000938        0.000886
1985-1989        2             0.000452        0.000536        0.000495
1985-1989        3             0.000305        0.000401        0.000354
1985-1989        4             0.000271        0.000432        0.000353
1985-1989        5             0.000241        0.000329        0.000286
1985-1989        6             0.000216        0.000286        0.000252
1985-1989        7             0.000195        0.000339        0.000269
1985-1989        8             0.000209        0.000282        0.000246
1985-1989        9             0.000170        0.000282        0.000228
1985-1989       10             0.000164        0.000270        0.000218
1985-1989       11             0.000155        0.000253        0.000205
1985-1989       12             0.000126        0.000241        0.000185
1985-1989       13             0.000187        0.000298        0.000244
1985-1989       14             0.000192        0.000326        0.000261
1985-1989       15             0.000294        0.000528        0.000413
1985-1989       16             0.000359        0.000709        0.000538
1985-1989       17             0.000399        0.000976        0.000695
1985-1989       18             0.000473        0.001047        0.000767
1985-1989       19             0.000432        0.001151        0.000801
1985-1989       20             0.000427        0.001201        0.000824
1985-1989       21             0.000434        0.001203        0.000828
1985-1989       22             0.000436        0.001243        0.000850
1985-1989       23             0.000468        0.001103        0.000794
1985-1989       24             0.000506        0.001238        0.000882
1985-1989       25             0.000462        0.001190        0.000836
1985-1989       26             0.000527        0.001259        0.000903
1985-1989       27             0.000507        0.001225        0.000876
1985-1989       28             0.000511        0.001322        0.000927
1985-1989       29             0.000574        0.001488        0.001042
1985-1989       30             0.000649        0.001521        0.001095
1985-1989       31             0.000628        0.001630        0.001141
1985-1989       32             0.000740        0.001769        0.001266
1985-1989       33             0.000798        0.001692        0.001255
1985-1989       34             0.000921        0.001980        0.001462
1985-1989       35             0.000873        0.002123        0.001511
1985-1989       36             0.000986        0.002160        0.001584
1985-1989       37             0.001072        0.002207        0.001649
1985-1989       38             0.001193        0.002431        0.001822
1985-1989       39             0.001362        0.002651        0.002014
1985-1989       40             0.001465        0.002799        0.002137
1985-1989       41             0.001516        0.003106        0.002314
1985-1989       42             0.001837        0.003390        0.002614
1985-1989       43             0.001905        0.003754        0.002828
1985-1989       44             0.002049        0.004066        0.003055
1985-1989       45             0.002271        0.004425        0.003346
1985-1989       46             0.002512        0.004883        0.003694
1985-1989       47             0.002705        0.005621        0.004158
1985-1989       48             0.003134        0.006181        0.004652
1985-1989       49             0.003390        0.007083        0.005227
1985-1989       50             0.003703        0.007753        0.005714
1985-1989       51             0.004180        0.008409        0.006276
1985-1989       52             0.004519        0.009219        0.006844
1985-1989       53             0.004884        0.010550        0.007681
1985-1989       54             0.005610        0.011752        0.008631
1985-1989       55             0.005991        0.012870        0.009348
1985-1989       56             0.006395        0.014352        0.010229
1985-1989       57             0.007220        0.015084        0.010937
1985-1989       58             0.007627        0.016540        0.011712
1985-1989       59             0.008365        0.018081        0.012646
1985-1989       60             0.009499        0.019310        0.013628
1985-1989       61             0.010622        0.020948        0.014755
1985-1989       62             0.011848        0.022838        0.016050
1985-1989       63             0.012976        0.025156        0.017486
1985-1989       64             0.014297        0.026484        0.018705
1985-1989       65             0.016790        0.031272        0.021949
1985-1989       66             0.017844        0.033869        0.023500
1985-1989       67             0.019796        0.036461        0.025620
1985-1989       68             0.022657        0.041165        0.029046
1985-1989       69             0.025390        0.044655        0.031963
1985-1989       70             0.028312        0.049662        0.035497
1985-1989       71             0.032326        0.054833        0.039804
1985-1989       72             0.036595        0.060563        0.044496
1985-1989       73             0.040806        0.066792        0.049306
1985-1989       74             0.045978        0.073404        0.054876
1985-1989       75             0.051365        0.081091        0.060951
1985-1989       76             0.058074        0.089601        0.068165
1985-1989       77             0.066511        0.098662        0.076723
1985-1989       78             0.073942        0.109354        0.085096
1985-1989       79             0.084985        0.121803        0.096533
1985-1989       80             0.094190        0.132910        0.106324
1985-1989       81             0.106855        0.146846        0.119343
1985-1989       82             0.119156        0.160421        0.131919
1985-1989       83             0.133393        0.176797        0.146605
1985-1989       84             0.150401        0.192632        0.162942
1985-1989       85             0.165946        0.211995        0.179180
1985-1989       86             0.187869        0.226845        0.198682
1985-1989       87             0.205575        0.248063        0.216947
1985-1989       88             0.226287        0.271893        0.237980
1985-1989       89             0.246855        0.296242        0.258967
1985-1989       90             0.265578        0.316580        0.277530
1985-1989       91             0.293058        0.341723        0.304021
1985-1989       92             0.316933        0.368549        0.328234
1985-1989       93             0.353547        0.400156        0.363719
1985-1989       94             0.374235        0.406379        0.381312
1985-1989       95             0.401742        0.419634        0.405768
1985-1989       96             0.411360        0.424592        0.414410
1985-1989       97             0.439384        0.467574        0.445830
1985-1989       98             0.456251        0.461785        0.457471
1985-1989       99             0.562927        0.527596        0.555088
1985-1989      100             0.570053        0.631810        0.583833
1985-1989      101             0.604554        0.682790        0.621992
1985-1989      102             0.635831        0.734797        0.658169
1985-1989      103             0.662534        0.815120        0.695884
1985-1989      104             0.711385        1.121468        0.787047
1985-1989      105             0.875261        2.253061        1.040509
1985-1989      106             1.103324        6.000000        1.150626
1985-1989      107             1.053004              .        1.053004
1985-1989      108             0.000000              .        0.000000
1985-1989      109                   .              .              .
1985-1989      110+                  .              .              .
1990-1994        0             0.005524        0.007235        0.006402
1990-1994        1             0.000641        0.000779        0.000711
1990-1994        2             0.000346        0.000514        0.000432
1990-1994        3             0.000292        0.000367        0.000331
1990-1994        4             0.000255        0.000356        0.000307
1990-1994        5             0.000238        0.000280        0.000260
1990-1994        6             0.000208        0.000250        0.000230
1990-1994        7             0.000175        0.000291        0.000235
1990-1994        8             0.000183        0.000253        0.000219
1990-1994        9             0.000187        0.000209        0.000198
1990-1994       10             0.000178        0.000243        0.000211
1990-1994       11             0.000176        0.000227        0.000202
1990-1994       12             0.000183        0.000210        0.000197
1990-1994       13             0.000223        0.000345        0.000285
1990-1994       14             0.000232        0.000371        0.000303
1990-1994       15             0.000292        0.000476        0.000386
1990-1994       16             0.000422        0.000756        0.000593
1990-1994       17             0.000424        0.001054        0.000748
1990-1994       18             0.000509        0.001600        0.001073
1990-1994       19             0.000549        0.001630        0.001111
1990-1994       20             0.000454        0.001632        0.001068
1990-1994       21             0.000399        0.001527        0.000985
1990-1994       22             0.000392        0.001429        0.000929
1990-1994       23             0.000410        0.001262        0.000849
1990-1994       24             0.000437        0.001302        0.000883
1990-1994       25             0.000440        0.001387        0.000928
1990-1994       26             0.000484        0.001353        0.000931
1990-1994       27             0.000432        0.001434        0.000947
1990-1994       28             0.000531        0.001504        0.001031
1990-1994       29             0.000590        0.001665        0.001141
1990-1994       30             0.000695        0.001737        0.001229
1990-1994       31             0.000684        0.001876        0.001295
1990-1994       32             0.000674        0.002002        0.001355
1990-1994       33             0.000882        0.002349        0.001634
1990-1994       34             0.000969        0.002369        0.001687
1990-1994       35             0.000940        0.002609        0.001795
1990-1994       36             0.001125        0.002888        0.002028
1990-1994       37             0.001154        0.003089        0.002143
1990-1994       38             0.001205        0.003265        0.002258
1990-1994       39             0.001359        0.003606        0.002507
1990-1994       40             0.001549        0.003738        0.002665
1990-1994       41             0.001631        0.004072        0.002875
1990-1994       42             0.001772        0.004239        0.003027
1990-1994       43             0.001830        0.004596        0.003235
1990-1994       44             0.002104        0.005090        0.003615
1990-1994       45             0.002275        0.005245        0.003770
1990-1994       46             0.002385        0.005790        0.004091
1990-1994       47             0.002623        0.006285        0.004451
1990-1994       48             0.002966        0.006543        0.004746
1990-1994       49             0.003163        0.007180        0.005159
1990-1994       50             0.003407        0.008109        0.005741
1990-1994       51             0.003638        0.008522        0.006059
1990-1994       52             0.004059        0.009452        0.006728
1990-1994       53             0.004329        0.010366        0.007311
1990-1994       54             0.004676        0.011427        0.008001
1990-1994       55             0.005506        0.012523        0.008952
1990-1994       56             0.005781        0.013940        0.009774
1990-1994       57             0.006496        0.015152        0.010715
1990-1994       58             0.007147        0.016688        0.011780
1990-1994       59             0.007907        0.018511        0.013024
1990-1994       60             0.008715        0.020158        0.014178
1990-1994       61             0.009862        0.021804        0.015482
1990-1994       62             0.010601        0.023359        0.016478
1990-1994       63             0.011533        0.025721        0.017859
1990-1994       64             0.012942        0.027258        0.019062
1990-1994       65             0.014116        0.029480        0.020372
1990-1994       66             0.015767        0.032030        0.022040
1990-1994       67             0.017449        0.034654        0.023756
1990-1994       68             0.019452        0.038353        0.026126
1990-1994       69             0.021852        0.041245        0.028503
1990-1994       70             0.025266        0.046668        0.032455
1990-1994       71             0.027408        0.050583        0.035094
1990-1994       72             0.030701        0.054620        0.038517
1990-1994       73             0.034451        0.059855        0.042601
1990-1994       74             0.038862        0.064714        0.047008
1990-1994       75             0.043334        0.070968        0.051879
1990-1994       76             0.050522        0.080220        0.059551
1990-1994       77             0.055933        0.088806        0.065780
1990-1994       78             0.062602        0.098119        0.073083
1990-1994       79             0.069233        0.106425        0.080030
1990-1994       80             0.078073        0.118087        0.089498
1990-1994       81             0.087631        0.128209        0.099052
1990-1994       82             0.097327        0.139022        0.108887
1990-1994       83             0.109149        0.152890        0.121117
1990-1994       84             0.120880        0.168731        0.133831
1990-1994       85             0.136519        0.185198        0.149615
1990-1994       86             0.152018        0.201469        0.165179
1990-1994       87             0.168983        0.220560        0.182509
1990-1994       88             0.187446        0.236605        0.200109
1990-1994       89             0.204631        0.258048        0.218002
1990-1994       90             0.226755        0.281268        0.239930
1990-1994       91             0.249859        0.294038        0.260175
1990-1994       92             0.267088        0.330315        0.281210
1990-1994       93             0.295659        0.352939        0.307760
1990-1994       94             0.313283        0.385339        0.327563
1990-1994       95             0.343102        0.392049        0.352356
1990-1994       96             0.370503        0.400540        0.376049
1990-1994       97             0.393532        0.451613        0.404344
1990-1994       98             0.397073        0.438382        0.404969
1990-1994       99             0.439612        0.527410        0.457833
1990-1994      100             0.561286        0.765456        0.601388
1990-1994      101             0.515689        0.531187        0.518546
1990-1994      102             0.594643        0.600000        0.595588
1990-1994      103             0.529801        0.362069        0.495606
1990-1994      104             0.633166        0.960000        0.698795
1990-1994      105             0.448598        0.461538        0.450000
1990-1994      106             0.763636        0.545455        0.727273
1990-1994      107             0.600000        0.000000        0.461538
1990-1994      108             0.000000        6.000000        0.272727
1990-1994      109             0.461538              .        0.461538
1990-1994      110+            0.000000              .        0.000000
1995-1999        0             0.004426        0.005609        0.005033
1995-1999        1             0.000468        0.000650        0.000562
1995-1999        2             0.000304        0.000390        0.000348
1995-1999        3             0.000194        0.000268        0.000232
1995-1999        4             0.000190        0.000278        0.000235
1995-1999        5             0.000145        0.000203        0.000175
1995-1999        6             0.000151        0.000187        0.000170
1995-1999        7             0.000115        0.000206        0.000161
1995-1999        8             0.000110        0.000142        0.000127
1995-1999        9             0.000083        0.000178        0.000132
1995-1999       10             0.000127        0.000156        0.000142
1995-1999       11             0.000101        0.000156        0.000129
1995-1999       12             0.000104        0.000175        0.000140
1995-1999       13             0.000139        0.000199        0.000170
1995-1999       14             0.000178        0.000296        0.000238
1995-1999       15             0.000262        0.000331        0.000297
1995-1999       16             0.000320        0.000651        0.000490
1995-1999       17             0.000305        0.000823        0.000572
1995-1999       18             0.000510        0.001510        0.001029
1995-1999       19             0.000456        0.001420        0.000962
1995-1999       20             0.000430        0.001231        0.000854
1995-1999       21             0.000433        0.001215        0.000851
1995-1999       22             0.000333        0.001091        0.000741
1995-1999       23             0.000311        0.001147        0.000762
1995-1999       24             0.000329        0.001060        0.000723
1995-1999       25             0.000349        0.001050        0.000725
1995-1999       26             0.000318        0.001033        0.000700
1995-1999       27             0.000387        0.001042        0.000735
1995-1999       28             0.000439        0.001152        0.000815
1995-1999       29             0.000412        0.001174        0.000811
1995-1999       30             0.000443        0.001356        0.000920
1995-1999       31             0.000479        0.001338        0.000926
1995-1999       32             0.000563        0.001504        0.001052
1995-1999       33             0.000617        0.001642        0.001148
1995-1999       34             0.000732        0.001771        0.001270
1995-1999       35             0.000766        0.001910        0.001358
1995-1999       36             0.000828        0.002238        0.001557
1995-1999       37             0.000910        0.002413        0.001686
1995-1999       38             0.001017        0.002658        0.001863
1995-1999       39             0.001106        0.002848        0.002004
1995-1999       40             0.001232        0.002940        0.002111
1995-1999       41             0.001409        0.003419        0.002443
1995-1999       42             0.001455        0.003834        0.002676
1995-1999       43             0.001635        0.004045        0.002871
1995-1999       44             0.001827        0.004299        0.003092
1995-1999       45             0.001856        0.004656        0.003287
1995-1999       46             0.002173        0.004954        0.003592
1995-1999       47             0.002290        0.005160        0.003751
1995-1999       48             0.002414        0.005774        0.004120
1995-1999       49             0.002546        0.005743        0.004163
1995-1999       50             0.002630        0.006364        0.004507
1995-1999       51             0.002992        0.007158        0.005074
1995-1999       52             0.003233        0.007819        0.005513
1995-1999       53             0.003479        0.008190        0.005811
1995-1999       54             0.003705        0.008878        0.006258
1995-1999       55             0.004033        0.009795        0.006869
1995-1999       56             0.004324        0.010558        0.007382
1995-1999       57             0.004920        0.011654        0.008212
1995-1999       58             0.005220        0.012252        0.008645
1995-1999       59             0.005814        0.014159        0.009856
1995-1999       60             0.006698        0.015416        0.010900
1995-1999       61             0.007485        0.017220        0.012149
1995-1999       62             0.008013        0.018809        0.013152
1995-1999       63             0.008957        0.020997        0.014653
1995-1999       64             0.010109        0.022759        0.016038
1995-1999       65             0.011510        0.025384        0.017923
1995-1999       66             0.012690        0.027259        0.019306
1995-1999       67             0.013997        0.030433        0.021279
1995-1999       68             0.015545        0.033093        0.023041
1995-1999       69             0.017488        0.035567        0.024866
1995-1999       70             0.019640        0.037698        0.026635
1995-1999       71             0.021815        0.041411        0.028970
1995-1999       72             0.024346        0.044780        0.031402
1995-1999       73             0.027270        0.049225        0.034532
1995-1999       74             0.031178        0.055059        0.038808
1995-1999       75             0.035653        0.061661        0.043736
1995-1999       76             0.038861        0.067842        0.047693
1995-1999       77             0.043804        0.071849        0.052176
1995-1999       78             0.049485        0.079951        0.058376
1995-1999       79             0.055344        0.086391        0.064180
1995-1999       80             0.061568        0.094983        0.070789
1995-1999       81             0.072305        0.112274        0.083040
1995-1999       82             0.080590        0.121165        0.091227
1995-1999       83             0.089796        0.132755        0.100782
1995-1999       84             0.100433        0.146026        0.111799
1995-1999       85             0.113004        0.159021        0.124209
1995-1999       86             0.124975        0.174233        0.136711
1995-1999       87             0.142280        0.193345        0.154138
1995-1999       88             0.158305        0.211080        0.170281
1995-1999       89             0.178794        0.231941        0.190689
1995-1999       90             0.195455        0.252145        0.207950
1995-1999       91             0.215298        0.276273        0.228464
1995-1999       92             0.237190        0.295368        0.249490
1995-1999       93             0.263879        0.326056        0.276712
1995-1999       94             0.286558        0.364425        0.301890
1995-1999       95             0.311651        0.381090        0.324584
1995-1999       96             0.344778        0.394016        0.353626
1995-1999       97             0.358518        0.463635        0.376397
1995-1999       98             0.365500        0.419096        0.374058
1995-1999       99             0.406264        0.521531        0.423822
1995-1999      100             0.479354        0.489521        0.480809
1995-1999      101             0.431467        0.449799        0.434145
1995-1999      102             0.522530        0.583541        0.531561
1995-1999      103             0.580604        0.558140        0.577111
1995-1999      104             0.656790        0.515625        0.629323
1995-1999      105             0.675000        0.620690        0.664430
1995-1999      106             0.285714        0.214286        0.272727
1995-1999      107             0.750000        0.000000        0.580645
1995-1999      108             1.500000        0.000000        1.000000
1995-1999      109             1.200000        6.000000        2.000000
1995-1999      110+            1.714286              .        1.714286
2000-2004        0             0.003385        0.004130        0.003767
2000-2004        1             0.000371        0.000393        0.000382
2000-2004        2             0.000178        0.000228        0.000204
2000-2004        3             0.000134        0.000180        0.000158
2000-2004        4             0.000156        0.000152        0.000154
2000-2004        5             0.000086        0.000168        0.000128
2000-2004        6             0.000099        0.000159        0.000130
2000-2004        7             0.000098        0.000172        0.000136
2000-2004        8             0.000111        0.000114        0.000113
2000-2004        9             0.000079        0.000150        0.000115
2000-2004       10             0.000104        0.000142        0.000124
2000-2004       11             0.000106        0.000148        0.000128
2000-2004       12             0.000084        0.000178        0.000132
2000-2004       13             0.000121        0.000156        0.000139
2000-2004       14             0.000170        0.000245        0.000209
2000-2004       15             0.000220        0.000265        0.000243
2000-2004       16             0.000253        0.000434        0.000346
2000-2004       17             0.000325        0.000651        0.000493
2000-2004       18             0.000338        0.001079        0.000721
2000-2004       19             0.000379        0.001113        0.000763
2000-2004       20             0.000383        0.001027        0.000723
2000-2004       21             0.000314        0.000972        0.000664
2000-2004       22             0.000303        0.000839        0.000589
2000-2004       23             0.000283        0.000880        0.000602
2000-2004       24             0.000296        0.000820        0.000577
2000-2004       25             0.000224        0.000790        0.000528
2000-2004       26             0.000249        0.000845        0.000569
2000-2004       27             0.000345        0.000764        0.000570
2000-2004       28             0.000290        0.000868        0.000600
2000-2004       29             0.000339        0.000841        0.000608
2000-2004       30             0.000312        0.000883        0.000616
2000-2004       31             0.000390        0.000914        0.000667
2000-2004       32             0.000419        0.001018        0.000734
2000-2004       33             0.000414        0.001069        0.000756
2000-2004       34             0.000485        0.001234        0.000875
2000-2004       35             0.000590        0.001456        0.001039
2000-2004       36             0.000669        0.001590        0.001145
2000-2004       37             0.000684        0.001716        0.001216
2000-2004       38             0.000804        0.001993        0.001416
2000-2004       39             0.000886        0.002224        0.001575
2000-2004       40             0.000982        0.002476        0.001750
2000-2004       41             0.001136        0.002667        0.001922
2000-2004       42             0.001275        0.003087        0.002205
2000-2004       43             0.001325        0.003466        0.002422
2000-2004       44             0.001489        0.003738        0.002640
2000-2004       45             0.001564        0.004267        0.002945
2000-2004       46             0.001791        0.004562        0.003205
2000-2004       47             0.001962        0.004922        0.003469
2000-2004       48             0.002154        0.005226        0.003715
2000-2004       49             0.002383        0.005791        0.004112
2000-2004       50             0.002416        0.006111        0.004286
2000-2004       51             0.002651        0.006316        0.004503
2000-2004       52             0.002878        0.007044        0.004978
2000-2004       53             0.003014        0.007607        0.005321
2000-2004       54             0.003352        0.008168        0.005759
2000-2004       55             0.003427        0.008501        0.005946
2000-2004       56             0.003821        0.008681        0.006219
2000-2004       57             0.004131        0.009980        0.007001
2000-2004       58             0.004471        0.010643        0.007484
2000-2004       59             0.004894        0.011648        0.008179
2000-2004       60             0.005242        0.012644        0.008828
2000-2004       61             0.005725        0.013707        0.009573
2000-2004       62             0.006566        0.015007        0.010615
2000-2004       63             0.006946        0.016317        0.011415
2000-2004       64             0.007825        0.017595        0.012451
2000-2004       65             0.008900        0.019970        0.014104
2000-2004       66             0.009959        0.022059        0.015601
2000-2004       67             0.011072        0.024129        0.017105
2000-2004       68             0.012620        0.027368        0.019368
2000-2004       69             0.013899        0.029712        0.021040
2000-2004       70             0.016073        0.033139        0.023641
2000-2004       71             0.017958        0.035838        0.025715
2000-2004       72             0.019858        0.039169        0.028001
2000-2004       73             0.022457        0.042191        0.030454
2000-2004       74             0.025764        0.046227        0.033655
2000-2004       75             0.028301        0.050470        0.036374
2000-2004       76             0.032734        0.055667        0.040564
2000-2004       77             0.036156        0.061298        0.044220
2000-2004       78             0.041523        0.068346        0.049695
2000-2004       79             0.047871        0.075068        0.055805
2000-2004       80             0.055153        0.083928        0.063242
2000-2004       81             0.060562        0.092972        0.069422
2000-2004       82             0.069263        0.101454        0.077833
2000-2004       83             0.077270        0.116769        0.087447
2000-2004       84             0.086935        0.124720        0.096331
2000-2004       85             0.098235        0.139029        0.107985
2000-2004       86             0.113082        0.158150        0.123433
2000-2004       87             0.130056        0.173385        0.139700
2000-2004       88             0.145089        0.196651        0.156180
2000-2004       89             0.163488        0.213352        0.173819
2000-2004       90             0.179391        0.227377        0.189050
2000-2004       91             0.203439        0.253386        0.213205
2000-2004       92             0.220765        0.286351        0.233186
2000-2004       93             0.248003        0.308250        0.259012
2000-2004       94             0.270439        0.334420        0.281791
2000-2004       95             0.294165        0.362348        0.305794
2000-2004       96             0.323398        0.381936        0.333070
2000-2004       97             0.352913        0.433694        0.365948
2000-2004       98             0.379828        0.453772        0.391039
2000-2004       99             0.397202        0.469854        0.407518
2000-2004      100             0.436231        0.593555        0.456849
2000-2004      101             0.509713        0.562446        0.516045
2000-2004      102             0.481265        0.587435        0.493457
2000-2004      103             0.565714        0.536973        0.562763
2000-2004      104             0.482234        0.666667        0.497528
2000-2004      105             0.605895        0.915254        0.634269
2000-2004      106             0.614072        1.363636        0.678363
2000-2004      107             0.666667        0.600000        0.660000
2000-2004      108             0.709360        0.000000        0.523636
2000-2004      109             1.827411        0.260870        0.730594
2000-2004      110+                  .        0.514286        0.514286
2005-2009        0             0.002725        0.003416        0.003079
2005-2009        1             0.000265        0.000315        0.000291
2005-2009        2             0.000140        0.000190        0.000166
2005-2009        3             0.000122        0.000170        0.000147
2005-2009        4             0.000114        0.000123        0.000119
2005-2009        5             0.000080        0.000102        0.000091
2005-2009        6             0.000077        0.000128        0.000104
2005-2009        7             0.000086        0.000082        0.000084
2005-2009        8             0.000080        0.000103        0.000092
2005-2009        9             0.000066        0.000079        0.000073
2005-2009       10             0.000092        0.000066        0.000079
2005-2009       11             0.000073        0.000091        0.000082
2005-2009       12             0.000071        0.000107        0.000090
2005-2009       13             0.000117        0.000129        0.000123
2005-2009       14             0.000172        0.000192        0.000182
2005-2009       15             0.000173        0.000238        0.000207
2005-2009       16             0.000194        0.000360        0.000280
2005-2009       17             0.000186        0.000484        0.000339
2005-2009       18             0.000263        0.000684        0.000480
2005-2009       19             0.000261        0.000651        0.000464
2005-2009       20             0.000263        0.000738        0.000512
2005-2009       21             0.000226        0.000718        0.000485
2005-2009       22             0.000269        0.000692        0.000493
2005-2009       23             0.000317        0.000705        0.000523
2005-2009       24             0.000200        0.000710        0.000471
2005-2009       25             0.000304        0.000699        0.000515
2005-2009       26             0.000283        0.000736        0.000525
2005-2009       27             0.000286        0.000712        0.000513
2005-2009       28             0.000288        0.000667        0.000490
2005-2009       29             0.000267        0.000777        0.000539
2005-2009       30             0.000248        0.000692        0.000484
2005-2009       31             0.000352        0.000806        0.000593
2005-2009       32             0.000314        0.000888        0.000618
2005-2009       33             0.000357        0.000883        0.000636
2005-2009       34             0.000475        0.000965        0.000735
2005-2009       35             0.000472        0.001048        0.000775
2005-2009       36             0.000551        0.001196        0.000889
2005-2009       37             0.000648        0.001253        0.000964
2005-2009       38             0.000649        0.001479        0.001079
2005-2009       39             0.000755        0.001706        0.001246
2005-2009       40             0.000831        0.001991        0.001428
2005-2009       41             0.000957        0.002116        0.001552
2005-2009       42             0.001086        0.002320        0.001719
2005-2009       43             0.001244        0.002765        0.002023
2005-2009       44             0.001287        0.003229        0.002281
2005-2009       45             0.001437        0.003535        0.002509
2005-2009       46             0.001712        0.003798        0.002777
2005-2009       47             0.001788        0.004192        0.003014
2005-2009       48             0.001950        0.004663        0.003331
2005-2009       49             0.002212        0.005186        0.003723
2005-2009       50             0.002370        0.005601        0.004008
2005-2009       51             0.002569        0.006223        0.004417
2005-2009       52             0.002686        0.006795        0.004758
2005-2009       53             0.002823        0.007341        0.005095
2005-2009       54             0.003123        0.007825        0.005482
2005-2009       55             0.003330        0.008339        0.005836
2005-2009       56             0.003653        0.009003        0.006322
2005-2009       57             0.003859        0.009517        0.006672
2005-2009       58             0.004237        0.010623        0.007398
2005-2009       59             0.004435        0.011151        0.007741
2005-2009       60             0.004900        0.011858        0.008299
2005-2009       61             0.005626        0.012559        0.008989
2005-2009       62             0.005892        0.013615        0.009615
2005-2009       63             0.006278        0.014561        0.010247
2005-2009       64             0.006600        0.015418        0.010806
2005-2009       65             0.007499        0.016811        0.011918
2005-2009       66             0.008334        0.018200        0.012985
2005-2009       67             0.009300        0.020031        0.014324
2005-2009       68             0.010108        0.021681        0.015482
2005-2009       69             0.011607        0.024249        0.017419
2005-2009       70             0.013038        0.027002        0.019392
2005-2009       71             0.014434        0.029466        0.021196
2005-2009       72             0.016735        0.032775        0.023861
2005-2009       73             0.018993        0.036047        0.026471
2005-2009       74             0.021703        0.041119        0.030071
2005-2009       75             0.024749        0.044959        0.033259
2005-2009       76             0.027993        0.050504        0.037219
2005-2009       77             0.031670        0.055164        0.040984
2005-2009       78             0.036558        0.061245        0.045913
2005-2009       79             0.041722        0.067147        0.050837
2005-2009       80             0.048203        0.073046        0.056570
2005-2009       81             0.054083        0.081285        0.062621
2005-2009       82             0.062720        0.091226        0.071055
2005-2009       83             0.072215        0.102274        0.080499
2005-2009       84             0.081085        0.112280        0.089238
2005-2009       85             0.095596        0.129763        0.104140
2005-2009       86             0.106016        0.141368        0.114541
2005-2009       87             0.120816        0.157848        0.129436
2005-2009       88             0.138187        0.177451        0.146955
2005-2009       89             0.153852        0.194410        0.162503
2005-2009       90             0.167324        0.216570        0.177238
2005-2009       91             0.195626        0.253408        0.206620
2005-2009       92             0.218198        0.267245        0.227106
2005-2009       93             0.242705        0.301891        0.253049
2005-2009       94             0.269585        0.326314        0.279089
2005-2009       95             0.291468        0.348245        0.300612
2005-2009       96             0.317764        0.394406        0.329515
2005-2009       97             0.350441        0.402845        0.358089
2005-2009       98             0.379982        0.461023        0.391279
2005-2009       99             0.410317        0.513261        0.423719
2005-2009      100             0.445870        0.548098        0.458008
2005-2009      101             0.477414        0.614809        0.492916
2005-2009      102             0.528974        0.506480        0.526485
2005-2009      103             0.496577        0.598919        0.507821
2005-2009      104             0.645749        0.545815        0.634634
2005-2009      105             0.592149        0.488057        0.579086
2005-2009      106             0.797367        0.682206        0.786152
2005-2009      107             0.630764        0.771704        0.640512
2005-2009      108             0.934683        0.000000        0.922671
2005-2009      109             1.227181              .        1.227181
2005-2009      110+            2.751773              .        2.751773
2010-2014        0             0.002398        0.002845        0.002627
2010-2014        1             0.000295        0.000282        0.000288
2010-2014        2             0.000139        0.000159        0.000149
2010-2014        3             0.000108        0.000123        0.000115
2010-2014        4             0.000116        0.000135        0.000126
2010-2014        5             0.000092        0.000084        0.000088
2010-2014        6             0.000056        0.000103        0.000080
2010-2014        7             0.000061        0.000083        0.000072
2010-2014        8             0.000054        0.000073        0.000063
2010-2014        9             0.000061        0.000080        0.000071
2010-2014       10             0.000050        0.000110        0.000081
2010-2014       11             0.000051        0.000107        0.000080
2010-2014       12             0.000075        0.000123        0.000100
2010-2014       13             0.000096        0.000122        0.000110
2010-2014       14             0.000096        0.000099        0.000098
2010-2014       15             0.000127        0.000117        0.000122
2010-2014       16             0.000146        0.000273        0.000212
2010-2014       17             0.000156        0.000327        0.000244
2010-2014       18             0.000188        0.000499        0.000348
2010-2014       19             0.000250        0.000496        0.000377
2010-2014       20             0.000221        0.000572        0.000401
2010-2014       21             0.000220        0.000655        0.000445
2010-2014       22             0.000193        0.000591        0.000400
2010-2014       23             0.000279        0.000638        0.000466
2010-2014       24             0.000178        0.000651        0.000426
2010-2014       25             0.000222        0.000536        0.000387
2010-2014       26             0.000190        0.000643        0.000428
2010-2014       27             0.000296        0.000672        0.000494
2010-2014       28             0.000303        0.000633        0.000477
2010-2014       29             0.000297        0.000711        0.000515
2010-2014       30             0.000281        0.000682        0.000493
2010-2014       31             0.000355        0.000738        0.000557
2010-2014       32             0.000369        0.000827        0.000611
2010-2014       33             0.000422        0.000731        0.000585
2010-2014       34             0.000404        0.000899        0.000665
2010-2014       35             0.000449        0.000901        0.000687
2010-2014       36             0.000466        0.000973        0.000733
2010-2014       37             0.000504        0.001017        0.000775
2010-2014       38             0.000631        0.001276        0.000971
2010-2014       39             0.000750        0.001351        0.001066
2010-2014       40             0.000742        0.001552        0.001167
2010-2014       41             0.000907        0.001757        0.001351
2010-2014       42             0.000979        0.002008        0.001514
2010-2014       43             0.001019        0.002197        0.001628
2010-2014       44             0.001186        0.002530        0.001878
2010-2014       45             0.001273        0.002877        0.002095
2010-2014       46             0.001421        0.003304        0.002384
2010-2014       47             0.001797        0.003676        0.002756
2010-2014       48             0.001808        0.004028        0.002940
2010-2014       49             0.002031        0.004516        0.003296
2010-2014       50             0.002266        0.004979        0.003644
2010-2014       51             0.002419        0.005752        0.004109
2010-2014       52             0.002588        0.006200        0.004416
2010-2014       53             0.002927        0.006707        0.004835
2010-2014       54             0.003044        0.007531        0.005302
2010-2014       55             0.003377        0.008103        0.005748
2010-2014       56             0.003704        0.008480        0.006092
2010-2014       57             0.003753        0.009377        0.006553
2010-2014       58             0.004001        0.010361        0.007156
2010-2014       59             0.004564        0.010957        0.007723
2010-2014       60             0.004996        0.011874        0.008382
2010-2014       61             0.005283        0.012847        0.008993
2010-2014       62             0.005683        0.013608        0.009553
2010-2014       63             0.006275        0.014634        0.010335
2010-2014       64             0.006974        0.015632        0.011153
2010-2014       65             0.007134        0.016609        0.011671
2010-2014       66             0.007870        0.017652        0.012518
2010-2014       67             0.008394        0.018824        0.013312
2010-2014       68             0.009432        0.020531        0.014625
2010-2014       69             0.010204        0.021531        0.015470
2010-2014       70             0.011545        0.023516        0.017070
2010-2014       71             0.012870        0.025691        0.018738
2010-2014       72             0.013931        0.027943        0.020281
2010-2014       73             0.016154        0.030800        0.022718
2010-2014       74             0.018441        0.034628        0.025598
2010-2014       75             0.021066        0.038916        0.028848
2010-2014       76             0.024778        0.043092        0.032641
2010-2014       77             0.028374        0.048511        0.036874
2010-2014       78             0.032559        0.054261        0.041561
2010-2014       79             0.037301        0.061872        0.047261
2010-2014       80             0.043697        0.067612        0.053107
2010-2014       81             0.050034        0.077827        0.060610
2010-2014       82             0.058168        0.085669        0.068241
2010-2014       83             0.065573        0.097626        0.076725
2010-2014       84             0.075229        0.108442        0.086076
2010-2014       85             0.087335        0.118859        0.096947
2010-2014       86             0.099857        0.134200        0.109545
2010-2014       87             0.113943        0.148806        0.123030
2010-2014       88             0.130525        0.169334        0.139984
2010-2014       89             0.149999        0.186491        0.158374
2010-2014       90             0.170797        0.206714        0.178615
2010-2014       91             0.187579        0.230278        0.196483
2010-2014       92             0.208381        0.260346        0.218679
2010-2014       93             0.234846        0.277284        0.242793
2010-2014       94             0.259314        0.308457        0.268002
2010-2014       95             0.278015        0.329392        0.286439
2010-2014       96             0.325002        0.377090        0.332921
2010-2014       97             0.350136        0.410459        0.358850
2010-2014       98             0.374305        0.453146        0.384996
2010-2014       99             0.409347        0.456557        0.415491
2010-2014      100             0.447452        0.558140        0.460947
2010-2014      101             0.489785        0.615561        0.503541
2010-2014      102             0.517935        0.592432        0.525131
2010-2014      103             0.602175        0.731529        0.614160
2010-2014      104             0.597356        0.676234        0.604527
2010-2014      105             0.558833        0.699355        0.570779
2010-2014      106             0.744417        0.485437        0.717703
2010-2014      107             0.663743        0.417633        0.627933
2010-2014      108             0.884291        1.385345        0.967895
2010-2014      109             1.292829        1.033233        1.246053
2010-2014      110+            2.246377        6.000000        2.636364
