Hungary, Death rates (period 1x5)     Last modified: 18-Apr-2016, MPv5 (May07)

   Year      Age       Female       Male         Total
1950-1954      0     0.069697     0.087298     0.078709 
1950-1954      1     0.006324     0.006798     0.006566 
1950-1954      2     0.002514     0.002686     0.002602 
1950-1954      3     0.001679     0.001893     0.001788 
1950-1954      4     0.001246     0.001429     0.001339 
1950-1954      5     0.000914     0.001132     0.001025 
1950-1954      6     0.000847     0.001156     0.001004 
1950-1954      7     0.000810     0.001021     0.000918 
1950-1954      8     0.000576     0.000970     0.000776 
1950-1954      9     0.000608     0.000894     0.000753 
1950-1954     10     0.000564     0.000937     0.000753 
1950-1954     11     0.000582     0.000840     0.000713 
1950-1954     12     0.000669     0.000925     0.000798 
1950-1954     13     0.000694     0.000990     0.000843 
1950-1954     14     0.000824     0.001020     0.000923 
1950-1954     15     0.000987     0.001213     0.001101 
1950-1954     16     0.001046     0.001390     0.001219 
1950-1954     17     0.001301     0.001752     0.001528 
1950-1954     18     0.001273     0.001945     0.001610 
1950-1954     19     0.001376     0.002100     0.001739 
1950-1954     20     0.001615     0.002489     0.002053 
1950-1954     21     0.001565     0.002512     0.002038 
1950-1954     22     0.001543     0.002550     0.002045 
1950-1954     23     0.001657     0.002649     0.002149 
1950-1954     24     0.001799     0.002508     0.002148 
1950-1954     25     0.001802     0.002499     0.002144 
1950-1954     26     0.001870     0.002462     0.002159 
1950-1954     27     0.001874     0.002561     0.002207 
1950-1954     28     0.001936     0.002598     0.002255 
1950-1954     29     0.001916     0.002704     0.002293 
1950-1954     30     0.001983     0.002706     0.002327 
1950-1954     31     0.002032     0.002654     0.002326 
1950-1954     32     0.002218     0.002503     0.002352 
1950-1954     33     0.001908     0.002704     0.002282 
1950-1954     34     0.002205     0.002966     0.002563 
1950-1954     35     0.002186     0.003039     0.002586 
1950-1954     36     0.002592     0.003123     0.002841 
1950-1954     37     0.002492     0.003546     0.002987 
1950-1954     38     0.002733     0.003666     0.003173 
1950-1954     39     0.002876     0.003702     0.003267 
1950-1954     40     0.002966     0.003854     0.003387 
1950-1954     41     0.003095     0.004417     0.003725 
1950-1954     42     0.003475     0.004811     0.004113 
1950-1954     43     0.003489     0.005193     0.004305 
1950-1954     44     0.003859     0.005499     0.004645 
1950-1954     45     0.004370     0.005954     0.005130 
1950-1954     46     0.004501     0.006579     0.005499 
1950-1954     47     0.004991     0.007261     0.006084 
1950-1954     48     0.005671     0.007736     0.006668 
1950-1954     49     0.006016     0.008546     0.007238 
1950-1954     50     0.006238     0.009480     0.007804 
1950-1954     51     0.006895     0.010481     0.008624 
1950-1954     52     0.007587     0.011496     0.009456 
1950-1954     53     0.008235     0.012581     0.010284 
1950-1954     54     0.008549     0.013455     0.010826 
1950-1954     55     0.009743     0.014360     0.011850 
1950-1954     56     0.010466     0.015800     0.012862 
1950-1954     57     0.011333     0.017484     0.014063 
1950-1954     58     0.012479     0.019032     0.015372 
1950-1954     59     0.013522     0.019905     0.016338 
1950-1954     60     0.015648     0.022539     0.018685 
1950-1954     61     0.016753     0.024727     0.020246 
1950-1954     62     0.019141     0.027225     0.022669 
1950-1954     63     0.021012     0.029727     0.024819 
1950-1954     64     0.022750     0.032352     0.026932 
1950-1954     65     0.026246     0.036298     0.030610 
1950-1954     66     0.028347     0.037387     0.032280 
1950-1954     67     0.032170     0.041387     0.036183 
1950-1954     68     0.034063     0.045915     0.039203 
1950-1954     69     0.038805     0.048769     0.043123 
1950-1954     70     0.043287     0.054779     0.048278 
1950-1954     71     0.048472     0.059841     0.053415 
1950-1954     72     0.055215     0.066743     0.060231 
1950-1954     73     0.061630     0.071162     0.065783 
1950-1954     74     0.068526     0.081877     0.074340 
1950-1954     75     0.077305     0.091276     0.083375 
1950-1954     76     0.085069     0.100776     0.091861 
1950-1954     77     0.097246     0.109806     0.102654 
1950-1954     78     0.106382     0.121579     0.112947 
1950-1954     79     0.112907     0.130405     0.120486 
1950-1954     80     0.134085     0.147668     0.140040 
1950-1954     81     0.141130     0.161240     0.149980 
1950-1954     82     0.163156     0.178074     0.169715 
1950-1954     83     0.177071     0.197280     0.185864 
1950-1954     84     0.195213     0.216299     0.204278 
1950-1954     85     0.220040     0.239175     0.228203 
1950-1954     86     0.235960     0.265347     0.248276 
1950-1954     87     0.257998     0.284303     0.268789 
1950-1954     88     0.272460     0.304886     0.285548 
1950-1954     89     0.296697     0.341356     0.314227 
1950-1954     90     0.333795     0.379745     0.351336 
1950-1954     91     0.355068     0.381038     0.364817 
1950-1954     92     0.361272     0.420975     0.383369 
1950-1954     93     0.383561     0.450834     0.407609 
1950-1954     94     0.408317     0.545476     0.453820 
1950-1954     95     0.446929     0.454074     0.449291 
1950-1954     96     0.518422     0.584824     0.539843 
1950-1954     97     0.533414     0.668723     0.578258 
1950-1954     98     0.509915     0.641561     0.551606 
1950-1954     99     0.757792     0.920133     0.814155 
1950-1954    100     0.695753     1.022963     0.800173 
1950-1954    101     0.767228     1.217032     0.901129 
1950-1954    102     0.839364     1.580543     1.037487 
1950-1954    103     1.100406     2.687204     1.412587 
1950-1954    104     2.115385     6.000000     2.435294 
1950-1954    105            .            .            . 
1950-1954    106            .            .            . 
1950-1954    107            .            .            . 
1950-1954    108            .            .            . 
1950-1954    109            .            .            . 
1950-1954    110+           .            .            . 
1955-1959      0     0.051370     0.065637     0.058697 
1955-1959      1     0.004226     0.004696     0.004467 
1955-1959      2     0.001640     0.001778     0.001711 
1955-1959      3     0.001046     0.001121     0.001084 
1955-1959      4     0.000762     0.000861     0.000813 
1955-1959      5     0.000587     0.000768     0.000679 
1955-1959      6     0.000519     0.000751     0.000637 
1955-1959      7     0.000506     0.000700     0.000605 
1955-1959      8     0.000376     0.000596     0.000488 
1955-1959      9     0.000396     0.000595     0.000497 
1955-1959     10     0.000393     0.000639     0.000518 
1955-1959     11     0.000410     0.000582     0.000498 
1955-1959     12     0.000417     0.000644     0.000533 
1955-1959     13     0.000486     0.000666     0.000577 
1955-1959     14     0.000515     0.000828     0.000673 
1955-1959     15     0.000564     0.000960     0.000764 
1955-1959     16     0.000638     0.001292     0.000966 
1955-1959     17     0.000725     0.001388     0.001056 
1955-1959     18     0.000681     0.001747     0.001210 
1955-1959     19     0.000861     0.001878     0.001363 
1955-1959     20     0.000894     0.002016     0.001443 
1955-1959     21     0.000919     0.002165     0.001528 
1955-1959     22     0.000973     0.002115     0.001533 
1955-1959     23     0.000928     0.001910     0.001411 
1955-1959     24     0.000976     0.001882     0.001423 
1955-1959     25     0.001057     0.001845     0.001446 
1955-1959     26     0.001087     0.002029     0.001552 
1955-1959     27     0.001148     0.002015     0.001575 
1955-1959     28     0.001279     0.002071     0.001668 
1955-1959     29     0.001215     0.002092     0.001644 
1955-1959     30     0.001283     0.002073     0.001668 
1955-1959     31     0.001422     0.002086     0.001745 
1955-1959     32     0.001437     0.002145     0.001779 
1955-1959     33     0.001514     0.002191     0.001839 
1955-1959     34     0.001720     0.002242     0.001969 
1955-1959     35     0.001769     0.002469     0.002101 
1955-1959     36     0.001789     0.002485     0.002117 
1955-1959     37     0.001941     0.002843     0.002364 
1955-1959     38     0.002120     0.002764     0.002422 
1955-1959     39     0.002297     0.002742     0.002506 
1955-1959     40     0.002467     0.003422     0.002916 
1955-1959     41     0.002485     0.003448     0.002937 
1955-1959     42     0.002728     0.003738     0.003203 
1955-1959     43     0.003019     0.004103     0.003530 
1955-1959     44     0.003212     0.004421     0.003783 
1955-1959     45     0.003560     0.004843     0.004168 
1955-1959     46     0.003795     0.005111     0.004422 
1955-1959     47     0.004117     0.005956     0.004993 
1955-1959     48     0.004157     0.006256     0.005158 
1955-1959     49     0.004818     0.007013     0.005865 
1955-1959     50     0.005250     0.007734     0.006436 
1955-1959     51     0.005592     0.008595     0.007028 
1955-1959     52     0.006184     0.009466     0.007756 
1955-1959     53     0.006734     0.010246     0.008419 
1955-1959     54     0.007499     0.011876     0.009599 
1955-1959     55     0.008173     0.013018     0.010494 
1955-1959     56     0.008534     0.014165     0.011223 
1955-1959     57     0.009797     0.015796     0.012635 
1955-1959     58     0.010564     0.017297     0.013702 
1955-1959     59     0.012243     0.019329     0.015490 
1955-1959     60     0.013410     0.021162     0.016902 
1955-1959     61     0.014405     0.022708     0.018080 
1955-1959     62     0.016793     0.025319     0.020516 
1955-1959     63     0.018046     0.027048     0.021949 
1955-1959     64     0.020654     0.030705     0.024997 
1955-1959     65     0.023356     0.031807     0.027000 
1955-1959     66     0.025535     0.035173     0.029672 
1955-1959     67     0.028263     0.039354     0.033002 
1955-1959     68     0.031685     0.042680     0.036373 
1955-1959     69     0.036008     0.047379     0.040839 
1955-1959     70     0.040125     0.050602     0.044560 
1955-1959     71     0.045069     0.056733     0.050007 
1955-1959     72     0.050404     0.061615     0.055146 
1955-1959     73     0.056405     0.068408     0.061471 
1955-1959     74     0.061981     0.074702     0.067347 
1955-1959     75     0.069867     0.081833     0.074915 
1955-1959     76     0.079078     0.091583     0.084354 
1955-1959     77     0.089092     0.100733     0.094006 
1955-1959     78     0.096292     0.109148     0.101710 
1955-1959     79     0.110055     0.119751     0.114133 
1955-1959     80     0.122931     0.132504     0.126949 
1955-1959     81     0.133368     0.147185     0.139142 
1955-1959     82     0.148085     0.162617     0.154162 
1955-1959     83     0.164357     0.182733     0.172041 
1955-1959     84     0.180915     0.195906     0.187177 
1955-1959     85     0.194236     0.219596     0.204792 
1955-1959     86     0.210004     0.230637     0.218580 
1955-1959     87     0.223753     0.258843     0.238225 
1955-1959     88     0.259672     0.276252     0.266372 
1955-1959     89     0.279263     0.294235     0.285256 
1955-1959     90     0.303233     0.313522     0.307311 
1955-1959     91     0.321569     0.334699     0.326719 
1955-1959     92     0.333717     0.394134     0.356435 
1955-1959     93     0.358406     0.411814     0.377404 
1955-1959     94     0.364503     0.398364     0.376211 
1955-1959     95     0.453906     0.452009     0.453261 
1955-1959     96     0.453150     0.433676     0.446560 
1955-1959     97     0.468224     0.341483     0.425993 
1955-1959     98     0.496176     0.490566     0.494448 
1955-1959     99     0.525474     0.567943     0.537221 
1955-1959    100     0.417476     0.450796     0.425698 
1955-1959    101     0.454972     0.504279     0.463849 
1955-1959    102     0.436113     0.214984     0.412872 
1955-1959    103     0.386516     0.000000     0.366703 
1955-1959    104     0.467298            .     0.467298 
1955-1959    105     0.842975            .     0.842975 
1955-1959    106     2.171779            .     2.171779 
1955-1959    107            .            .            . 
1955-1959    108            .            .            . 
1955-1959    109            .            .            . 
1955-1959    110+           .            .            . 
1960-1964      0     0.040259     0.050296     0.045425 
1960-1964      1     0.003234     0.003493     0.003367 
1960-1964      2     0.001282     0.001345     0.001314 
1960-1964      3     0.000748     0.000935     0.000844 
1960-1964      4     0.000553     0.000654     0.000605 
1960-1964      5     0.000453     0.000554     0.000505 
1960-1964      6     0.000428     0.000535     0.000483 
1960-1964      7     0.000345     0.000553     0.000452 
1960-1964      8     0.000323     0.000502     0.000415 
1960-1964      9     0.000285     0.000471     0.000381 
1960-1964     10     0.000308     0.000491     0.000401 
1960-1964     11     0.000256     0.000477     0.000369 
1960-1964     12     0.000327     0.000505     0.000418 
1960-1964     13     0.000335     0.000587     0.000463 
1960-1964     14     0.000371     0.000670     0.000523 
1960-1964     15     0.000448     0.000763     0.000608 
1960-1964     16     0.000493     0.000978     0.000739 
1960-1964     17     0.000524     0.001185     0.000858 
1960-1964     18     0.000646     0.001283     0.000967 
1960-1964     19     0.000685     0.001532     0.001111 
1960-1964     20     0.000668     0.001615     0.001142 
1960-1964     21     0.000699     0.001465     0.001081 
1960-1964     22     0.000742     0.001594     0.001163 
1960-1964     23     0.000697     0.001580     0.001130 
1960-1964     24     0.000683     0.001514     0.001087 
1960-1964     25     0.000775     0.001573     0.001162 
1960-1964     26     0.000715     0.001641     0.001164 
1960-1964     27     0.000799     0.001655     0.001216 
1960-1964     28     0.000907     0.001635     0.001263 
1960-1964     29     0.000890     0.001710     0.001292 
1960-1964     30     0.000911     0.001690     0.001293 
1960-1964     31     0.001029     0.001856     0.001435 
1960-1964     32     0.001190     0.001966     0.001571 
1960-1964     33     0.001293     0.002111     0.001694 
1960-1964     34     0.001341     0.002078     0.001701 
1960-1964     35     0.001460     0.002214     0.001827 
1960-1964     36     0.001665     0.002481     0.002061 
1960-1964     37     0.001611     0.002486     0.002033 
1960-1964     38     0.001794     0.002708     0.002232 
1960-1964     39     0.001958     0.002863     0.002389 
1960-1964     40     0.002060     0.003014     0.002511 
1960-1964     41     0.002198     0.003192     0.002665 
1960-1964     42     0.002488     0.003406     0.002919 
1960-1964     43     0.002685     0.003648     0.003137 
1960-1964     44     0.002687     0.003611     0.003120 
1960-1964     45     0.003141     0.003980     0.003535 
1960-1964     46     0.003466     0.004832     0.004107 
1960-1964     47     0.003554     0.005263     0.004356 
1960-1964     48     0.004028     0.005894     0.004905 
1960-1964     49     0.004517     0.006246     0.005332 
1960-1964     50     0.004740     0.007077     0.005844 
1960-1964     51     0.004957     0.007836     0.006320 
1960-1964     52     0.005620     0.008246     0.006864 
1960-1964     53     0.006197     0.009396     0.007712 
1960-1964     54     0.006549     0.010757     0.008540 
1960-1964     55     0.007241     0.011831     0.009412 
1960-1964     56     0.007838     0.013290     0.010416 
1960-1964     57     0.008553     0.014865     0.011539 
1960-1964     58     0.009424     0.016722     0.012877 
1960-1964     59     0.010755     0.017992     0.014173 
1960-1964     60     0.011643     0.020392     0.015761 
1960-1964     61     0.013105     0.021835     0.017193 
1960-1964     62     0.014777     0.024309     0.019194 
1960-1964     63     0.016016     0.027120     0.021076 
1960-1964     64     0.018206     0.028870     0.022978 
1960-1964     65     0.020047     0.032138     0.025354 
1960-1964     66     0.022992     0.035217     0.028252 
1960-1964     67     0.025182     0.038111     0.030659 
1960-1964     68     0.028772     0.041838     0.034257 
1960-1964     69     0.033220     0.046040     0.038579 
1960-1964     70     0.036175     0.050761     0.042249 
1960-1964     71     0.041035     0.056122     0.047283 
1960-1964     72     0.046512     0.061328     0.052608 
1960-1964     73     0.052916     0.066974     0.058678 
1960-1964     74     0.058622     0.073800     0.064825 
1960-1964     75     0.065606     0.081446     0.072052 
1960-1964     76     0.073414     0.090795     0.080482 
1960-1964     77     0.082666     0.100710     0.089993 
1960-1964     78     0.093353     0.112427     0.101070 
1960-1964     79     0.102202     0.119615     0.109230 
1960-1964     80     0.112575     0.132572     0.120621 
1960-1964     81     0.124866     0.146505     0.133534 
1960-1964     82     0.141845     0.164181     0.150766 
1960-1964     83     0.156531     0.176184     0.164384 
1960-1964     84     0.176616     0.197933     0.185148 
1960-1964     85     0.192163     0.214526     0.201072 
1960-1964     86     0.207900     0.249043     0.224085 
1960-1964     87     0.228813     0.265379     0.243027 
1960-1964     88     0.250323     0.281327     0.262333 
1960-1964     89     0.271232     0.302925     0.283483 
1960-1964     90     0.275568     0.347208     0.302412 
1960-1964     91     0.320758     0.347763     0.330806 
1960-1964     92     0.346144     0.387606     0.361438 
1960-1964     93     0.357708     0.421947     0.380782 
1960-1964     94     0.402329     0.457304     0.421135 
1960-1964     95     0.456393     0.469771     0.460971 
1960-1964     96     0.394281     0.460219     0.416587 
1960-1964     97     0.495339     0.466019     0.485302 
1960-1964     98     0.442253     0.493095     0.459991 
1960-1964     99     0.812859     0.912918     0.849976 
1960-1964    100     0.754384     0.899915     0.801919 
1960-1964    101     0.909787     1.058182     0.957476 
1960-1964    102     1.281799     1.281857     1.281818 
1960-1964    103     1.790730     2.302003     1.950796 
1960-1964    104     2.841379     6.000000     3.064103 
1960-1964    105     2.563380            .     2.563380 
1960-1964    106     6.000000            .     6.000000 
1960-1964    107            .            .            . 
1960-1964    108            .            .            . 
1960-1964    109            .            .            . 
1960-1964    110+           .            .            . 
1965-1969      0     0.034511     0.042706     0.038734 
1965-1969      1     0.002109     0.002250     0.002181 
1965-1969      2     0.000922     0.001092     0.001009 
1965-1969      3     0.000673     0.000736     0.000706 
1965-1969      4     0.000474     0.000648     0.000563 
1965-1969      5     0.000429     0.000557     0.000495 
1965-1969      6     0.000337     0.000475     0.000408 
1965-1969      7     0.000332     0.000467     0.000401 
1965-1969      8     0.000267     0.000426     0.000349 
1965-1969      9     0.000240     0.000411     0.000328 
1965-1969     10     0.000255     0.000423     0.000341 
1965-1969     11     0.000240     0.000445     0.000346 
1965-1969     12     0.000262     0.000420     0.000343 
1965-1969     13     0.000335     0.000462     0.000400 
1965-1969     14     0.000290     0.000603     0.000450 
1965-1969     15     0.000400     0.000611     0.000508 
1965-1969     16     0.000457     0.000769     0.000616 
1965-1969     17     0.000502     0.000944     0.000727 
1965-1969     18     0.000492     0.001187     0.000845 
1965-1969     19     0.000545     0.001424     0.000992 
1965-1969     20     0.000507     0.001338     0.000929 
1965-1969     21     0.000492     0.001346     0.000925 
1965-1969     22     0.000521     0.001469     0.001000 
1965-1969     23     0.000665     0.001529     0.001101 
1965-1969     24     0.000571     0.001587     0.001082 
1965-1969     25     0.000658     0.001450     0.001054 
1965-1969     26     0.000636     0.001586     0.001108 
1965-1969     27     0.000740     0.001544     0.001137 
1965-1969     28     0.000771     0.001536     0.001146 
1965-1969     29     0.000768     0.001618     0.001182 
1965-1969     30     0.000832     0.001781     0.001293 
1965-1969     31     0.000869     0.001969     0.001403 
1965-1969     32     0.000937     0.001957     0.001434 
1965-1969     33     0.000972     0.002125     0.001536 
1965-1969     34     0.001126     0.002142     0.001624 
1965-1969     35     0.001171     0.002220     0.001686 
1965-1969     36     0.001377     0.002419     0.001888 
1965-1969     37     0.001451     0.002588     0.002009 
1965-1969     38     0.001531     0.002779     0.002141 
1965-1969     39     0.001770     0.003034     0.002386 
1965-1969     40     0.001820     0.003243     0.002511 
1965-1969     41     0.002090     0.003596     0.002820 
1965-1969     42     0.002317     0.003799     0.003031 
1965-1969     43     0.002517     0.004074     0.003262 
1965-1969     44     0.002578     0.004349     0.003420 
1965-1969     45     0.002893     0.004759     0.003774 
1965-1969     46     0.003360     0.004985     0.004122 
1965-1969     47     0.003607     0.005487     0.004487 
1965-1969     48     0.003760     0.006024     0.004820 
1965-1969     49     0.004152     0.006418     0.005213 
1965-1969     50     0.004474     0.006937     0.005627 
1965-1969     51     0.004886     0.007524     0.006119 
1965-1969     52     0.005125     0.008601     0.006749 
1965-1969     53     0.005691     0.009548     0.007494 
1965-1969     54     0.006288     0.010562     0.008287 
1965-1969     55     0.006574     0.011536     0.008898 
1965-1969     56     0.007649     0.013143     0.010224 
1965-1969     57     0.008543     0.014284     0.011231 
1965-1969     58     0.009347     0.016185     0.012540 
1965-1969     59     0.010235     0.017629     0.013678 
1965-1969     60     0.010890     0.020317     0.015270 
1965-1969     61     0.012514     0.022087     0.016950 
1965-1969     62     0.013758     0.024252     0.018614 
1965-1969     63     0.015318     0.027528     0.020957 
1965-1969     64     0.017124     0.030141     0.023108 
1965-1969     65     0.019246     0.033086     0.025572 
1965-1969     66     0.022123     0.036893     0.028822 
1965-1969     67     0.024740     0.039179     0.031207 
1965-1969     68     0.027889     0.044200     0.035056 
1965-1969     69     0.031413     0.048564     0.038792 
1965-1969     70     0.034668     0.054115     0.042847 
1965-1969     71     0.040325     0.059321     0.048138 
1965-1969     72     0.044980     0.064399     0.052829 
1965-1969     73     0.049576     0.071226     0.058223 
1965-1969     74     0.055903     0.076445     0.064046 
1965-1969     75     0.063646     0.084479     0.071868 
1965-1969     76     0.070031     0.092433     0.078816 
1965-1969     77     0.078873     0.101369     0.087628 
1965-1969     78     0.088650     0.112361     0.097828 
1965-1969     79     0.097974     0.122668     0.107451 
1965-1969     80     0.112444     0.136095     0.121466 
1965-1969     81     0.125474     0.150708     0.135086 
1965-1969     82     0.136288     0.164607     0.147018 
1965-1969     83     0.153304     0.180878     0.163689 
1965-1969     84     0.164734     0.196864     0.176777 
1965-1969     85     0.186008     0.215842     0.197152 
1965-1969     86     0.202139     0.231651     0.213094 
1965-1969     87     0.219129     0.248330     0.229885 
1965-1969     88     0.234704     0.267031     0.246557 
1965-1969     89     0.267788     0.309139     0.282842 
1965-1969     90     0.291737     0.307767     0.297558 
1965-1969     91     0.301522     0.343730     0.316687 
1965-1969     92     0.322363     0.380300     0.342808 
1965-1969     93     0.360637     0.419822     0.381395 
1965-1969     94     0.356899     0.442992     0.385660 
1965-1969     95     0.417787     0.486904     0.439682 
1965-1969     96     0.422727     0.495409     0.444778 
1965-1969     97     0.523601     0.560741     0.535188 
1965-1969     98     0.550494     0.624964     0.572634 
1965-1969     99     0.611964     0.593917     0.606672 
1965-1969    100     0.572395     0.714080     0.613791 
1965-1969    101     0.641993     0.910588     0.712811 
1965-1969    102     0.780024     1.285029     0.881447 
1965-1969    103     1.191142     3.064748     1.373773 
1965-1969    104     2.320242            .     2.320242 
1965-1969    105            .            .            . 
1965-1969    106            .            .            . 
1965-1969    107            .            .            . 
1965-1969    108            .            .            . 
1965-1969    109            .            .            . 
1965-1969    110+           .            .            . 
1970-1974      0     0.031725     0.040281     0.036130 
1970-1974      1     0.001461     0.001658     0.001562 
1970-1974      2     0.000768     0.000901     0.000836 
1970-1974      3     0.000571     0.000612     0.000592 
1970-1974      4     0.000387     0.000579     0.000486 
1970-1974      5     0.000359     0.000532     0.000448 
1970-1974      6     0.000380     0.000474     0.000429 
1970-1974      7     0.000300     0.000393     0.000348 
1970-1974      8     0.000278     0.000402     0.000342 
1970-1974      9     0.000253     0.000453     0.000355 
1970-1974     10     0.000269     0.000379     0.000325 
1970-1974     11     0.000246     0.000406     0.000328 
1970-1974     12     0.000309     0.000382     0.000346 
1970-1974     13     0.000237     0.000461     0.000352 
1970-1974     14     0.000307     0.000577     0.000446 
1970-1974     15     0.000385     0.000652     0.000522 
1970-1974     16     0.000397     0.000750     0.000579 
1970-1974     17     0.000401     0.001015     0.000716 
1970-1974     18     0.000529     0.001397     0.000974 
1970-1974     19     0.000481     0.001447     0.000975 
1970-1974     20     0.000475     0.001412     0.000953 
1970-1974     21     0.000534     0.001491     0.001020 
1970-1974     22     0.000488     0.001604     0.001054 
1970-1974     23     0.000557     0.001516     0.001044 
1970-1974     24     0.000544     0.001627     0.001093 
1970-1974     25     0.000580     0.001541     0.001067 
1970-1974     26     0.000575     0.001656     0.001122 
1970-1974     27     0.000729     0.001545     0.001140 
1970-1974     28     0.000784     0.001720     0.001255 
1970-1974     29     0.000788     0.001653     0.001222 
1970-1974     30     0.000823     0.001931     0.001376 
1970-1974     31     0.000862     0.001980     0.001416 
1970-1974     32     0.000955     0.002102     0.001520 
1970-1974     33     0.000991     0.002251     0.001607 
1970-1974     34     0.001094     0.002253     0.001657 
1970-1974     35     0.001185     0.002575     0.001859 
1970-1974     36     0.001424     0.002670     0.002028 
1970-1974     37     0.001486     0.002743     0.002096 
1970-1974     38     0.001649     0.003083     0.002348 
1970-1974     39     0.001803     0.003345     0.002557 
1970-1974     40     0.001968     0.003768     0.002848 
1970-1974     41     0.002105     0.004156     0.003107 
1970-1974     42     0.002361     0.004542     0.003426 
1970-1974     43     0.002621     0.004732     0.003649 
1970-1974     44     0.002831     0.005171     0.003966 
1970-1974     45     0.003064     0.005490     0.004237 
1970-1974     46     0.003363     0.006303     0.004780 
1970-1974     47     0.003561     0.006812     0.005119 
1970-1974     48     0.004135     0.007039     0.005517 
1970-1974     49     0.004285     0.007779     0.005937 
1970-1974     50     0.004755     0.008276     0.006406 
1970-1974     51     0.005263     0.009376     0.007178 
1970-1974     52     0.005679     0.009784     0.007584 
1970-1974     53     0.006202     0.010781     0.008325 
1970-1974     54     0.006615     0.011710     0.008978 
1970-1974     55     0.007050     0.012653     0.009646 
1970-1974     56     0.007638     0.013711     0.010445 
1970-1974     57     0.008741     0.014950     0.011606 
1970-1974     58     0.009135     0.016882     0.012705 
1970-1974     59     0.010699     0.018640     0.014355 
1970-1974     60     0.011198     0.020460     0.015457 
1970-1974     61     0.012640     0.022715     0.017264 
1970-1974     62     0.014138     0.025228     0.019209 
1970-1974     63     0.015775     0.027625     0.021165 
1970-1974     64     0.017081     0.031000     0.023377 
1970-1974     65     0.019174     0.033988     0.025839 
1970-1974     66     0.021141     0.038470     0.028893 
1970-1974     67     0.024013     0.041272     0.031692 
1970-1974     68     0.027259     0.046783     0.035903 
1970-1974     69     0.030007     0.050749     0.039119 
1970-1974     70     0.033882     0.055664     0.043362 
1970-1974     71     0.038112     0.060927     0.047931 
1970-1974     72     0.042804     0.067000     0.053046 
1970-1974     73     0.047742     0.074311     0.058726 
1970-1974     74     0.054886     0.079690     0.064880 
1970-1974     75     0.061144     0.087958     0.071668 
1970-1974     76     0.068676     0.096194     0.079207 
1970-1974     77     0.078621     0.104211     0.088226 
1970-1974     78     0.085156     0.112180     0.095159 
1970-1974     79     0.094685     0.125123     0.105847 
1970-1974     80     0.106062     0.135952     0.116873 
1970-1974     81     0.116329     0.149901     0.128347 
1970-1974     82     0.128799     0.161532     0.140397 
1970-1974     83     0.145393     0.181491     0.158074 
1970-1974     84     0.161882     0.196731     0.174027 
1970-1974     85     0.175263     0.211053     0.187614 
1970-1974     86     0.199725     0.231556     0.210689 
1970-1974     87     0.215366     0.251291     0.227669 
1970-1974     88     0.237833     0.277690     0.251362 
1970-1974     89     0.256863     0.293117     0.269025 
1970-1974     90     0.281215     0.315687     0.292650 
1970-1974     91     0.296761     0.325611     0.306243 
1970-1974     92     0.328125     0.390942     0.348527 
1970-1974     93     0.339190     0.374184     0.350370 
1970-1974     94     0.390232     0.444196     0.407266 
1970-1974     95     0.406751     0.446995     0.419290 
1970-1974     96     0.434120     0.445710     0.437650 
1970-1974     97     0.474142     0.537823     0.492781 
1970-1974     98     0.475457     0.714059     0.537862 
1970-1974     99     0.549555     0.713287     0.588247 
1970-1974    100     0.580560     0.803568     0.627470 
1970-1974    101     0.636064     0.973658     0.698586 
1970-1974    102     0.721982     1.539117     0.830782 
1970-1974    103     0.977450     6.000000     1.089223 
1970-1974    104     1.751825            .     1.751825 
1970-1974    105     6.000000            .     6.000000 
1970-1974    106            .            .            . 
1970-1974    107            .            .            . 
1970-1974    108            .            .            . 
1970-1974    109            .            .            . 
1970-1974    110+           .            .            . 
1975-1979      0     0.024465     0.031032     0.027836 
1975-1979      1     0.001059     0.001227     0.001145 
1975-1979      2     0.000565     0.000725     0.000647 
1975-1979      3     0.000392     0.000471     0.000433 
1975-1979      4     0.000330     0.000442     0.000388 
1975-1979      5     0.000316     0.000470     0.000395 
1975-1979      6     0.000287     0.000380     0.000335 
1975-1979      7     0.000224     0.000420     0.000325 
1975-1979      8     0.000298     0.000339     0.000319 
1975-1979      9     0.000200     0.000352     0.000279 
1975-1979     10     0.000203     0.000326     0.000266 
1975-1979     11     0.000256     0.000353     0.000306 
1975-1979     12     0.000254     0.000385     0.000322 
1975-1979     13     0.000216     0.000442     0.000332 
1975-1979     14     0.000284     0.000622     0.000458 
1975-1979     15     0.000394     0.000585     0.000492 
1975-1979     16     0.000529     0.000771     0.000653 
1975-1979     17     0.000421     0.001113     0.000775 
1975-1979     18     0.000443     0.001207     0.000834 
1975-1979     19     0.000466     0.001466     0.000977 
1975-1979     20     0.000473     0.001444     0.000970 
1975-1979     21     0.000545     0.001370     0.000967 
1975-1979     22     0.000479     0.001375     0.000937 
1975-1979     23     0.000502     0.001306     0.000912 
1975-1979     24     0.000547     0.001381     0.000971 
1975-1979     25     0.000534     0.001444     0.000996 
1975-1979     26     0.000638     0.001546     0.001098 
1975-1979     27     0.000711     0.001537     0.001129 
1975-1979     28     0.000708     0.001583     0.001151 
1975-1979     29     0.000769     0.001718     0.001249 
1975-1979     30     0.000769     0.001970     0.001376 
1975-1979     31     0.000939     0.002107     0.001528 
1975-1979     32     0.000954     0.002115     0.001538 
1975-1979     33     0.001073     0.002421     0.001749 
1975-1979     34     0.001278     0.002554     0.001916 
1975-1979     35     0.001317     0.002749     0.002029 
1975-1979     36     0.001327     0.003008     0.002158 
1975-1979     37     0.001523     0.003335     0.002412 
1975-1979     38     0.001679     0.003619     0.002623 
1975-1979     39     0.001824     0.003970     0.002861 
1975-1979     40     0.002154     0.004207     0.003144 
1975-1979     41     0.002316     0.004506     0.003372 
1975-1979     42     0.002463     0.004860     0.003621 
1975-1979     43     0.002830     0.005565     0.004155 
1975-1979     44     0.002843     0.005865     0.004311 
1975-1979     45     0.003395     0.006755     0.005027 
1975-1979     46     0.003670     0.007123     0.005346 
1975-1979     47     0.003839     0.007990     0.005850 
1975-1979     48     0.004280     0.008398     0.006270 
1975-1979     49     0.004816     0.009370     0.007006 
1975-1979     50     0.004997     0.010262     0.007517 
1975-1979     51     0.005497     0.010818     0.008034 
1975-1979     52     0.006294     0.012074     0.009031 
1975-1979     53     0.006427     0.012715     0.009381 
1975-1979     54     0.007045     0.013624     0.010111 
1975-1979     55     0.007617     0.014700     0.010888 
1975-1979     56     0.008286     0.016169     0.011895 
1975-1979     57     0.009200     0.017748     0.013093 
1975-1979     58     0.010375     0.018714     0.014166 
1975-1979     59     0.010777     0.020798     0.015331 
1975-1979     60     0.011374     0.021882     0.016142 
1975-1979     61     0.012970     0.024147     0.018022 
1975-1979     62     0.014167     0.026959     0.019926 
1975-1979     63     0.015294     0.028983     0.021432 
1975-1979     64     0.017502     0.031846     0.023909 
1975-1979     65     0.018979     0.034902     0.026064 
1975-1979     66     0.021249     0.038437     0.028858 
1975-1979     67     0.023844     0.042456     0.032024 
1975-1979     68     0.026994     0.046534     0.035511 
1975-1979     69     0.030002     0.051963     0.039480 
1975-1979     70     0.033154     0.056709     0.043217 
1975-1979     71     0.037812     0.063555     0.048699 
1975-1979     72     0.041781     0.069334     0.053310 
1975-1979     73     0.047791     0.075011     0.059077 
1975-1979     74     0.053795     0.083296     0.065881 
1975-1979     75     0.059519     0.092330     0.072776 
1975-1979     76     0.067681     0.098847     0.080056 
1975-1979     77     0.074984     0.109260     0.088307 
1975-1979     78     0.083973     0.117676     0.096710 
1975-1979     79     0.093014     0.128288     0.105964 
1975-1979     80     0.104866     0.139752     0.117294 
1975-1979     81     0.114595     0.153155     0.127922 
1975-1979     82     0.128341     0.167785     0.141632 
1975-1979     83     0.143034     0.181869     0.155844 
1975-1979     84     0.157589     0.199206     0.171102 
1975-1979     85     0.173409     0.208795     0.184756 
1975-1979     86     0.191024     0.229913     0.203350 
1975-1979     87     0.212528     0.249097     0.223983 
1975-1979     88     0.234183     0.271995     0.245940 
1975-1979     89     0.259110     0.285485     0.267254 
1975-1979     90     0.270587     0.312588     0.283431 
1975-1979     91     0.308650     0.322853     0.313001 
1975-1979     92     0.317374     0.366166     0.332303 
1975-1979     93     0.335752     0.403521     0.355995 
1975-1979     94     0.397326     0.392541     0.395918 
1975-1979     95     0.413411     0.433453     0.419298 
1975-1979     96     0.414653     0.530189     0.448322 
1975-1979     97     0.432575     0.529216     0.458121 
1975-1979     98     0.445562     0.511073     0.461764 
1975-1979     99     0.462024     0.527162     0.477329 
1975-1979    100     0.535822     0.605870     0.550250 
1975-1979    101     0.569622     0.703464     0.594364 
1975-1979    102     0.612685     0.953938     0.662453 
1975-1979    103     0.691029     1.377961     0.745869 
1975-1979    104     0.920072     6.000000     0.982036 
1975-1979    105     1.475662            .     1.475662 
1975-1979    106     2.250000            .     2.250000 
1975-1979    107            .            .            . 
1975-1979    108            .            .            . 
1975-1979    109            .            .            . 
1975-1979    110+           .            .            . 
1980-1984      0     0.017980     0.022991     0.020544 
1980-1984      1     0.000870     0.001164     0.001020 
1980-1984      2     0.000505     0.000609     0.000558 
1980-1984      3     0.000334     0.000449     0.000393 
1980-1984      4     0.000252     0.000417     0.000337 
1980-1984      5     0.000269     0.000364     0.000318 
1980-1984      6     0.000270     0.000397     0.000335 
1980-1984      7     0.000225     0.000344     0.000286 
1980-1984      8     0.000206     0.000335     0.000272 
1980-1984      9     0.000202     0.000289     0.000247 
1980-1984     10     0.000226     0.000385     0.000308 
1980-1984     11     0.000209     0.000292     0.000252 
1980-1984     12     0.000233     0.000345     0.000291 
1980-1984     13     0.000262     0.000444     0.000356 
1980-1984     14     0.000286     0.000475     0.000383 
1980-1984     15     0.000387     0.000602     0.000498 
1980-1984     16     0.000412     0.000741     0.000581 
1980-1984     17     0.000419     0.001009     0.000723 
1980-1984     18     0.000429     0.001215     0.000833 
1980-1984     19     0.000531     0.001488     0.001022 
1980-1984     20     0.000492     0.001620     0.001069 
1980-1984     21     0.000472     0.001586     0.001040 
1980-1984     22     0.000544     0.001497     0.001030 
1980-1984     23     0.000541     0.001375     0.000965 
1980-1984     24     0.000556     0.001635     0.001105 
1980-1984     25     0.000604     0.001628     0.001125 
1980-1984     26     0.000712     0.001822     0.001277 
1980-1984     27     0.000682     0.001776     0.001237 
1980-1984     28     0.000736     0.001846     0.001298 
1980-1984     29     0.000835     0.001944     0.001396 
1980-1984     30     0.000946     0.002160     0.001559 
1980-1984     31     0.000958     0.002406     0.001688 
1980-1984     32     0.001197     0.002604     0.001906 
1980-1984     33     0.001194     0.002794     0.002000 
1980-1984     34     0.001434     0.003133     0.002289 
1980-1984     35     0.001510     0.003263     0.002391 
1980-1984     36     0.001575     0.003647     0.002614 
1980-1984     37     0.001838     0.004077     0.002958 
1980-1984     38     0.001991     0.004615     0.003299 
1980-1984     39     0.002159     0.005072     0.003605 
1980-1984     40     0.002232     0.005483     0.003838 
1980-1984     41     0.002496     0.005929     0.004180 
1980-1984     42     0.002717     0.006637     0.004625 
1980-1984     43     0.003093     0.007200     0.005075 
1980-1984     44     0.003341     0.008000     0.005574 
1980-1984     45     0.003582     0.008686     0.006020 
1980-1984     46     0.004076     0.009065     0.006459 
1980-1984     47     0.004202     0.009882     0.006919 
1980-1984     48     0.004791     0.010674     0.007609 
1980-1984     49     0.005173     0.011675     0.008293 
1980-1984     50     0.005541     0.012860     0.009052 
1980-1984     51     0.005867     0.013672     0.009600 
1980-1984     52     0.006525     0.015329     0.010724 
1980-1984     53     0.007089     0.016805     0.011704 
1980-1984     54     0.007436     0.017282     0.012084 
1980-1984     55     0.008059     0.019162     0.013266 
1980-1984     56     0.009123     0.020544     0.014451 
1980-1984     57     0.009693     0.022137     0.015449 
1980-1984     58     0.010820     0.023504     0.016626 
1980-1984     59     0.011670     0.024443     0.017462 
1980-1984     60     0.012903     0.027077     0.019261 
1980-1984     61     0.013793     0.029365     0.020704 
1980-1984     62     0.015140     0.032295     0.022697 
1980-1984     63     0.016871     0.033969     0.024372 
1980-1984     64     0.018439     0.036637     0.026396 
1980-1984     65     0.019139     0.037608     0.027187 
1980-1984     66     0.022419     0.041705     0.030775 
1980-1984     67     0.024394     0.045639     0.033532 
1980-1984     68     0.027200     0.049242     0.036608 
1980-1984     69     0.029989     0.055209     0.040670 
1980-1984     70     0.034311     0.058655     0.044538 
1980-1984     71     0.037877     0.064839     0.049100 
1980-1984     72     0.041825     0.071227     0.053915 
1980-1984     73     0.047534     0.078821     0.060213 
1980-1984     74     0.052247     0.085964     0.065701 
1980-1984     75     0.059215     0.095024     0.073275 
1980-1984     76     0.065520     0.104512     0.080554 
1980-1984     77     0.073463     0.110625     0.087567 
1980-1984     78     0.081647     0.120947     0.096344 
1980-1984     79     0.092146     0.132199     0.106861 
1980-1984     80     0.104095     0.145863     0.119151 
1980-1984     81     0.114855     0.157909     0.130050 
1980-1984     82     0.128056     0.170980     0.142818 
1980-1984     83     0.139873     0.184015     0.154554 
1980-1984     84     0.157590     0.200625     0.171440 
1980-1984     85     0.171108     0.217433     0.185496 
1980-1984     86     0.188425     0.227325     0.200106 
1980-1984     87     0.207804     0.256013     0.221934 
1980-1984     88     0.228501     0.269000     0.240079 
1980-1984     89     0.246820     0.295660     0.260510 
1980-1984     90     0.270398     0.305488     0.280079 
1980-1984     91     0.291713     0.344203     0.306119 
1980-1984     92     0.316786     0.363146     0.329405 
1980-1984     93     0.346097     0.374456     0.353768 
1980-1984     94     0.360545     0.436642     0.380915 
1980-1984     95     0.411353     0.444329     0.419949 
1980-1984     96     0.393522     0.467995     0.412800 
1980-1984     97     0.424155     0.523832     0.449588 
1980-1984     98     0.451670     0.509209     0.466005 
1980-1984     99     0.529434     0.629284     0.554412 
1980-1984    100     0.535575     0.553988     0.539796 
1980-1984    101     0.571685     0.602838     0.578610 
1980-1984    102     0.622658     0.735112     0.645204 
1980-1984    103     0.682326     1.263284     0.761614 
1980-1984    104     0.801626     2.082803     0.855647 
1980-1984    105     1.214845            .     1.214845 
1980-1984    106     2.581197            .     2.581197 
1980-1984    107            .            .            . 
1980-1984    108            .            .            . 
1980-1984    109            .            .            . 
1980-1984    110+           .            .            . 
1985-1989      0     0.015796     0.019975     0.017935 
1985-1989      1     0.000747     0.000926     0.000838 
1985-1989      2     0.000498     0.000611     0.000555 
1985-1989      3     0.000319     0.000416     0.000369 
1985-1989      4     0.000368     0.000464     0.000417 
1985-1989      5     0.000294     0.000310     0.000302 
1985-1989      6     0.000247     0.000326     0.000288 
1985-1989      7     0.000218     0.000311     0.000266 
1985-1989      8     0.000160     0.000300     0.000232 
1985-1989      9     0.000182     0.000292     0.000238 
1985-1989     10     0.000160     0.000323     0.000244 
1985-1989     11     0.000201     0.000271     0.000237 
1985-1989     12     0.000160     0.000265     0.000214 
1985-1989     13     0.000210     0.000349     0.000281 
1985-1989     14     0.000270     0.000391     0.000332 
1985-1989     15     0.000304     0.000543     0.000427 
1985-1989     16     0.000343     0.000682     0.000517 
1985-1989     17     0.000454     0.001001     0.000735 
1985-1989     18     0.000452     0.001209     0.000840 
1985-1989     19     0.000410     0.001436     0.000936 
1985-1989     20     0.000441     0.001225     0.000842 
1985-1989     21     0.000506     0.001245     0.000884 
1985-1989     22     0.000523     0.001309     0.000925 
1985-1989     23     0.000508     0.001497     0.001013 
1985-1989     24     0.000559     0.001623     0.001101 
1985-1989     25     0.000585     0.001657     0.001129 
1985-1989     26     0.000611     0.001749     0.001187 
1985-1989     27     0.000695     0.001987     0.001348 
1985-1989     28     0.000831     0.002069     0.001456 
1985-1989     29     0.000806     0.002141     0.001480 
1985-1989     30     0.000996     0.002467     0.001739 
1985-1989     31     0.001132     0.002764     0.001956 
1985-1989     32     0.001267     0.002834     0.002057 
1985-1989     33     0.001282     0.003041     0.002166 
1985-1989     34     0.001375     0.003548     0.002465 
1985-1989     35     0.001542     0.003745     0.002646 
1985-1989     36     0.001827     0.003945     0.002886 
1985-1989     37     0.001784     0.004354     0.003069 
1985-1989     38     0.002125     0.004673     0.003399 
1985-1989     39     0.002210     0.005284     0.003745 
1985-1989     40     0.002370     0.005485     0.003921 
1985-1989     41     0.002526     0.006218     0.004361 
1985-1989     42     0.002749     0.007048     0.004879 
1985-1989     43     0.003105     0.007438     0.005242 
1985-1989     44     0.003458     0.007948     0.005663 
1985-1989     45     0.003653     0.009073     0.006300 
1985-1989     46     0.003903     0.009855     0.006786 
1985-1989     47     0.004235     0.010727     0.007351 
1985-1989     48     0.004623     0.011711     0.007992 
1985-1989     49     0.005053     0.012600     0.008611 
1985-1989     50     0.005471     0.013556     0.009267 
1985-1989     51     0.006036     0.014953     0.010219 
1985-1989     52     0.006419     0.016080     0.010951 
1985-1989     53     0.006787     0.016750     0.011460 
1985-1989     54     0.007655     0.018146     0.012576 
1985-1989     55     0.008332     0.019466     0.013543 
1985-1989     56     0.008956     0.021054     0.014591 
1985-1989     57     0.009754     0.022884     0.015838 
1985-1989     58     0.010525     0.024454     0.016940 
1985-1989     59     0.011527     0.026884     0.018540 
1985-1989     60     0.011994     0.029017     0.019699 
1985-1989     61     0.013434     0.031149     0.021388 
1985-1989     62     0.014851     0.033329     0.023056 
1985-1989     63     0.015721     0.035729     0.024493 
1985-1989     64     0.017723     0.037215     0.026168 
1985-1989     65     0.019545     0.040804     0.028631 
1985-1989     66     0.021599     0.042743     0.030512 
1985-1989     67     0.023943     0.045528     0.032953 
1985-1989     68     0.025945     0.048864     0.035449 
1985-1989     69     0.028961     0.052160     0.038525 
1985-1989     70     0.031971     0.056124     0.041868 
1985-1989     71     0.035910     0.062652     0.046761 
1985-1989     72     0.039646     0.067569     0.050849 
1985-1989     73     0.043917     0.072661     0.055299 
1985-1989     74     0.049692     0.081004     0.061923 
1985-1989     75     0.054431     0.085801     0.066525 
1985-1989     76     0.061597     0.094263     0.074009 
1985-1989     77     0.068332     0.103269     0.081350 
1985-1989     78     0.077092     0.113208     0.090267 
1985-1989     79     0.086167     0.124454     0.099842 
1985-1989     80     0.095813     0.132092     0.108445 
1985-1989     81     0.107931     0.148751     0.121828 
1985-1989     82     0.119821     0.161832     0.133833 
1985-1989     83     0.133884     0.175181     0.147366 
1985-1989     84     0.148886     0.193988     0.163283 
1985-1989     85     0.159688     0.208750     0.174941 
1985-1989     86     0.175833     0.222888     0.190048 
1985-1989     87     0.197856     0.239031     0.209980 
1985-1989     88     0.216399     0.251245     0.226356 
1985-1989     89     0.233366     0.279228     0.246099 
1985-1989     90     0.256848     0.310186     0.271082 
1985-1989     91     0.276294     0.338897     0.292214 
1985-1989     92     0.299881     0.354257     0.313150 
1985-1989     93     0.326539     0.366316     0.335936 
1985-1989     94     0.342695     0.425237     0.361632 
1985-1989     95     0.384019     0.447074     0.398245 
1985-1989     96     0.394119     0.426083     0.401250 
1985-1989     97     0.454545     0.556115     0.476696 
1985-1989     98     0.466438     0.519240     0.477681 
1985-1989     99     0.480419     0.460793     0.476031 
1985-1989    100     0.518400     0.584024     0.532850 
1985-1989    101     0.542712     0.593016     0.553859 
1985-1989    102     0.564233     0.607177     0.573876 
1985-1989    103     0.616758     0.690997     0.632942 
1985-1989    104     0.691259     0.947519     0.736878 
1985-1989    105     0.793309     0.240000     0.723993 
1985-1989    106     1.178855     0.000000     0.771182 
1985-1989    107            .     0.000000     0.000000 
1985-1989    108            .            .            . 
1985-1989    109            .            .            . 
1985-1989    110+           .            .            . 
1990-1994      0     0.012280     0.015312     0.013832 
1990-1994      1     0.000726     0.000837     0.000783 
1990-1994      2     0.000444     0.000560     0.000503 
1990-1994      3     0.000303     0.000429     0.000367 
1990-1994      4     0.000252     0.000351     0.000303 
1990-1994      5     0.000192     0.000262     0.000228 
1990-1994      6     0.000233     0.000249     0.000241 
1990-1994      7     0.000182     0.000312     0.000249 
1990-1994      8     0.000211     0.000325     0.000269 
1990-1994      9     0.000203     0.000239     0.000221 
1990-1994     10     0.000202     0.000305     0.000254 
1990-1994     11     0.000160     0.000197     0.000179 
1990-1994     12     0.000171     0.000207     0.000189 
1990-1994     13     0.000199     0.000339     0.000270 
1990-1994     14     0.000245     0.000383     0.000316 
1990-1994     15     0.000314     0.000500     0.000410 
1990-1994     16     0.000345     0.000654     0.000503 
1990-1994     17     0.000428     0.000886     0.000663 
1990-1994     18     0.000349     0.001024     0.000695 
1990-1994     19     0.000430     0.001263     0.000857 
1990-1994     20     0.000546     0.001293     0.000929 
1990-1994     21     0.000447     0.001308     0.000888 
1990-1994     22     0.000465     0.001413     0.000950 
1990-1994     23     0.000460     0.001561     0.001022 
1990-1994     24     0.000501     0.001394     0.000957 
1990-1994     25     0.000483     0.001472     0.000987 
1990-1994     26     0.000537     0.001724     0.001141 
1990-1994     27     0.000634     0.001880     0.001266 
1990-1994     28     0.000616     0.002040     0.001337 
1990-1994     29     0.000807     0.002281     0.001551 
1990-1994     30     0.000911     0.002421     0.001671 
1990-1994     31     0.001087     0.002867     0.001981 
1990-1994     32     0.001172     0.003216     0.002198 
1990-1994     33     0.001402     0.003483     0.002445 
1990-1994     34     0.001473     0.003810     0.002643 
1990-1994     35     0.001737     0.004304     0.003022 
1990-1994     36     0.001981     0.004784     0.003384 
1990-1994     37     0.002125     0.005422     0.003771 
1990-1994     38     0.002414     0.005944     0.004172 
1990-1994     39     0.002430     0.006434     0.004420 
1990-1994     40     0.002743     0.006773     0.004743 
1990-1994     41     0.002849     0.007751     0.005276 
1990-1994     42     0.003222     0.008509     0.005836 
1990-1994     43     0.003508     0.009113     0.006278 
1990-1994     44     0.003627     0.009807     0.006675 
1990-1994     45     0.004114     0.010617     0.007310 
1990-1994     46     0.004223     0.011572     0.007825 
1990-1994     47     0.004402     0.012248     0.008229 
1990-1994     48     0.004927     0.013312     0.008994 
1990-1994     49     0.005418     0.014236     0.009670 
1990-1994     50     0.005646     0.015753     0.010484 
1990-1994     51     0.006202     0.016752     0.011202 
1990-1994     52     0.006661     0.018317     0.012126 
1990-1994     53     0.007178     0.019719     0.012991 
1990-1994     54     0.007518     0.020620     0.013531 
1990-1994     55     0.008095     0.021938     0.014413 
1990-1994     56     0.009004     0.023443     0.015576 
1990-1994     57     0.009759     0.024877     0.016626 
1990-1994     58     0.010569     0.026849     0.017950 
1990-1994     59     0.010931     0.028022     0.018659 
1990-1994     60     0.012529     0.030154     0.020461 
1990-1994     61     0.013108     0.031919     0.021514 
1990-1994     62     0.014600     0.034478     0.023413 
1990-1994     63     0.015889     0.037234     0.025259 
1990-1994     64     0.016976     0.039472     0.026727 
1990-1994     65     0.018740     0.042036     0.028710 
1990-1994     66     0.020763     0.044467     0.030795 
1990-1994     67     0.022727     0.048247     0.033380 
1990-1994     68     0.024871     0.051318     0.035750 
1990-1994     69     0.027474     0.053863     0.038171 
1990-1994     70     0.030684     0.058934     0.041951 
1990-1994     71     0.034093     0.062654     0.045296 
1990-1994     72     0.036685     0.066667     0.048288 
1990-1994     73     0.040932     0.070795     0.052379 
1990-1994     74     0.046171     0.074469     0.056924 
1990-1994     75     0.050609     0.081073     0.062088 
1990-1994     76     0.056925     0.090537     0.069419 
1990-1994     77     0.063418     0.097433     0.075859 
1990-1994     78     0.072217     0.108547     0.085250 
1990-1994     79     0.079730     0.115097     0.092179 
1990-1994     80     0.088812     0.127002     0.101988 
1990-1994     81     0.099115     0.138713     0.112486 
1990-1994     82     0.110632     0.150018     0.123579 
1990-1994     83     0.124623     0.164645     0.137425 
1990-1994     84     0.136639     0.178116     0.149561 
1990-1994     85     0.151896     0.195584     0.165157 
1990-1994     86     0.167117     0.208213     0.179273 
1990-1994     87     0.184752     0.223774     0.195990 
1990-1994     88     0.198947     0.254714     0.214539 
1990-1994     89     0.224419     0.272383     0.237411 
1990-1994     90     0.242643     0.297022     0.256913 
1990-1994     91     0.271618     0.316187     0.283007 
1990-1994     92     0.293181     0.348979     0.307056 
1990-1994     93     0.324774     0.350481     0.330961 
1990-1994     94     0.332501     0.400046     0.348065 
1990-1994     95     0.386055     0.424061     0.394354 
1990-1994     96     0.399753     0.464716     0.413305 
1990-1994     97     0.413847     0.477274     0.426327 
1990-1994     98     0.480726     0.453003     0.475502 
1990-1994     99     0.440669     0.466309     0.445614 
1990-1994    100     0.519774     0.666667     0.545029 
1990-1994    101     0.463455     0.697674     0.498943 
1990-1994    102     0.738170     0.409091     0.681462 
1990-1994    103     0.628378     0.571429     0.615789 
1990-1994    104     0.509091     0.510638     0.509434 
1990-1994    105     0.720000     0.692308     0.712871 
1990-1994    106     0.461538     0.000000     0.400000 
1990-1994    107     0.562500     0.000000     0.473684 
1990-1994    108     1.636364     6.000000     2.000000 
1990-1994    109            .            .            . 
1990-1994    110+           .            .            . 
1995-1999      0     0.008751     0.010864     0.009837 
1995-1999      1     0.000616     0.000806     0.000714 
1995-1999      2     0.000356     0.000511     0.000435 
1995-1999      3     0.000282     0.000354     0.000319 
1995-1999      4     0.000250     0.000284     0.000267 
1995-1999      5     0.000190     0.000247     0.000219 
1995-1999      6     0.000171     0.000234     0.000203 
1995-1999      7     0.000196     0.000213     0.000204 
1995-1999      8     0.000149     0.000205     0.000178 
1995-1999      9     0.000157     0.000238     0.000199 
1995-1999     10     0.000098     0.000224     0.000162 
1995-1999     11     0.000116     0.000254     0.000186 
1995-1999     12     0.000210     0.000223     0.000217 
1995-1999     13     0.000191     0.000282     0.000237 
1995-1999     14     0.000226     0.000328     0.000278 
1995-1999     15     0.000198     0.000435     0.000319 
1995-1999     16     0.000285     0.000511     0.000401 
1995-1999     17     0.000310     0.000615     0.000466 
1995-1999     18     0.000283     0.000768     0.000532 
1995-1999     19     0.000330     0.000837     0.000590 
1995-1999     20     0.000324     0.000877     0.000607 
1995-1999     21     0.000328     0.000939     0.000640 
1995-1999     22     0.000373     0.001000     0.000693 
1995-1999     23     0.000364     0.001050     0.000715 
1995-1999     24     0.000378     0.001082     0.000738 
1995-1999     25     0.000410     0.001088     0.000756 
1995-1999     26     0.000479     0.001212     0.000853 
1995-1999     27     0.000416     0.001399     0.000916 
1995-1999     28     0.000548     0.001492     0.001028 
1995-1999     29     0.000617     0.001546     0.001089 
1995-1999     30     0.000651     0.001864     0.001266 
1995-1999     31     0.000842     0.001907     0.001380 
1995-1999     32     0.000739     0.002380     0.001567 
1995-1999     33     0.000957     0.002643     0.001805 
1995-1999     34     0.001098     0.003138     0.002121 
1995-1999     35     0.001224     0.003307     0.002265 
1995-1999     36     0.001650     0.003985     0.002813 
1995-1999     37     0.001747     0.004594     0.003163 
1995-1999     38     0.001997     0.005146     0.003560 
1995-1999     39     0.002219     0.005859     0.004023 
1995-1999     40     0.002504     0.006461     0.004463 
1995-1999     41     0.002858     0.007329     0.005069 
1995-1999     42     0.002965     0.008010     0.005453 
1995-1999     43     0.003162     0.008753     0.005909 
1995-1999     44     0.003604     0.009712     0.006597 
1995-1999     45     0.003656     0.010255     0.006881 
1995-1999     46     0.004120     0.011007     0.007474 
1995-1999     47     0.004464     0.012069     0.008159 
1995-1999     48     0.004813     0.012919     0.008744 
1995-1999     49     0.004922     0.013705     0.009167 
1995-1999     50     0.005348     0.014772     0.009880 
1995-1999     51     0.005810     0.016140     0.010754 
1995-1999     52     0.006053     0.016991     0.011254 
1995-1999     53     0.006479     0.017974     0.011902 
1995-1999     54     0.006933     0.019545     0.012835 
1995-1999     55     0.007547     0.020571     0.013585 
1995-1999     56     0.008368     0.021755     0.014502 
1995-1999     57     0.008992     0.023100     0.015374 
1995-1999     58     0.009526     0.025249     0.016543 
1995-1999     59     0.010620     0.026491     0.017618 
1995-1999     60     0.011456     0.028763     0.019029 
1995-1999     61     0.012023     0.030554     0.020089 
1995-1999     62     0.013199     0.032162     0.021414 
1995-1999     63     0.014422     0.034444     0.023061 
1995-1999     64     0.015605     0.036662     0.024647 
1995-1999     65     0.017203     0.038885     0.026442 
1995-1999     66     0.019145     0.042148     0.028847 
1995-1999     67     0.020586     0.044510     0.030556 
1995-1999     68     0.022837     0.048270     0.033288 
1995-1999     69     0.025005     0.051761     0.035811 
1995-1999     70     0.027607     0.056580     0.039105 
1995-1999     71     0.030596     0.061138     0.042527 
1995-1999     72     0.034751     0.064888     0.046316 
1995-1999     73     0.038080     0.069777     0.050023 
1995-1999     74     0.042941     0.073972     0.054433 
1995-1999     75     0.048326     0.080621     0.060058 
1995-1999     76     0.053760     0.084708     0.064797 
1995-1999     77     0.057831     0.091506     0.069652 
1995-1999     78     0.065333     0.098326     0.076772 
1995-1999     79     0.071977     0.104547     0.083138 
1995-1999     80     0.082201     0.117099     0.093976 
1995-1999     81     0.094972     0.131824     0.107201 
1995-1999     82     0.104770     0.137953     0.115563 
1995-1999     83     0.117258     0.155019     0.129279 
1995-1999     84     0.131190     0.164102     0.141433 
1995-1999     85     0.143771     0.182320     0.155503 
1995-1999     86     0.159766     0.196939     0.170772 
1995-1999     87     0.176756     0.213947     0.187449 
1995-1999     88     0.193960     0.239555     0.206621 
1995-1999     89     0.220561     0.258963     0.230840 
1995-1999     90     0.230892     0.282745     0.244361 
1995-1999     91     0.261634     0.302707     0.271902 
1995-1999     92     0.279107     0.326201     0.290517 
1995-1999     93     0.297615     0.372400     0.314815 
1995-1999     94     0.329484     0.373183     0.339140 
1995-1999     95     0.370585     0.436383     0.384644 
1995-1999     96     0.397972     0.414794     0.401427 
1995-1999     97     0.414270     0.463900     0.424515 
1995-1999     98     0.465483     0.523223     0.476865 
1995-1999     99     0.505957     0.490409     0.502977 
1995-1999    100     0.523552     0.385321     0.496727 
1995-1999    101     0.576000     0.549865     0.570818 
1995-1999    102     0.638783     0.662577     0.642857 
1995-1999    103     0.641221     0.642857     0.641509 
1995-1999    104     0.655738     0.285714     0.586667 
1995-1999    105     0.307692     0.171429     0.276316 
1995-1999    106     0.428571     0.500000     0.446809 
1995-1999    107     0.244898     0.600000     0.305085 
1995-1999    108     0.857143     0.857143     0.857143 
1995-1999    109     0.000000     1.200000     0.545455 
1995-1999    110+           .            .            . 
2000-2004      0     0.007230     0.008334     0.007797 
2000-2004      1     0.000490     0.000588     0.000540 
2000-2004      2     0.000278     0.000361     0.000321 
2000-2004      3     0.000207     0.000342     0.000276 
2000-2004      4     0.000157     0.000252     0.000206 
2000-2004      5     0.000177     0.000190     0.000184 
2000-2004      6     0.000143     0.000169     0.000156 
2000-2004      7     0.000137     0.000184     0.000161 
2000-2004      8     0.000129     0.000177     0.000154 
2000-2004      9     0.000132     0.000195     0.000164 
2000-2004     10     0.000136     0.000156     0.000146 
2000-2004     11     0.000120     0.000211     0.000167 
2000-2004     12     0.000186     0.000244     0.000215 
2000-2004     13     0.000148     0.000248     0.000199 
2000-2004     14     0.000153     0.000327     0.000242 
2000-2004     15     0.000173     0.000302     0.000239 
2000-2004     16     0.000241     0.000370     0.000307 
2000-2004     17     0.000247     0.000559     0.000406 
2000-2004     18     0.000296     0.000659     0.000480 
2000-2004     19     0.000293     0.000787     0.000545 
2000-2004     20     0.000292     0.000782     0.000542 
2000-2004     21     0.000224     0.000834     0.000537 
2000-2004     22     0.000308     0.000914     0.000618 
2000-2004     23     0.000280     0.000901     0.000598 
2000-2004     24     0.000349     0.001017     0.000691 
2000-2004     25     0.000351     0.001027     0.000696 
2000-2004     26     0.000338     0.000989     0.000670 
2000-2004     27     0.000348     0.001096     0.000729 
2000-2004     28     0.000406     0.001166     0.000793 
2000-2004     29     0.000469     0.001172     0.000826 
2000-2004     30     0.000501     0.001363     0.000939 
2000-2004     31     0.000513     0.001544     0.001037 
2000-2004     32     0.000685     0.001635     0.001167 
2000-2004     33     0.000687     0.001785     0.001243 
2000-2004     34     0.000796     0.002171     0.001491 
2000-2004     35     0.000958     0.002316     0.001643 
2000-2004     36     0.001015     0.002451     0.001737 
2000-2004     37     0.001300     0.002883     0.002094 
2000-2004     38     0.001458     0.003669     0.002564 
2000-2004     39     0.001695     0.004352     0.003017 
2000-2004     40     0.001886     0.005047     0.003452 
2000-2004     41     0.002456     0.005687     0.004051 
2000-2004     42     0.002475     0.006296     0.004356 
2000-2004     43     0.002861     0.007190     0.004985 
2000-2004     44     0.003085     0.008190     0.005581 
2000-2004     45     0.003399     0.009128     0.006194 
2000-2004     46     0.003741     0.009511     0.006551 
2000-2004     47     0.004142     0.010300     0.007130 
2000-2004     48     0.004734     0.011603     0.008054 
2000-2004     49     0.004899     0.012286     0.008453 
2000-2004     50     0.005128     0.013181     0.008985 
2000-2004     51     0.005462     0.014076     0.009568 
2000-2004     52     0.006035     0.015400     0.010482 
2000-2004     53     0.006157     0.016157     0.010889 
2000-2004     54     0.006533     0.016999     0.011461 
2000-2004     55     0.007054     0.017805     0.012081 
2000-2004     56     0.007508     0.019933     0.013276 
2000-2004     57     0.007999     0.020425     0.013722 
2000-2004     58     0.008651     0.022111     0.014790 
2000-2004     59     0.009101     0.023588     0.015638 
2000-2004     60     0.010056     0.025744     0.017057 
2000-2004     61     0.010465     0.026888     0.017689 
2000-2004     62     0.011510     0.029220     0.019177 
2000-2004     63     0.012807     0.031156     0.020619 
2000-2004     64     0.013861     0.033175     0.021956 
2000-2004     65     0.014934     0.035636     0.023516 
2000-2004     66     0.016068     0.037860     0.025027 
2000-2004     67     0.017829     0.040287     0.027001 
2000-2004     68     0.020120     0.043125     0.029461 
2000-2004     69     0.022024     0.046376     0.031840 
2000-2004     70     0.024168     0.049671     0.034331 
2000-2004     71     0.027060     0.053655     0.037502 
2000-2004     72     0.030394     0.057253     0.040771 
2000-2004     73     0.033506     0.063631     0.044921 
2000-2004     74     0.037740     0.066841     0.048522 
2000-2004     75     0.042791     0.073408     0.053886 
2000-2004     76     0.046473     0.079440     0.058181 
2000-2004     77     0.053025     0.086810     0.064770 
2000-2004     78     0.059408     0.092567     0.070698 
2000-2004     79     0.065650     0.098131     0.076507 
2000-2004     80     0.075853     0.110673     0.087180 
2000-2004     81     0.083078     0.119501     0.094649 
2000-2004     82     0.093395     0.128402     0.104276 
2000-2004     83     0.104396     0.139891     0.115268 
2000-2004     84     0.115045     0.150146     0.125652 
2000-2004     85     0.128726     0.161074     0.138389 
2000-2004     86     0.145262     0.183508     0.156494 
2000-2004     87     0.164020     0.200759     0.174568 
2000-2004     88     0.177979     0.214605     0.188265 
2000-2004     89     0.200885     0.238141     0.211076 
2000-2004     90     0.220158     0.258420     0.230349 
2000-2004     91     0.239023     0.278224     0.249115 
2000-2004     92     0.264216     0.307659     0.274991 
2000-2004     93     0.290855     0.337812     0.302045 
2000-2004     94     0.329380     0.345472     0.333096 
2000-2004     95     0.339196     0.390580     0.350524 
2000-2004     96     0.368832     0.411247     0.377524 
2000-2004     97     0.385269     0.465949     0.401039 
2000-2004     98     0.414144     0.404933     0.412463 
2000-2004     99     0.495776     0.404652     0.478463 
2000-2004    100     0.471417     0.576558     0.492885 
2000-2004    101     0.476099     0.721030     0.520719 
2000-2004    102     0.510079     0.691244     0.539028 
2000-2004    103     0.490435     1.153846     0.569678 
2000-2004    104     0.681388     0.250000     0.624658 
2000-2004    105     0.676056     0.882353     0.715909 
2000-2004    106     0.900000     0.500000     0.785714 
2000-2004    107     0.666667     1.800000     0.972973 
2000-2004    108     0.600000            .     0.600000 
2000-2004    109     1.125000            .     1.125000 
2000-2004    110+    6.000000            .     6.000000 
2005-2009      0     0.005260     0.006313     0.005800 
2005-2009      1     0.000399     0.000503     0.000452 
2005-2009      2     0.000268     0.000282     0.000275 
2005-2009      3     0.000171     0.000234     0.000203 
2005-2009      4     0.000171     0.000166     0.000168 
2005-2009      5     0.000094     0.000134     0.000114 
2005-2009      6     0.000128     0.000166     0.000148 
2005-2009      7     0.000127     0.000125     0.000126 
2005-2009      8     0.000101     0.000156     0.000129 
2005-2009      9     0.000115     0.000145     0.000131 
2005-2009     10     0.000108     0.000114     0.000111 
2005-2009     11     0.000131     0.000168     0.000150 
2005-2009     12     0.000115     0.000176     0.000146 
2005-2009     13     0.000157     0.000235     0.000197 
2005-2009     14     0.000187     0.000290     0.000240 
2005-2009     15     0.000200     0.000333     0.000268 
2005-2009     16     0.000240     0.000395     0.000319 
2005-2009     17     0.000224     0.000544     0.000388 
2005-2009     18     0.000297     0.000681     0.000493 
2005-2009     19     0.000255     0.000748     0.000506 
2005-2009     20     0.000260     0.000711     0.000490 
2005-2009     21     0.000257     0.000769     0.000517 
2005-2009     22     0.000259     0.000759     0.000513 
2005-2009     23     0.000267     0.000738     0.000507 
2005-2009     24     0.000235     0.000818     0.000532 
2005-2009     25     0.000305     0.000817     0.000567 
2005-2009     26     0.000271     0.000930     0.000608 
2005-2009     27     0.000331     0.000928     0.000636 
2005-2009     28     0.000358     0.000959     0.000665 
2005-2009     29     0.000392     0.001060     0.000733 
2005-2009     30     0.000416     0.001164     0.000797 
2005-2009     31     0.000440     0.001237     0.000845 
2005-2009     32     0.000536     0.001209     0.000878 
2005-2009     33     0.000598     0.001382     0.000997 
2005-2009     34     0.000629     0.001566     0.001105 
2005-2009     35     0.000773     0.001721     0.001254 
2005-2009     36     0.000833     0.002083     0.001467 
2005-2009     37     0.001030     0.002278     0.001662 
2005-2009     38     0.001064     0.002493     0.001787 
2005-2009     39     0.001381     0.003067     0.002232 
2005-2009     40     0.001550     0.003461     0.002511 
2005-2009     41     0.001664     0.004042     0.002856 
2005-2009     42     0.002023     0.004801     0.003410 
2005-2009     43     0.002309     0.005666     0.003978 
2005-2009     44     0.002544     0.006313     0.004408 
2005-2009     45     0.003029     0.007372     0.005165 
2005-2009     46     0.003285     0.008273     0.005724 
2005-2009     47     0.003671     0.009551     0.006533 
2005-2009     48     0.004272     0.010799     0.007433 
2005-2009     49     0.004487     0.011189     0.007716 
2005-2009     50     0.004831     0.012592     0.008556 
2005-2009     51     0.005483     0.014166     0.009636 
2005-2009     52     0.005799     0.014675     0.010022 
2005-2009     53     0.006376     0.016274     0.011056 
2005-2009     54     0.006497     0.017006     0.011437 
2005-2009     55     0.006888     0.018016     0.012087 
2005-2009     56     0.007540     0.019469     0.013075 
2005-2009     57     0.007766     0.020526     0.013649 
2005-2009     58     0.008596     0.022007     0.014748 
2005-2009     59     0.008757     0.022807     0.015154 
2005-2009     60     0.009685     0.024491     0.016361 
2005-2009     61     0.010410     0.026465     0.017582 
2005-2009     62     0.011134     0.027984     0.018582 
2005-2009     63     0.011790     0.029726     0.019618 
2005-2009     64     0.013004     0.031386     0.020924 
2005-2009     65     0.013517     0.034034     0.022238 
2005-2009     66     0.015246     0.034967     0.023484 
2005-2009     67     0.016718     0.037479     0.025230 
2005-2009     68     0.017626     0.040430     0.026787 
2005-2009     69     0.020037     0.043396     0.029241 
2005-2009     70     0.022042     0.045688     0.031226 
2005-2009     71     0.024198     0.050761     0.034394 
2005-2009     72     0.026622     0.053874     0.036972 
2005-2009     73     0.029614     0.056963     0.039900 
2005-2009     74     0.033144     0.062239     0.043965 
2005-2009     75     0.037627     0.067162     0.048445 
2005-2009     76     0.041414     0.072007     0.052413 
2005-2009     77     0.047626     0.079904     0.058994 
2005-2009     78     0.053204     0.084623     0.064004 
2005-2009     79     0.060355     0.095040     0.071943 
2005-2009     80     0.068102     0.101242     0.078868 
2005-2009     81     0.077035     0.113264     0.088535 
2005-2009     82     0.087071     0.123573     0.098370 
2005-2009     83     0.097012     0.134260     0.108252 
2005-2009     84     0.108215     0.146466     0.119483 
2005-2009     85     0.122729     0.158680     0.133049 
2005-2009     86     0.135793     0.171945     0.145903 
2005-2009     87     0.148153     0.190814     0.159808 
2005-2009     88     0.165466     0.202225     0.175316 
2005-2009     89     0.181714     0.222975     0.192595 
2005-2009     90     0.200030     0.243087     0.211236 
2005-2009     91     0.225121     0.273690     0.237514 
2005-2009     92     0.260966     0.289043     0.267974 
2005-2009     93     0.275134     0.324780     0.287164 
2005-2009     94     0.302393     0.344715     0.312352 
2005-2009     95     0.322914     0.361094     0.331689 
2005-2009     96     0.367810     0.409414     0.377090 
2005-2009     97     0.375099     0.442397     0.389387 
2005-2009     98     0.407751     0.437243     0.413737 
2005-2009     99     0.434386     0.513042     0.449447 
2005-2009    100     0.483294     0.477245     0.482175 
2005-2009    101     0.513758     0.829776     0.566211 
2005-2009    102     0.581446     0.443251     0.559872 
2005-2009    103     0.632384     0.653061     0.635392 
2005-2009    104     0.557522     0.410959     0.537143 
2005-2009    105     0.628821     0.444444     0.609375 
2005-2009    106     0.396694     1.500000     0.432000 
2005-2009    107     0.290323     0.000000     0.276923 
2005-2009    108     0.206897     1.200000     0.352941 
2005-2009    109     1.285714            .     1.285714 
2005-2009    110+    6.000000            .     6.000000 
2010-2014      0     0.004596     0.005304     0.004960 
2010-2014      1     0.000314     0.000374     0.000345 
2010-2014      2     0.000202     0.000171     0.000186 
2010-2014      3     0.000124     0.000159     0.000142 
2010-2014      4     0.000168     0.000112     0.000139 
2010-2014      5     0.000113     0.000095     0.000104 
2010-2014      6     0.000084     0.000111     0.000098 
2010-2014      7     0.000076     0.000088     0.000082 
2010-2014      8     0.000090     0.000105     0.000097 
2010-2014      9     0.000081     0.000110     0.000096 
2010-2014     10     0.000103     0.000195     0.000150 
2010-2014     11     0.000073     0.000150     0.000112 
2010-2014     12     0.000068     0.000109     0.000089 
2010-2014     13     0.000135     0.000179     0.000158 
2010-2014     14     0.000115     0.000213     0.000165 
2010-2014     15     0.000157     0.000272     0.000216 
2010-2014     16     0.000195     0.000338     0.000269 
2010-2014     17     0.000197     0.000393     0.000297 
2010-2014     18     0.000196     0.000433     0.000317 
2010-2014     19     0.000210     0.000565     0.000392 
2010-2014     20     0.000209     0.000548     0.000383 
2010-2014     21     0.000172     0.000567     0.000375 
2010-2014     22     0.000236     0.000666     0.000457 
2010-2014     23     0.000220     0.000661     0.000446 
2010-2014     24     0.000220     0.000633     0.000432 
2010-2014     25     0.000275     0.000657     0.000471 
2010-2014     26     0.000283     0.000740     0.000517 
2010-2014     27     0.000293     0.000698     0.000500 
2010-2014     28     0.000292     0.000768     0.000535 
2010-2014     29     0.000367     0.000769     0.000572 
2010-2014     30     0.000329     0.000771     0.000554 
2010-2014     31     0.000403     0.000923     0.000667 
2010-2014     32     0.000423     0.000889     0.000659 
2010-2014     33     0.000468     0.001043     0.000759 
2010-2014     34     0.000484     0.001185     0.000840 
2010-2014     35     0.000628     0.001227     0.000932 
2010-2014     36     0.000625     0.001406     0.001022 
2010-2014     37     0.000677     0.001553     0.001121 
2010-2014     38     0.000832     0.001720     0.001282 
2010-2014     39     0.000935     0.001936     0.001442 
2010-2014     40     0.001073     0.002234     0.001660 
2010-2014     41     0.001256     0.002689     0.001980 
2010-2014     42     0.001445     0.002921     0.002189 
2010-2014     43     0.001524     0.003626     0.002581 
2010-2014     44     0.001900     0.004055     0.002981 
2010-2014     45     0.002169     0.004767     0.003467 
2010-2014     46     0.002553     0.005243     0.003892 
2010-2014     47     0.002822     0.006369     0.004581 
2010-2014     48     0.003286     0.007298     0.005265 
2010-2014     49     0.003759     0.008296     0.005986 
2010-2014     50     0.004275     0.009485     0.006814 
2010-2014     51     0.004529     0.010312     0.007326 
2010-2014     52     0.004918     0.011966     0.008305 
2010-2014     53     0.005446     0.013018     0.009063 
2010-2014     54     0.005911     0.014534     0.010004 
2010-2014     55     0.006249     0.015939     0.010822 
2010-2014     56     0.007097     0.016907     0.011705 
2010-2014     57     0.007401     0.018410     0.012534 
2010-2014     58     0.007949     0.019281     0.013190 
2010-2014     59     0.008804     0.020518     0.014180 
2010-2014     60     0.009360     0.022385     0.015289 
2010-2014     61     0.010244     0.023696     0.016310 
2010-2014     62     0.010885     0.025685     0.017502 
2010-2014     63     0.011598     0.027220     0.018534 
2010-2014     64     0.012358     0.028699     0.019545 
2010-2014     65     0.013419     0.030094     0.020666 
2010-2014     66     0.014108     0.032465     0.021996 
2010-2014     67     0.015288     0.033176     0.022881 
2010-2014     68     0.016598     0.035441     0.024481 
2010-2014     69     0.017986     0.037654     0.026094 
2010-2014     70     0.020361     0.041675     0.029000 
2010-2014     71     0.021711     0.043732     0.030435 
2010-2014     72     0.024040     0.048673     0.033562 
2010-2014     73     0.026876     0.051992     0.036325 
2010-2014     74     0.030146     0.056415     0.039781 
2010-2014     75     0.033529     0.060554     0.043248 
2010-2014     76     0.038304     0.066601     0.048303 
2010-2014     77     0.042579     0.072275     0.052912 
2010-2014     78     0.048191     0.079591     0.058974 
2010-2014     79     0.055025     0.084999     0.065159 
2010-2014     80     0.062398     0.094100     0.072907 
2010-2014     81     0.070837     0.102132     0.080944 
2010-2014     82     0.080663     0.112659     0.090747 
2010-2014     83     0.091759     0.123373     0.101438 
2010-2014     84     0.101399     0.135864     0.111594 
2010-2014     85     0.115822     0.150195     0.125636 
2010-2014     86     0.129996     0.164098     0.139431 
2010-2014     87     0.144994     0.175930     0.153356 
2010-2014     88     0.160814     0.189476     0.168413 
2010-2014     89     0.171841     0.203868     0.180165 
2010-2014     90     0.196675     0.227714     0.204540 
2010-2014     91     0.216623     0.235920     0.221365 
2010-2014     92     0.231966     0.270441     0.241199 
2010-2014     93     0.255302     0.285670     0.262395 
2010-2014     94     0.275950     0.333630     0.289122 
2010-2014     95     0.318697     0.356164     0.326967 
2010-2014     96     0.340865     0.365933     0.346294 
2010-2014     97     0.382818     0.402166     0.387016 
2010-2014     98     0.389064     0.415668     0.394571 
2010-2014     99     0.416795     0.474327     0.428382 
2010-2014    100     0.463245     0.406903     0.451884 
2010-2014    101     0.479986     0.487369     0.481419 
2010-2014    102     0.555642     0.476963     0.540052 
2010-2014    103     0.579933     0.459221     0.555278 
2010-2014    104     0.691506     0.494777     0.644620 
2010-2014    105     0.586162     0.508744     0.566989 
2010-2014    106     0.874878     0.739220     0.840598 
2010-2014    107     0.951039     0.674157     0.884956 
2010-2014    108     1.401869     0.000000     1.094891 
2010-2014    109     0.545455     0.000000     0.352941 
2010-2014    110+    1.200000     6.000000     2.000000 
