Lithuania, Death rates (period 1x5)     Last modified: 26-Nov-2014, MPv5 (May07)

   Year      Age       Female       Male         Total
1960-1964      0     0.030663     0.040146     0.035509 
1960-1964      1     0.002665     0.002909     0.002789 
1960-1964      2     0.001306     0.001698     0.001505 
1960-1964      3     0.000992     0.001084     0.001039 
1960-1964      4     0.000788     0.000856     0.000822 
1960-1964      5     0.000821     0.000853     0.000837 
1960-1964      6     0.000625     0.000958     0.000795 
1960-1964      7     0.000524     0.000732     0.000630 
1960-1964      8     0.000477     0.000683     0.000582 
1960-1964      9     0.000491     0.000650     0.000572 
1960-1964     10     0.000530     0.000861     0.000698 
1960-1964     11     0.000498     0.000679     0.000590 
1960-1964     12     0.000477     0.000772     0.000627 
1960-1964     13     0.000392     0.000520     0.000457 
1960-1964     14     0.000479     0.000682     0.000582 
1960-1964     15     0.000464     0.000946     0.000706 
1960-1964     16     0.000629     0.001283     0.000957 
1960-1964     17     0.000564     0.001304     0.000934 
1960-1964     18     0.000686     0.001924     0.001303 
1960-1964     19     0.000806     0.001942     0.001370 
1960-1964     20     0.001063     0.001958     0.001505 
1960-1964     21     0.000878     0.002023     0.001438 
1960-1964     22     0.000793     0.002056     0.001407 
1960-1964     23     0.000916     0.002544     0.001699 
1960-1964     24     0.000924     0.002297     0.001580 
1960-1964     25     0.000974     0.002748     0.001819 
1960-1964     26     0.000878     0.002793     0.001788 
1960-1964     27     0.001012     0.002710     0.001816 
1960-1964     28     0.000998     0.002811     0.001855 
1960-1964     29     0.001171     0.002598     0.001845 
1960-1964     30     0.001416     0.003070     0.002195 
1960-1964     31     0.001106     0.002954     0.001973 
1960-1964     32     0.001267     0.003391     0.002260 
1960-1964     33     0.001363     0.003031     0.002133 
1960-1964     34     0.001485     0.003836     0.002542 
1960-1964     35     0.001496     0.003681     0.002452 
1960-1964     36     0.001875     0.003690     0.002651 
1960-1964     37     0.001672     0.004002     0.002645 
1960-1964     38     0.001805     0.004323     0.002850 
1960-1964     39     0.001875     0.003925     0.002737 
1960-1964     40     0.002605     0.005014     0.003630 
1960-1964     41     0.002161     0.004550     0.003182 
1960-1964     42     0.002575     0.005298     0.003740 
1960-1964     43     0.002405     0.004944     0.003490 
1960-1964     44     0.002444     0.005065     0.003553 
1960-1964     45     0.003449     0.005734     0.004404 
1960-1964     46     0.002970     0.006363     0.004372 
1960-1964     47     0.003108     0.006518     0.004502 
1960-1964     48     0.003479     0.006867     0.004849 
1960-1964     49     0.003673     0.007178     0.005075 
1960-1964     50     0.005347     0.009389     0.006957 
1960-1964     51     0.004610     0.008324     0.006153 
1960-1964     52     0.005082     0.009908     0.007230 
1960-1964     53     0.005100     0.009271     0.007053 
1960-1964     54     0.005530     0.011088     0.008215 
1960-1964     55     0.006432     0.010796     0.008589 
1960-1964     56     0.007207     0.012846     0.009963 
1960-1964     57     0.007329     0.013655     0.010287 
1960-1964     58     0.007876     0.016279     0.011642 
1960-1964     59     0.008226     0.015728     0.011467 
1960-1964     60     0.012296     0.021169     0.016014 
1960-1964     61     0.009829     0.020675     0.014236 
1960-1964     62     0.011854     0.024300     0.016823 
1960-1964     63     0.014227     0.024575     0.018344 
1960-1964     64     0.015691     0.027580     0.020423 
1960-1964     65     0.018140     0.030599     0.023151 
1960-1964     66     0.017033     0.029623     0.022183 
1960-1964     67     0.021294     0.032620     0.025958 
1960-1964     68     0.021756     0.032894     0.026339 
1960-1964     69     0.020790     0.031668     0.025278 
1960-1964     70     0.032687     0.045279     0.037805 
1960-1964     71     0.027242     0.037264     0.031079 
1960-1964     72     0.034236     0.050345     0.040061 
1960-1964     73     0.037082     0.049481     0.041384 
1960-1964     74     0.043451     0.057621     0.048195 
1960-1964     75     0.048735     0.068747     0.055369 
1960-1964     76     0.053795     0.067111     0.058285 
1960-1964     77     0.059068     0.074761     0.064433 
1960-1964     78     0.068801     0.086536     0.074913 
1960-1964     79     0.062929     0.079334     0.068612 
1960-1964     80     0.094374     0.105496     0.098229 
1960-1964     81     0.079437     0.098978     0.086120 
1960-1964     82     0.097859     0.110432     0.102070 
1960-1964     83     0.102811     0.124151     0.109795 
1960-1964     84     0.116629     0.137695     0.123284 
1960-1964     85     0.123934     0.154955     0.133379 
1960-1964     86     0.138218     0.161289     0.145105 
1960-1964     87     0.153062     0.177266     0.160274 
1960-1964     88     0.160814     0.181132     0.166925 
1960-1964     89     0.161806     0.182999     0.168208 
1960-1964     90     0.198135     0.238024     0.209820 
1960-1964     91     0.156023     0.176165     0.161688 
1960-1964     92     0.201936     0.221001     0.207134 
1960-1964     93     0.196523     0.220475     0.202726 
1960-1964     94     0.170957     0.231359     0.185757 
1960-1964     95     0.232620     0.230279     0.232055 
1960-1964     96     0.243152     0.249799     0.244786 
1960-1964     97     0.253184     0.291720     0.262569 
1960-1964     98     0.313070     0.367284     0.325811 
1960-1964     99     0.291693     0.328856     0.300102 
1960-1964    100     0.312377     0.351844     0.321071 
1960-1964    101     0.334248     0.379058     0.343675 
1960-1964    102     0.354708     0.414134     0.366430 
1960-1964    103     0.377742     0.460257     0.392975 
1960-1964    104     0.407288     0.526431     0.427530 
1960-1964    105     0.445663     0.638212     0.474672 
1960-1964    106     0.498083     0.876802     0.543919 
1960-1964    107     0.579334     1.872156     0.659955 
1960-1964    108     0.697438     6.000000     0.714681 
1960-1964    109     0.834146            .     0.834146 
1960-1964    110+    1.123126            .     1.123126 
1965-1969      0     0.019240     0.024927     0.022141 
1965-1969      1     0.002038     0.002394     0.002220 
1965-1969      2     0.001203     0.001668     0.001440 
1965-1969      3     0.000819     0.000938     0.000879 
1965-1969      4     0.000739     0.001001     0.000872 
1965-1969      5     0.000419     0.000649     0.000536 
1965-1969      6     0.000473     0.000682     0.000579 
1965-1969      7     0.000440     0.000658     0.000551 
1965-1969      8     0.000380     0.000793     0.000589 
1965-1969      9     0.000363     0.000589     0.000478 
1965-1969     10     0.000318     0.000581     0.000451 
1965-1969     11     0.000324     0.000561     0.000445 
1965-1969     12     0.000419     0.000514     0.000467 
1965-1969     13     0.000340     0.000576     0.000460 
1965-1969     14     0.000364     0.000617     0.000493 
1965-1969     15     0.000447     0.000850     0.000653 
1965-1969     16     0.000493     0.001102     0.000803 
1965-1969     17     0.000535     0.001407     0.000977 
1965-1969     18     0.000564     0.001557     0.001065 
1965-1969     19     0.000664     0.001804     0.001235 
1965-1969     20     0.000679     0.001714     0.001195 
1965-1969     21     0.000671     0.001408     0.001037 
1965-1969     22     0.000730     0.001930     0.001325 
1965-1969     23     0.000774     0.002277     0.001517 
1965-1969     24     0.000850     0.002730     0.001778 
1965-1969     25     0.000867     0.002916     0.001876 
1965-1969     26     0.000630     0.003005     0.001793 
1965-1969     27     0.000725     0.003007     0.001837 
1965-1969     28     0.000730     0.002949     0.001804 
1965-1969     29     0.000949     0.003064     0.001966 
1965-1969     30     0.000887     0.003302     0.002044 
1965-1969     31     0.000869     0.003333     0.002047 
1965-1969     32     0.000967     0.003234     0.002047 
1965-1969     33     0.001106     0.003372     0.002183 
1965-1969     34     0.001163     0.003596     0.002318 
1965-1969     35     0.001577     0.003948     0.002700 
1965-1969     36     0.001467     0.003680     0.002510 
1965-1969     37     0.001612     0.004144     0.002800 
1965-1969     38     0.001672     0.003926     0.002717 
1965-1969     39     0.001630     0.004238     0.002808 
1965-1969     40     0.001903     0.004831     0.003188 
1965-1969     41     0.002037     0.005128     0.003362 
1965-1969     42     0.002209     0.005247     0.003483 
1965-1969     43     0.002107     0.005508     0.003522 
1965-1969     44     0.002716     0.005523     0.003898 
1965-1969     45     0.002906     0.006237     0.004325 
1965-1969     46     0.003136     0.006688     0.004655 
1965-1969     47     0.003450     0.007328     0.005109 
1965-1969     48     0.003759     0.007833     0.005499 
1965-1969     49     0.004090     0.007790     0.005656 
1965-1969     50     0.004593     0.008812     0.006352 
1965-1969     51     0.004210     0.008841     0.006111 
1965-1969     52     0.005180     0.009840     0.007067 
1965-1969     53     0.004673     0.010456     0.006981 
1965-1969     54     0.005665     0.011964     0.008141 
1965-1969     55     0.005893     0.013232     0.008760 
1965-1969     56     0.005898     0.012191     0.008460 
1965-1969     57     0.007144     0.013424     0.009882 
1965-1969     58     0.007748     0.014487     0.010832 
1965-1969     59     0.008630     0.016264     0.012226 
1965-1969     60     0.010663     0.019606     0.014962 
1965-1969     61     0.010063     0.019108     0.014359 
1965-1969     62     0.011363     0.023694     0.016964 
1965-1969     63     0.012625     0.025369     0.018188 
1965-1969     64     0.013542     0.026578     0.019041 
1965-1969     65     0.015571     0.031234     0.021968 
1965-1969     66     0.017158     0.032395     0.023198 
1965-1969     67     0.018455     0.036124     0.025329 
1965-1969     68     0.022775     0.038961     0.028994 
1965-1969     69     0.023318     0.038735     0.029213 
1965-1969     70     0.030952     0.045452     0.036576 
1965-1969     71     0.028350     0.046144     0.035366 
1965-1969     72     0.035408     0.052039     0.041999 
1965-1969     73     0.036939     0.054599     0.043970 
1965-1969     74     0.042850     0.057747     0.048818 
1965-1969     75     0.048062     0.064787     0.054622 
1965-1969     76     0.051254     0.067758     0.057302 
1965-1969     77     0.054852     0.069335     0.059842 
1965-1969     78     0.066712     0.085002     0.072714 
1965-1969     79     0.069869     0.088991     0.075888 
1965-1969     80     0.083908     0.094823     0.087213 
1965-1969     81     0.079382     0.101017     0.086052 
1965-1969     82     0.092639     0.107540     0.097338 
1965-1969     83     0.100177     0.122070     0.107215 
1965-1969     84     0.107532     0.123006     0.112582 
1965-1969     85     0.118615     0.148553     0.128402 
1965-1969     86     0.136783     0.147207     0.140124 
1965-1969     87     0.143783     0.160415     0.148971 
1965-1969     88     0.155906     0.171890     0.160745 
1965-1969     89     0.169960     0.171211     0.170326 
1965-1969     90     0.176114     0.213294     0.186614 
1965-1969     91     0.181096     0.207730     0.188411 
1965-1969     92     0.196552     0.223883     0.203972 
1965-1969     93     0.204423     0.207982     0.205403 
1965-1969     94     0.206947     0.258827     0.221345 
1965-1969     95     0.250827     0.281906     0.259089 
1965-1969     96     0.257975     0.236092     0.252289 
1965-1969     97     0.254066     0.326443     0.272536 
1965-1969     98     0.258084     0.301793     0.268494 
1965-1969     99     0.298887     0.335484     0.307131 
1965-1969    100     0.309506     0.360254     0.320513 
1965-1969    101     0.321491     0.387179     0.334994 
1965-1969    102     0.338726     0.418044     0.353877 
1965-1969    103     0.357056     0.464847     0.375697 
1965-1969    104     0.375709     0.546819     0.401608 
1965-1969    105     0.389076     0.700809     0.427689 
1965-1969    106     0.402540     0.851455     0.440157 
1965-1969    107     0.428749     1.392650     0.462000 
1965-1969    108     0.476201     0.000000     0.472027 
1965-1969    109     0.594119            .     0.594119 
1965-1969    110+    0.719424            .     0.719424 
1970-1974      0     0.015537     0.020316     0.017976 
1970-1974      1     0.002176     0.001915     0.002043 
1970-1974      2     0.000998     0.001458     0.001232 
1970-1974      3     0.000769     0.000832     0.000801 
1970-1974      4     0.000566     0.000839     0.000705 
1970-1974      5     0.000546     0.000767     0.000658 
1970-1974      6     0.000519     0.000665     0.000593 
1970-1974      7     0.000358     0.000704     0.000534 
1970-1974      8     0.000307     0.000557     0.000435 
1970-1974      9     0.000411     0.000483     0.000448 
1970-1974     10     0.000279     0.000506     0.000394 
1970-1974     11     0.000262     0.000532     0.000399 
1970-1974     12     0.000290     0.000480     0.000387 
1970-1974     13     0.000297     0.000567     0.000435 
1970-1974     14     0.000343     0.000661     0.000506 
1970-1974     15     0.000393     0.000723     0.000562 
1970-1974     16     0.000372     0.001081     0.000733 
1970-1974     17     0.000509     0.001554     0.001041 
1970-1974     18     0.000682     0.001932     0.001319 
1970-1974     19     0.000612     0.001898     0.001269 
1970-1974     20     0.000713     0.001970     0.001353 
1970-1974     21     0.000663     0.002732     0.001710 
1970-1974     22     0.000817     0.003347     0.002090 
1970-1974     23     0.000726     0.003518     0.002123 
1970-1974     24     0.000683     0.003339     0.002003 
1970-1974     25     0.000689     0.003541     0.002097 
1970-1974     26     0.000916     0.003474     0.002175 
1970-1974     27     0.000798     0.003254     0.002004 
1970-1974     28     0.000927     0.003286     0.002083 
1970-1974     29     0.000984     0.003817     0.002374 
1970-1974     30     0.001003     0.003778     0.002364 
1970-1974     31     0.000920     0.003845     0.002349 
1970-1974     32     0.001101     0.003753     0.002391 
1970-1974     33     0.001186     0.003707     0.002405 
1970-1974     34     0.001224     0.004352     0.002727 
1970-1974     35     0.001475     0.004348     0.002850 
1970-1974     36     0.001269     0.004701     0.002907 
1970-1974     37     0.001282     0.004774     0.002942 
1970-1974     38     0.001462     0.004713     0.003003 
1970-1974     39     0.001646     0.005717     0.003573 
1970-1974     40     0.001799     0.005533     0.003563 
1970-1974     41     0.002000     0.005626     0.003705 
1970-1974     42     0.002154     0.005778     0.003851 
1970-1974     43     0.002236     0.006337     0.004133 
1970-1974     44     0.002984     0.006523     0.004578 
1970-1974     45     0.002883     0.007489     0.004899 
1970-1974     46     0.003093     0.007640     0.005035 
1970-1974     47     0.003457     0.008755     0.005668 
1970-1974     48     0.003811     0.008239     0.005641 
1970-1974     49     0.004067     0.009722     0.006424 
1970-1974     50     0.004159     0.009495     0.006400 
1970-1974     51     0.004464     0.010203     0.006880 
1970-1974     52     0.005078     0.011598     0.007823 
1970-1974     53     0.004728     0.011986     0.007779 
1970-1974     54     0.006161     0.012710     0.008888 
1970-1974     55     0.006267     0.013756     0.009334 
1970-1974     56     0.006274     0.015015     0.009794 
1970-1974     57     0.006908     0.015709     0.010400 
1970-1974     58     0.007357     0.016864     0.011072 
1970-1974     59     0.008216     0.018246     0.012076 
1970-1974     60     0.009262     0.020774     0.013659 
1970-1974     61     0.009379     0.021068     0.014022 
1970-1974     62     0.010738     0.022537     0.015742 
1970-1974     63     0.011393     0.024215     0.017070 
1970-1974     64     0.013247     0.025974     0.019017 
1970-1974     65     0.015457     0.027759     0.021123 
1970-1974     66     0.016094     0.031148     0.022940 
1970-1974     67     0.017817     0.033565     0.024688 
1970-1974     68     0.019732     0.038650     0.027672 
1970-1974     69     0.021669     0.042121     0.029931 
1970-1974     70     0.026808     0.044186     0.033558 
1970-1974     71     0.028099     0.049172     0.036067 
1970-1974     72     0.033860     0.056317     0.042203 
1970-1974     73     0.036526     0.057941     0.044339 
1970-1974     74     0.042364     0.058738     0.048286 
1970-1974     75     0.048726     0.070033     0.056521 
1970-1974     76     0.052670     0.073681     0.060511 
1970-1974     77     0.059158     0.075913     0.065509 
1970-1974     78     0.062836     0.083940     0.070882 
1970-1974     79     0.074657     0.088100     0.079800 
1970-1974     80     0.080026     0.092234     0.084447 
1970-1974     81     0.081329     0.097228     0.086761 
1970-1974     82     0.093677     0.105351     0.097409 
1970-1974     83     0.099522     0.122210     0.106336 
1970-1974     84     0.108999     0.132500     0.115703 
1970-1974     85     0.122897     0.135965     0.126571 
1970-1974     86     0.132316     0.144471     0.135813 
1970-1974     87     0.138201     0.160593     0.144827 
1970-1974     88     0.145913     0.162252     0.150856 
1970-1974     89     0.155976     0.186439     0.165350 
1970-1974     90     0.181868     0.190547     0.184540 
1970-1974     91     0.159596     0.192090     0.169323 
1970-1974     92     0.213395     0.222237     0.215958 
1970-1974     93     0.190148     0.223109     0.199482 
1970-1974     94     0.221143     0.200494     0.215482 
1970-1974     95     0.199998     0.224755     0.206585 
1970-1974     96     0.226698     0.231651     0.227983 
1970-1974     97     0.266735     0.221907     0.255110 
1970-1974     98     0.317131     0.319634     0.317786 
1970-1974     99     0.332863     0.326869     0.331297 
1970-1974    100     0.361437     0.351135     0.358828 
1970-1974    101     0.387634     0.379323     0.385615 
1970-1974    102     0.429829     0.419747     0.427488 
1970-1974    103     0.484607     0.481047     0.483837 
1970-1974    104     0.531056     0.586152     0.541746 
1970-1974    105     0.586447     0.796396     0.620268 
1970-1974    106     0.653771     1.181932     0.709957 
1970-1974    107     0.746922     1.596330     0.790610 
1970-1974    108     0.979621     4.094118     1.041823 
1970-1974    109     1.375522            .     1.375522 
1970-1974    110+    2.152174            .     2.152174 
1975-1979      0     0.015386     0.021143     0.018318 
1975-1979      1     0.001756     0.002240     0.002002 
1975-1979      2     0.001077     0.001335     0.001208 
1975-1979      3     0.000707     0.001016     0.000864 
1975-1979      4     0.000546     0.000832     0.000691 
1975-1979      5     0.000527     0.000729     0.000630 
1975-1979      6     0.000538     0.000702     0.000621 
1975-1979      7     0.000439     0.000649     0.000545 
1975-1979      8     0.000439     0.000651     0.000546 
1975-1979      9     0.000291     0.000630     0.000463 
1975-1979     10     0.000350     0.000550     0.000452 
1975-1979     11     0.000311     0.000489     0.000401 
1975-1979     12     0.000234     0.000558     0.000399 
1975-1979     13     0.000273     0.000510     0.000394 
1975-1979     14     0.000287     0.000659     0.000477 
1975-1979     15     0.000352     0.000759     0.000561 
1975-1979     16     0.000404     0.001151     0.000790 
1975-1979     17     0.000483     0.001610     0.001067 
1975-1979     18     0.000651     0.002183     0.001448 
1975-1979     19     0.000613     0.002081     0.001375 
1975-1979     20     0.000621     0.001983     0.001322 
1975-1979     21     0.000605     0.002606     0.001626 
1975-1979     22     0.000481     0.003079     0.001798 
1975-1979     23     0.000571     0.002863     0.001731 
1975-1979     24     0.000819     0.003172     0.002010 
1975-1979     25     0.000747     0.003349     0.002058 
1975-1979     26     0.000677     0.003580     0.002130 
1975-1979     27     0.000847     0.003637     0.002235 
1975-1979     28     0.000830     0.003418     0.002114 
1975-1979     29     0.000828     0.003912     0.002348 
1975-1979     30     0.001000     0.004072     0.002506 
1975-1979     31     0.000918     0.004118     0.002481 
1975-1979     32     0.001066     0.004084     0.002536 
1975-1979     33     0.001307     0.004364     0.002793 
1975-1979     34     0.001240     0.005046     0.003092 
1975-1979     35     0.001442     0.005279     0.003307 
1975-1979     36     0.001473     0.005330     0.003340 
1975-1979     37     0.001568     0.005705     0.003564 
1975-1979     38     0.001476     0.005501     0.003406 
1975-1979     39     0.001625     0.005734     0.003583 
1975-1979     40     0.001811     0.006301     0.003941 
1975-1979     41     0.001979     0.006608     0.004165 
1975-1979     42     0.002465     0.006657     0.004437 
1975-1979     43     0.002367     0.007656     0.004849 
1975-1979     44     0.002727     0.007682     0.005049 
1975-1979     45     0.002771     0.008460     0.005433 
1975-1979     46     0.003343     0.008567     0.005778 
1975-1979     47     0.003720     0.009146     0.006239 
1975-1979     48     0.003913     0.009892     0.006650 
1975-1979     49     0.003984     0.010410     0.006847 
1975-1979     50     0.004535     0.011482     0.007538 
1975-1979     51     0.004867     0.011631     0.007710 
1975-1979     52     0.005303     0.012714     0.008335 
1975-1979     53     0.005805     0.012940     0.008687 
1975-1979     54     0.005808     0.014274     0.009242 
1975-1979     55     0.006034     0.015885     0.010043 
1975-1979     56     0.007028     0.016714     0.010970 
1975-1979     57     0.007540     0.017350     0.011533 
1975-1979     58     0.007887     0.018492     0.012200 
1975-1979     59     0.008634     0.020366     0.013362 
1975-1979     60     0.009693     0.021540     0.014400 
1975-1979     61     0.009962     0.021912     0.014653 
1975-1979     62     0.010573     0.023580     0.015612 
1975-1979     63     0.012659     0.026108     0.017787 
1975-1979     64     0.013181     0.031273     0.019959 
1975-1979     65     0.014677     0.031126     0.020766 
1975-1979     66     0.015821     0.031200     0.021704 
1975-1979     67     0.017398     0.033657     0.023996 
1975-1979     68     0.020161     0.036944     0.027248 
1975-1979     69     0.022584     0.041984     0.030942 
1975-1979     70     0.025386     0.044669     0.033786 
1975-1979     71     0.027054     0.048930     0.036441 
1975-1979     72     0.031261     0.053508     0.040384 
1975-1979     73     0.033534     0.057557     0.042976 
1975-1979     74     0.037998     0.065539     0.048401 
1975-1979     75     0.043977     0.072025     0.054157 
1975-1979     76     0.048020     0.075336     0.057652 
1975-1979     77     0.056690     0.081085     0.065143 
1975-1979     78     0.064048     0.090293     0.073006 
1975-1979     79     0.073229     0.095773     0.080870 
1975-1979     80     0.081702     0.110324     0.091275 
1975-1979     81     0.085887     0.111881     0.094776 
1975-1979     82     0.097107     0.118952     0.104731 
1975-1979     83     0.102599     0.120935     0.109080 
1975-1979     84     0.110385     0.129601     0.117191 
1975-1979     85     0.125910     0.139733     0.130674 
1975-1979     86     0.135800     0.148869     0.140044 
1975-1979     87     0.144309     0.166137     0.150900 
1975-1979     88     0.154097     0.165867     0.157415 
1975-1979     89     0.172769     0.188675     0.177036 
1975-1979     90     0.183385     0.188352     0.184711 
1975-1979     91     0.170578     0.208167     0.180876 
1975-1979     92     0.180134     0.205159     0.187118 
1975-1979     93     0.203050     0.197247     0.201394 
1975-1979     94     0.211938     0.210704     0.211578 
1975-1979     95     0.224722     0.260593     0.235048 
1975-1979     96     0.231098     0.261866     0.239497 
1975-1979     97     0.259390     0.267356     0.261498 
1975-1979     98     0.262703     0.276067     0.266257 
1975-1979     99     0.288797     0.303620     0.292720 
1975-1979    100     0.303931     0.322598     0.308839 
1975-1979    101     0.316404     0.345787     0.324155 
1975-1979    102     0.332645     0.367854     0.341962 
1975-1979    103     0.356576     0.398776     0.367929 
1975-1979    104     0.387670     0.456311     0.406373 
1975-1979    105     0.422332     0.572156     0.461033 
1975-1979    106     0.460081     0.739619     0.522561 
1975-1979    107     0.556063     1.098349     0.648411 
1975-1979    108     0.802338     1.149606     0.844772 
1975-1979    109     1.302806     6.000000     1.489362 
1975-1979    110+           .            .            . 
1980-1984      0     0.012668     0.017006     0.014890 
1980-1984      1     0.001912     0.002168     0.002043 
1980-1984      2     0.000974     0.000951     0.000962 
1980-1984      3     0.000616     0.000996     0.000810 
1980-1984      4     0.000605     0.000783     0.000695 
1980-1984      5     0.000523     0.000600     0.000562 
1980-1984      6     0.000435     0.000734     0.000587 
1980-1984      7     0.000400     0.000743     0.000573 
1980-1984      8     0.000357     0.000674     0.000517 
1980-1984      9     0.000383     0.000612     0.000499 
1980-1984     10     0.000275     0.000552     0.000416 
1980-1984     11     0.000303     0.000595     0.000452 
1980-1984     12     0.000281     0.000474     0.000379 
1980-1984     13     0.000334     0.000611     0.000476 
1980-1984     14     0.000321     0.000636     0.000482 
1980-1984     15     0.000336     0.000867     0.000607 
1980-1984     16     0.000554     0.001113     0.000839 
1980-1984     17     0.000560     0.001812     0.001200 
1980-1984     18     0.000597     0.002281     0.001459 
1980-1984     19     0.000521     0.002271     0.001417 
1980-1984     20     0.000601     0.002073     0.001358 
1980-1984     21     0.000677     0.002072     0.001397 
1980-1984     22     0.000555     0.002968     0.001798 
1980-1984     23     0.000725     0.002810     0.001796 
1980-1984     24     0.000645     0.003122     0.001908 
1980-1984     25     0.000700     0.002986     0.001858 
1980-1984     26     0.000643     0.003213     0.001939 
1980-1984     27     0.000783     0.003451     0.002123 
1980-1984     28     0.000783     0.003676     0.002231 
1980-1984     29     0.000824     0.004122     0.002472 
1980-1984     30     0.001028     0.004074     0.002544 
1980-1984     31     0.000958     0.004145     0.002535 
1980-1984     32     0.001081     0.004615     0.002821 
1980-1984     33     0.000975     0.004829     0.002865 
1980-1984     34     0.001269     0.005031     0.003103 
1980-1984     35     0.001608     0.005364     0.003430 
1980-1984     36     0.001646     0.005648     0.003583 
1980-1984     37     0.001779     0.006204     0.003914 
1980-1984     38     0.001956     0.006277     0.004036 
1980-1984     39     0.002238     0.006189     0.004141 
1980-1984     40     0.001990     0.007873     0.004819 
1980-1984     41     0.002176     0.007579     0.004765 
1980-1984     42     0.002644     0.007615     0.005016 
1980-1984     43     0.002665     0.008376     0.005372 
1980-1984     44     0.002336     0.008676     0.005321 
1980-1984     45     0.002916     0.009310     0.005910 
1980-1984     46     0.003212     0.009342     0.006069 
1980-1984     47     0.003675     0.010301     0.006751 
1980-1984     48     0.004031     0.010870     0.007196 
1980-1984     49     0.004412     0.011770     0.007806 
1980-1984     50     0.004613     0.012866     0.008407 
1980-1984     51     0.005239     0.013659     0.009089 
1980-1984     52     0.004989     0.014453     0.009288 
1980-1984     53     0.006064     0.014919     0.010025 
1980-1984     54     0.005616     0.015169     0.009768 
1980-1984     55     0.006467     0.016385     0.010646 
1980-1984     56     0.007100     0.017614     0.011403 
1980-1984     57     0.008554     0.019285     0.012819 
1980-1984     58     0.007989     0.019487     0.012490 
1980-1984     59     0.008715     0.022022     0.013934 
1980-1984     60     0.009991     0.023326     0.015239 
1980-1984     61     0.010438     0.025970     0.016541 
1980-1984     62     0.011679     0.026770     0.017594 
1980-1984     63     0.012848     0.029445     0.019334 
1980-1984     64     0.013940     0.027625     0.019237 
1980-1984     65     0.014950     0.031586     0.021299 
1980-1984     66     0.015879     0.033771     0.022609 
1980-1984     67     0.017146     0.036787     0.024409 
1980-1984     68     0.020430     0.039200     0.027239 
1980-1984     69     0.022298     0.042032     0.029311 
1980-1984     70     0.025411     0.045187     0.032333 
1980-1984     71     0.026520     0.050640     0.035192 
1980-1984     72     0.030244     0.051693     0.038402 
1980-1984     73     0.033485     0.059691     0.043852 
1980-1984     74     0.037953     0.062615     0.047901 
1980-1984     75     0.042953     0.066473     0.052570 
1980-1984     76     0.049413     0.074675     0.059565 
1980-1984     77     0.052695     0.080237     0.063188 
1980-1984     78     0.059904     0.084866     0.068974 
1980-1984     79     0.065667     0.101063     0.077990 
1980-1984     80     0.077943     0.106498     0.087557 
1980-1984     81     0.085895     0.115296     0.095383 
1980-1984     82     0.092005     0.124389     0.102118 
1980-1984     83     0.101291     0.133929     0.111223 
1980-1984     84     0.119201     0.147740     0.127751 
1980-1984     85     0.123698     0.150104     0.131701 
1980-1984     86     0.135725     0.163910     0.144574 
1980-1984     87     0.147663     0.165299     0.153387 
1980-1984     88     0.157338     0.173032     0.162548 
1980-1984     89     0.172567     0.184618     0.176604 
1980-1984     90     0.180911     0.208083     0.189760 
1980-1984     91     0.178539     0.200203     0.185116 
1980-1984     92     0.193194     0.237037     0.205407 
1980-1984     93     0.202818     0.240128     0.212370 
1980-1984     94     0.222566     0.224784     0.223108 
1980-1984     95     0.226523     0.265174     0.236088 
1980-1984     96     0.235282     0.216703     0.230458 
1980-1984     97     0.256042     0.337294     0.277567 
1980-1984     98     0.253978     0.284873     0.262007 
1980-1984     99     0.291649     0.326212     0.300655 
1980-1984    100     0.308351     0.349214     0.318904 
1980-1984    101     0.324493     0.375958     0.337358 
1980-1984    102     0.336699     0.404935     0.353257 
1980-1984    103     0.349479     0.444551     0.372049 
1980-1984    104     0.372519     0.499548     0.401327 
1980-1984    105     0.412464     0.577631     0.447915 
1980-1984    106     0.463289     0.720821     0.514911 
1980-1984    107     0.523636     1.066287     0.615290 
1980-1984    108     0.664805     2.239845     0.795134 
1980-1984    109     1.029693            .     1.029693 
1980-1984    110+    2.254054            .     2.254054 
1985-1989      0     0.010625     0.013501     0.012098 
1985-1989      1     0.001505     0.001607     0.001557 
1985-1989      2     0.000820     0.001074     0.000950 
1985-1989      3     0.000564     0.000741     0.000654 
1985-1989      4     0.000474     0.000667     0.000573 
1985-1989      5     0.000410     0.000451     0.000431 
1985-1989      6     0.000410     0.000593     0.000503 
1985-1989      7     0.000323     0.000542     0.000434 
1985-1989      8     0.000316     0.000611     0.000466 
1985-1989      9     0.000277     0.000658     0.000470 
1985-1989     10     0.000316     0.000481     0.000399 
1985-1989     11     0.000239     0.000511     0.000376 
1985-1989     12     0.000344     0.000432     0.000388 
1985-1989     13     0.000271     0.000469     0.000372 
1985-1989     14     0.000283     0.000617     0.000453 
1985-1989     15     0.000377     0.000617     0.000500 
1985-1989     16     0.000486     0.001060     0.000782 
1985-1989     17     0.000554     0.001526     0.001055 
1985-1989     18     0.000580     0.001887     0.001255 
1985-1989     19     0.000539     0.001425     0.000996 
1985-1989     20     0.000439     0.001169     0.000814 
1985-1989     21     0.000586     0.002117     0.001372 
1985-1989     22     0.000682     0.001971     0.001344 
1985-1989     23     0.000559     0.002461     0.001533 
1985-1989     24     0.000610     0.002248     0.001446 
1985-1989     25     0.000649     0.002119     0.001397 
1985-1989     26     0.000587     0.002305     0.001458 
1985-1989     27     0.000714     0.002572     0.001653 
1985-1989     28     0.000793     0.002561     0.001681 
1985-1989     29     0.000682     0.002657     0.001668 
1985-1989     30     0.000827     0.002817     0.001819 
1985-1989     31     0.000886     0.002776     0.001827 
1985-1989     32     0.000876     0.003409     0.002134 
1985-1989     33     0.001069     0.003652     0.002349 
1985-1989     34     0.001139     0.003889     0.002497 
1985-1989     35     0.001295     0.004103     0.002676 
1985-1989     36     0.001381     0.004163     0.002741 
1985-1989     37     0.001269     0.004625     0.002902 
1985-1989     38     0.001472     0.004708     0.003040 
1985-1989     39     0.001919     0.005484     0.003637 
1985-1989     40     0.002015     0.005429     0.003654 
1985-1989     41     0.002006     0.006368     0.004096 
1985-1989     42     0.002399     0.006642     0.004424 
1985-1989     43     0.002505     0.007471     0.004868 
1985-1989     44     0.002844     0.007382     0.005004 
1985-1989     45     0.002831     0.008202     0.005380 
1985-1989     46     0.003261     0.009110     0.006027 
1985-1989     47     0.003063     0.010010     0.006332 
1985-1989     48     0.003632     0.008897     0.006091 
1985-1989     49     0.003820     0.011121     0.007206 
1985-1989     50     0.004269     0.011253     0.007487 
1985-1989     51     0.004309     0.012098     0.007877 
1985-1989     52     0.004998     0.013022     0.008654 
1985-1989     53     0.005021     0.014845     0.009468 
1985-1989     54     0.005742     0.014847     0.009835 
1985-1989     55     0.006356     0.015922     0.010631 
1985-1989     56     0.007135     0.016800     0.011421 
1985-1989     57     0.007345     0.018769     0.012368 
1985-1989     58     0.007859     0.019360     0.012834 
1985-1989     59     0.008220     0.021277     0.013703 
1985-1989     60     0.009160     0.022168     0.014449 
1985-1989     61     0.009775     0.024555     0.015611 
1985-1989     62     0.011043     0.026727     0.017053 
1985-1989     63     0.012213     0.028144     0.018208 
1985-1989     64     0.014133     0.030458     0.020272 
1985-1989     65     0.014838     0.031554     0.021140 
1985-1989     66     0.017101     0.035821     0.024136 
1985-1989     67     0.018119     0.037940     0.025523 
1985-1989     68     0.019853     0.042165     0.028125 
1985-1989     69     0.022209     0.042933     0.029783 
1985-1989     70     0.024823     0.047483     0.032950 
1985-1989     71     0.028876     0.050076     0.036342 
1985-1989     72     0.030276     0.053683     0.038361 
1985-1989     73     0.033898     0.059475     0.042527 
1985-1989     74     0.037464     0.063626     0.046062 
1985-1989     75     0.043562     0.069953     0.052048 
1985-1989     76     0.048203     0.073519     0.056571 
1985-1989     77     0.054160     0.080000     0.063258 
1985-1989     78     0.062062     0.086046     0.070893 
1985-1989     79     0.065868     0.092198     0.075778 
1985-1989     80     0.075886     0.104246     0.086717 
1985-1989     81     0.086524     0.114456     0.096982 
1985-1989     82     0.095248     0.121094     0.104457 
1985-1989     83     0.107145     0.128727     0.114424 
1985-1989     84     0.117893     0.150027     0.128214 
1985-1989     85     0.134239     0.159469     0.141958 
1985-1989     86     0.144360     0.178974     0.154460 
1985-1989     87     0.151108     0.189441     0.161838 
1985-1989     88     0.170492     0.188808     0.175504 
1985-1989     89     0.176548     0.213689     0.186632 
1985-1989     90     0.186855     0.198889     0.190185 
1985-1989     91     0.214398     0.241145     0.222196 
1985-1989     92     0.222954     0.258796     0.233805 
1985-1989     93     0.236927     0.259177     0.243781 
1985-1989     94     0.226523     0.278332     0.242433 
1985-1989     95     0.247829     0.279539     0.257094 
1985-1989     96     0.259795     0.297941     0.270002 
1985-1989     97     0.277020     0.272818     0.275981 
1985-1989     98     0.282344     0.316811     0.290452 
1985-1989     99     0.313737     0.323807     0.316007 
1985-1989    100     0.328181     0.336757     0.330101 
1985-1989    101     0.343395     0.347254     0.344268 
1985-1989    102     0.360864     0.355509     0.359658 
1985-1989    103     0.378569     0.365085     0.375594 
1985-1989    104     0.394688     0.386974     0.393041 
1985-1989    105     0.408887     0.435416     0.414078 
1985-1989    106     0.428014     0.532518     0.444920 
1985-1989    107     0.457673     0.806738     0.497062 
1985-1989    108     0.497714     1.822785     0.550245 
1985-1989    109     0.560964            .     0.560964 
1985-1989    110+    0.846126            .     0.846126 
1990-1994      0     0.012393     0.015379     0.013922 
1990-1994      1     0.000892     0.001394     0.001149 
1990-1994      2     0.000641     0.001045     0.000848 
1990-1994      3     0.000508     0.000778     0.000646 
1990-1994      4     0.000415     0.000584     0.000501 
1990-1994      5     0.000424     0.000579     0.000503 
1990-1994      6     0.000358     0.000561     0.000462 
1990-1994      7     0.000367     0.000633     0.000502 
1990-1994      8     0.000295     0.000626     0.000463 
1990-1994      9     0.000243     0.000627     0.000438 
1990-1994     10     0.000278     0.000509     0.000396 
1990-1994     11     0.000315     0.000454     0.000385 
1990-1994     12     0.000257     0.000385     0.000322 
1990-1994     13     0.000281     0.000455     0.000370 
1990-1994     14     0.000305     0.000640     0.000475 
1990-1994     15     0.000461     0.000758     0.000611 
1990-1994     16     0.000545     0.000977     0.000763 
1990-1994     17     0.000585     0.001514     0.001055 
1990-1994     18     0.000568     0.002039     0.001313 
1990-1994     19     0.000589     0.002181     0.001399 
1990-1994     20     0.000525     0.002531     0.001555 
1990-1994     21     0.000545     0.002524     0.001565 
1990-1994     22     0.000501     0.002525     0.001545 
1990-1994     23     0.000615     0.002719     0.001702 
1990-1994     24     0.000693     0.002828     0.001795 
1990-1994     25     0.000630     0.003109     0.001904 
1990-1994     26     0.000687     0.002838     0.001791 
1990-1994     27     0.000689     0.003216     0.001985 
1990-1994     28     0.000623     0.003180     0.001929 
1990-1994     29     0.000827     0.003555     0.002212 
1990-1994     30     0.000801     0.003850     0.002338 
1990-1994     31     0.000985     0.004090     0.002539 
1990-1994     32     0.000984     0.004333     0.002653 
1990-1994     33     0.001105     0.004405     0.002744 
1990-1994     34     0.001186     0.005029     0.003086 
1990-1994     35     0.001284     0.005380     0.003306 
1990-1994     36     0.001503     0.005846     0.003644 
1990-1994     37     0.001567     0.006214     0.003850 
1990-1994     38     0.001886     0.007275     0.004523 
1990-1994     39     0.002270     0.007147     0.004649 
1990-1994     40     0.002363     0.007509     0.004859 
1990-1994     41     0.002724     0.008248     0.005385 
1990-1994     42     0.002812     0.009052     0.005802 
1990-1994     43     0.002905     0.009950     0.006267 
1990-1994     44     0.003250     0.010970     0.006912 
1990-1994     45     0.003970     0.011623     0.007583 
1990-1994     46     0.004165     0.011422     0.007581 
1990-1994     47     0.004333     0.013321     0.008544 
1990-1994     48     0.004129     0.014262     0.008860 
1990-1994     49     0.004775     0.014508     0.009315 
1990-1994     50     0.005173     0.016392     0.010389 
1990-1994     51     0.005081     0.016418     0.010323 
1990-1994     52     0.005313     0.016931     0.010654 
1990-1994     53     0.006137     0.018043     0.011564 
1990-1994     54     0.005684     0.018767     0.011595 
1990-1994     55     0.007193     0.019988     0.012928 
1990-1994     56     0.007633     0.021595     0.013844 
1990-1994     57     0.008043     0.023265     0.014763 
1990-1994     58     0.008970     0.025183     0.016064 
1990-1994     59     0.009229     0.025847     0.016434 
1990-1994     60     0.010429     0.027952     0.017952 
1990-1994     61     0.011422     0.030106     0.019353 
1990-1994     62     0.011613     0.032559     0.020406 
1990-1994     63     0.012682     0.032988     0.021055 
1990-1994     64     0.013758     0.034854     0.022182 
1990-1994     65     0.015560     0.037595     0.024054 
1990-1994     66     0.017290     0.038714     0.025288 
1990-1994     67     0.018510     0.043013     0.027367 
1990-1994     68     0.020525     0.045268     0.029285 
1990-1994     69     0.022044     0.046760     0.030766 
1990-1994     70     0.026593     0.050997     0.035207 
1990-1994     71     0.028126     0.056168     0.037954 
1990-1994     72     0.031353     0.058903     0.040911 
1990-1994     73     0.032646     0.067680     0.044654 
1990-1994     74     0.037596     0.066530     0.047343 
1990-1994     75     0.041452     0.073053     0.051859 
1990-1994     76     0.048925     0.078711     0.058540 
1990-1994     77     0.052095     0.086021     0.062785 
1990-1994     78     0.059329     0.088628     0.068301 
1990-1994     79     0.066389     0.102124     0.077016 
1990-1994     80     0.077415     0.104378     0.085364 
1990-1994     81     0.086841     0.121336     0.097343 
1990-1994     82     0.095714     0.130918     0.107086 
1990-1994     83     0.103660     0.140132     0.115990 
1990-1994     84     0.120150     0.144888     0.128726 
1990-1994     85     0.133307     0.159076     0.142336 
1990-1994     86     0.146555     0.175710     0.156574 
1990-1994     87     0.159814     0.192054     0.170290 
1990-1994     88     0.173945     0.195620     0.180547 
1990-1994     89     0.191005     0.221905     0.199939 
1990-1994     90     0.208167     0.223912     0.212518 
1990-1994     91     0.217512     0.251175     0.226403 
1990-1994     92     0.237688     0.255411     0.242172 
1990-1994     93     0.259734     0.285603     0.266105 
1990-1994     94     0.268821     0.277223     0.270864 
1990-1994     95     0.273196     0.296327     0.278982 
1990-1994     96     0.254535     0.291789     0.264405 
1990-1994     97     0.268867     0.306828     0.279249 
1990-1994     98     0.285701     0.348158     0.302565 
1990-1994     99     0.390223     0.401959     0.393356 
1990-1994    100     0.418213     0.433765     0.422314 
1990-1994    101     0.451717     0.467779     0.455820 
1990-1994    102     0.492966     0.509336     0.497085 
1990-1994    103     0.540255     0.553797     0.543666 
1990-1994    104     0.585425     0.583895     0.585034 
1990-1994    105     0.628588     0.596980     0.620047 
1990-1994    106     0.683741     0.632825     0.669003 
1990-1994    107     0.756502     0.721911     0.746167 
1990-1994    108     0.857523     0.908386     0.872079 
1990-1994    109     1.037163     1.440758     1.122678 
1990-1994    110+    1.826822     2.766839     1.894619 
1995-1999      0     0.009126     0.011160     0.010171 
1995-1999      1     0.000846     0.000979     0.000914 
1995-1999      2     0.000700     0.000777     0.000739 
1995-1999      3     0.000599     0.000537     0.000567 
1995-1999      4     0.000358     0.000569     0.000466 
1995-1999      5     0.000381     0.000471     0.000427 
1995-1999      6     0.000257     0.000365     0.000312 
1995-1999      7     0.000259     0.000430     0.000346 
1995-1999      8     0.000299     0.000423     0.000363 
1995-1999      9     0.000148     0.000305     0.000228 
1995-1999     10     0.000233     0.000296     0.000265 
1995-1999     11     0.000174     0.000398     0.000288 
1995-1999     12     0.000269     0.000379     0.000325 
1995-1999     13     0.000238     0.000424     0.000333 
1995-1999     14     0.000358     0.000457     0.000408 
1995-1999     15     0.000343     0.000549     0.000448 
1995-1999     16     0.000406     0.000900     0.000657 
1995-1999     17     0.000509     0.001346     0.000934 
1995-1999     18     0.000570     0.001728     0.001158 
1995-1999     19     0.000604     0.002006     0.001314 
1995-1999     20     0.000540     0.002725     0.001643 
1995-1999     21     0.000589     0.002571     0.001587 
1995-1999     22     0.000639     0.002607     0.001630 
1995-1999     23     0.000692     0.002832     0.001770 
1995-1999     24     0.000594     0.002863     0.001742 
1995-1999     25     0.000657     0.003010     0.001856 
1995-1999     26     0.000599     0.003089     0.001869 
1995-1999     27     0.000719     0.002997     0.001876 
1995-1999     28     0.000819     0.003312     0.002083 
1995-1999     29     0.000805     0.003578     0.002208 
1995-1999     30     0.000861     0.003631     0.002257 
1995-1999     31     0.000902     0.004088     0.002506 
1995-1999     32     0.000940     0.003926     0.002442 
1995-1999     33     0.001156     0.004343     0.002753 
1995-1999     34     0.001158     0.004646     0.002898 
1995-1999     35     0.001352     0.004958     0.003140 
1995-1999     36     0.001621     0.005009     0.003289 
1995-1999     37     0.001721     0.005893     0.003765 
1995-1999     38     0.001765     0.006356     0.004005 
1995-1999     39     0.002094     0.006158     0.004070 
1995-1999     40     0.002060     0.007984     0.004933 
1995-1999     41     0.002396     0.008209     0.005209 
1995-1999     42     0.002811     0.008689     0.005643 
1995-1999     43     0.003158     0.009388     0.006147 
1995-1999     44     0.003041     0.010020     0.006379 
1995-1999     45     0.003450     0.011778     0.007412 
1995-1999     46     0.003675     0.012011     0.007610 
1995-1999     47     0.004169     0.013171     0.008393 
1995-1999     48     0.004590     0.012998     0.008514 
1995-1999     49     0.004856     0.014836     0.009479 
1995-1999     50     0.004945     0.016808     0.010404 
1995-1999     51     0.005318     0.016690     0.010525 
1995-1999     52     0.005595     0.017242     0.010888 
1995-1999     53     0.006416     0.018375     0.011826 
1995-1999     54     0.006372     0.019494     0.012289 
1995-1999     55     0.006966     0.020993     0.013251 
1995-1999     56     0.007350     0.020612     0.013243 
1995-1999     57     0.007758     0.022936     0.014447 
1995-1999     58     0.008228     0.023938     0.015085 
1995-1999     59     0.008752     0.024560     0.015586 
1995-1999     60     0.009549     0.027438     0.017210 
1995-1999     61     0.010516     0.027949     0.017903 
1995-1999     62     0.010819     0.031847     0.019633 
1995-1999     63     0.012344     0.031286     0.020187 
1995-1999     64     0.013512     0.033934     0.021876 
1995-1999     65     0.013777     0.036876     0.023130 
1995-1999     66     0.015434     0.039473     0.025026 
1995-1999     67     0.017472     0.042669     0.027395 
1995-1999     68     0.018302     0.043862     0.028146 
1995-1999     69     0.021135     0.047501     0.030919 
1995-1999     70     0.022774     0.051914     0.033146 
1995-1999     71     0.025813     0.053577     0.035323 
1995-1999     72     0.028264     0.056698     0.037663 
1995-1999     73     0.031424     0.058591     0.040200 
1995-1999     74     0.035674     0.066585     0.045605 
1995-1999     75     0.039697     0.073373     0.050463 
1995-1999     76     0.044756     0.076810     0.054894 
1995-1999     77     0.050862     0.084944     0.061463 
1995-1999     78     0.055434     0.089133     0.065768 
1995-1999     79     0.064076     0.094118     0.073140 
1995-1999     80     0.072447     0.106838     0.082550 
1995-1999     81     0.077492     0.109493     0.086655 
1995-1999     82     0.088451     0.128255     0.099525 
1995-1999     83     0.106890     0.136674     0.114926 
1995-1999     84     0.119291     0.148269     0.126894 
1995-1999     85     0.130411     0.153435     0.136393 
1995-1999     86     0.148090     0.169889     0.153996 
1995-1999     87     0.164880     0.190974     0.172516 
1995-1999     88     0.180627     0.198287     0.186126 
1995-1999     89     0.195451     0.215991     0.202059 
1995-1999     90     0.225709     0.236127     0.229106 
1995-1999     91     0.242046     0.248350     0.244081 
1995-1999     92     0.259991     0.264295     0.261319 
1995-1999     93     0.273083     0.278534     0.274665 
1995-1999     94     0.302034     0.269813     0.293060 
1995-1999     95     0.320581     0.308103     0.317216 
1995-1999     96     0.330799     0.289307     0.320004 
1995-1999     97     0.322501     0.258124     0.305984 
1995-1999     98     0.320891     0.283431     0.311314 
1995-1999     99     0.438592     0.434192     0.437494 
1995-1999    100     0.471690     0.458325     0.468417 
1995-1999    101     0.507875     0.493325     0.504315 
1995-1999    102     0.546866     0.537744     0.544710 
1995-1999    103     0.588027     0.601991     0.591093 
1995-1999    104     0.634177     0.748962     0.656338 
1995-1999    105     0.691466     1.067871     0.745553 
1995-1999    106     0.773102     1.744361     0.854328 
1995-1999    107     0.919416     3.037344     0.997403 
1995-1999    108     1.363171            .     1.363171 
1995-1999    109     3.747692            .     3.747692 
1995-1999    110+    6.000000            .     6.000000 
2000-2004      0     0.007108     0.008577     0.007864 
2000-2004      1     0.000714     0.000839     0.000778 
2000-2004      2     0.000379     0.000783     0.000587 
2000-2004      3     0.000458     0.000497     0.000478 
2000-2004      4     0.000270     0.000522     0.000400 
2000-2004      5     0.000207     0.000382     0.000297 
2000-2004      6     0.000157     0.000438     0.000301 
2000-2004      7     0.000167     0.000318     0.000244 
2000-2004      8     0.000201     0.000279     0.000241 
2000-2004      9     0.000138     0.000247     0.000193 
2000-2004     10     0.000188     0.000281     0.000236 
2000-2004     11     0.000118     0.000265     0.000193 
2000-2004     12     0.000194     0.000261     0.000228 
2000-2004     13     0.000169     0.000331     0.000252 
2000-2004     14     0.000258     0.000415     0.000338 
2000-2004     15     0.000278     0.000601     0.000443 
2000-2004     16     0.000306     0.000972     0.000645 
2000-2004     17     0.000484     0.001144     0.000820 
2000-2004     18     0.000567     0.001752     0.001170 
2000-2004     19     0.000522     0.002245     0.001399 
2000-2004     20     0.000488     0.002141     0.001329 
2000-2004     21     0.000556     0.002543     0.001567 
2000-2004     22     0.000463     0.002537     0.001515 
2000-2004     23     0.000450     0.002419     0.001446 
2000-2004     24     0.000513     0.002728     0.001624 
2000-2004     25     0.000612     0.002703     0.001660 
2000-2004     26     0.000545     0.003159     0.001850 
2000-2004     27     0.000752     0.002936     0.001838 
2000-2004     28     0.000760     0.002999     0.001870 
2000-2004     29     0.000708     0.003014     0.001851 
2000-2004     30     0.000755     0.003585     0.002161 
2000-2004     31     0.000784     0.004224     0.002487 
2000-2004     32     0.000949     0.004086     0.002501 
2000-2004     33     0.001071     0.003912     0.002473 
2000-2004     34     0.001079     0.004280     0.002657 
2000-2004     35     0.001207     0.004369     0.002765 
2000-2004     36     0.001155     0.004895     0.002998 
2000-2004     37     0.001335     0.004943     0.003111 
2000-2004     38     0.001325     0.005041     0.003153 
2000-2004     39     0.001760     0.005626     0.003652 
2000-2004     40     0.001810     0.006243     0.003966 
2000-2004     41     0.001938     0.007349     0.004558 
2000-2004     42     0.002223     0.007093     0.004569 
2000-2004     43     0.002303     0.007951     0.005015 
2000-2004     44     0.002627     0.008561     0.005470 
2000-2004     45     0.002736     0.009602     0.006022 
2000-2004     46     0.003319     0.010287     0.006639 
2000-2004     47     0.003687     0.011098     0.007205 
2000-2004     48     0.004205     0.011959     0.007867 
2000-2004     49     0.004123     0.013029     0.008311 
2000-2004     50     0.004634     0.014236     0.009109 
2000-2004     51     0.004761     0.015411     0.009685 
2000-2004     52     0.005601     0.016691     0.010689 
2000-2004     53     0.005315     0.017298     0.010782 
2000-2004     54     0.005944     0.018303     0.011544 
2000-2004     55     0.006230     0.020312     0.012561 
2000-2004     56     0.006982     0.019907     0.012747 
2000-2004     57     0.007600     0.022058     0.013986 
2000-2004     58     0.007933     0.022712     0.014410 
2000-2004     59     0.008088     0.023966     0.014991 
2000-2004     60     0.009012     0.025929     0.016295 
2000-2004     61     0.009853     0.027446     0.017354 
2000-2004     62     0.010059     0.029838     0.018415 
2000-2004     63     0.010588     0.031706     0.019392 
2000-2004     64     0.011415     0.031978     0.019891 
2000-2004     65     0.012548     0.035382     0.021827 
2000-2004     66     0.013670     0.036540     0.022831 
2000-2004     67     0.014094     0.039489     0.024137 
2000-2004     68     0.016459     0.042223     0.026499 
2000-2004     69     0.018274     0.043794     0.028044 
2000-2004     70     0.020991     0.048209     0.031286 
2000-2004     71     0.022947     0.050678     0.033256 
2000-2004     72     0.024495     0.055536     0.035811 
2000-2004     73     0.028922     0.057532     0.039094 
2000-2004     74     0.031765     0.063378     0.042484 
2000-2004     75     0.035533     0.068859     0.046267 
2000-2004     76     0.040579     0.072717     0.050516 
2000-2004     77     0.043964     0.079368     0.054435 
2000-2004     78     0.050926     0.087456     0.061409 
2000-2004     79     0.057782     0.095605     0.068532 
2000-2004     80     0.066384     0.102194     0.076488 
2000-2004     81     0.072558     0.109591     0.082903 
2000-2004     82     0.083676     0.124942     0.095032 
2000-2004     83     0.091342     0.122565     0.099798 
2000-2004     84     0.102161     0.136597     0.111320 
2000-2004     85     0.120086     0.158267     0.130001 
2000-2004     86     0.127771     0.153748     0.134380 
2000-2004     87     0.146323     0.174801     0.153418 
2000-2004     88     0.160749     0.188735     0.167529 
2000-2004     89     0.190434     0.223370     0.198210 
2000-2004     90     0.208590     0.226419     0.212786 
2000-2004     91     0.232044     0.241833     0.234481 
2000-2004     92     0.246549     0.264699     0.251537 
2000-2004     93     0.274791     0.266507     0.272304 
2000-2004     94     0.296964     0.301283     0.298342 
2000-2004     95     0.331654     0.318103     0.327168 
2000-2004     96     0.347339     0.361411     0.352004 
2000-2004     97     0.329338     0.351538     0.336366 
2000-2004     98     0.334052     0.309047     0.326401 
2000-2004     99     0.444658     0.318191     0.404975 
2000-2004    100     0.471312     0.311951     0.418483 
2000-2004    101     0.496792     0.302368     0.428247 
2000-2004    102     0.522501     0.291010     0.434966 
2000-2004    103     0.553247     0.277326     0.440833 
2000-2004    104     0.592149     0.264865     0.447859 
2000-2004    105     0.646313     0.262513     0.461251 
2000-2004    106     0.744292     0.254407     0.483217 
2000-2004    107     1.022746     0.198773     0.520205 
2000-2004    108     2.081633     0.177278     0.588916 
2000-2004    109     6.000000     0.186227     0.355932 
2000-2004    110+           .     0.000000     0.000000 
2005-2009      0     0.005904     0.006991     0.006460 
2005-2009      1     0.000421     0.000686     0.000556 
2005-2009      2     0.000371     0.000382     0.000377 
2005-2009      3     0.000230     0.000396     0.000315 
2005-2009      4     0.000227     0.000309     0.000269 
2005-2009      5     0.000261     0.000364     0.000314 
2005-2009      6     0.000199     0.000387     0.000296 
2005-2009      7     0.000127     0.000299     0.000215 
2005-2009      8     0.000145     0.000468     0.000312 
2005-2009      9     0.000174     0.000307     0.000242 
2005-2009     10     0.000157     0.000244     0.000202 
2005-2009     11     0.000118     0.000234     0.000178 
2005-2009     12     0.000211     0.000297     0.000255 
2005-2009     13     0.000292     0.000342     0.000318 
2005-2009     14     0.000268     0.000520     0.000397 
2005-2009     15     0.000360     0.000533     0.000449 
2005-2009     16     0.000444     0.000724     0.000587 
2005-2009     17     0.000349     0.001288     0.000827 
2005-2009     18     0.000439     0.001590     0.001025 
2005-2009     19     0.000407     0.001905     0.001168 
2005-2009     20     0.000466     0.001990     0.001239 
2005-2009     21     0.000461     0.002160     0.001322 
2005-2009     22     0.000480     0.002230     0.001368 
2005-2009     23     0.000450     0.002467     0.001472 
2005-2009     24     0.000482     0.002534     0.001522 
2005-2009     25     0.000639     0.002751     0.001709 
2005-2009     26     0.000607     0.003057     0.001845 
2005-2009     27     0.000595     0.003064     0.001838 
2005-2009     28     0.000747     0.003357     0.002056 
2005-2009     29     0.000845     0.003723     0.002281 
2005-2009     30     0.000757     0.003575     0.002155 
2005-2009     31     0.000783     0.004206     0.002473 
2005-2009     32     0.001100     0.004103     0.002580 
2005-2009     33     0.001183     0.004492     0.002810 
2005-2009     34     0.001262     0.004724     0.002962 
2005-2009     35     0.001363     0.005594     0.003439 
2005-2009     36     0.001268     0.005251     0.003223 
2005-2009     37     0.001633     0.005939     0.003741 
2005-2009     38     0.001920     0.006188     0.004004 
2005-2009     39     0.001896     0.006604     0.004193 
2005-2009     40     0.002169     0.007631     0.004830 
2005-2009     41     0.002285     0.008127     0.005129 
2005-2009     42     0.002402     0.007994     0.005123 
2005-2009     43     0.002733     0.009024     0.005787 
2005-2009     44     0.002764     0.009112     0.005830 
2005-2009     45     0.003149     0.010247     0.006560 
2005-2009     46     0.003167     0.010951     0.006891 
2005-2009     47     0.003844     0.012159     0.007804 
2005-2009     48     0.003912     0.012716     0.008086 
2005-2009     49     0.004325     0.013948     0.008864 
2005-2009     50     0.005012     0.015603     0.009984 
2005-2009     51     0.004821     0.016266     0.010165 
2005-2009     52     0.005532     0.017517     0.011094 
2005-2009     53     0.006066     0.019728     0.012364 
2005-2009     54     0.006478     0.019680     0.012518 
2005-2009     55     0.007019     0.022715     0.014142 
2005-2009     56     0.007677     0.022683     0.014417 
2005-2009     57     0.008141     0.023985     0.015186 
2005-2009     58     0.008696     0.025881     0.016262 
2005-2009     59     0.009659     0.028899     0.018038 
2005-2009     60     0.010121     0.030586     0.018937 
2005-2009     61     0.010205     0.031459     0.019274 
2005-2009     62     0.011140     0.034116     0.020824 
2005-2009     63     0.011634     0.036558     0.022009 
2005-2009     64     0.012725     0.037560     0.022948 
2005-2009     65     0.013122     0.040197     0.024125 
2005-2009     66     0.013209     0.041085     0.024392 
2005-2009     67     0.015170     0.042350     0.025917 
2005-2009     68     0.016067     0.041568     0.025990 
2005-2009     69     0.017511     0.046285     0.028526 
2005-2009     70     0.018999     0.047829     0.029826 
2005-2009     71     0.021759     0.050399     0.032327 
2005-2009     72     0.023709     0.054178     0.034745 
2005-2009     73     0.026410     0.058883     0.037954 
2005-2009     74     0.030001     0.062034     0.041177 
2005-2009     75     0.032856     0.066518     0.044408 
2005-2009     76     0.036833     0.070348     0.048079 
2005-2009     77     0.043231     0.077631     0.054513 
2005-2009     78     0.049215     0.082356     0.059747 
2005-2009     79     0.053878     0.091093     0.065098 
2005-2009     80     0.061147     0.099144     0.071942 
2005-2009     81     0.070434     0.109481     0.080966 
2005-2009     82     0.082215     0.120478     0.092083 
2005-2009     83     0.091167     0.125406     0.099751 
2005-2009     84     0.101941     0.144712     0.112550 
2005-2009     85     0.114109     0.149134     0.122739 
2005-2009     86     0.125222     0.161630     0.134121 
2005-2009     87     0.143982     0.172852     0.150984 
2005-2009     88     0.156176     0.177348     0.161288 
2005-2009     89     0.179389     0.186231     0.181033 
2005-2009     90     0.192982     0.221824     0.199807 
2005-2009     91     0.223667     0.231811     0.225555 
2005-2009     92     0.238756     0.259349     0.243439 
2005-2009     93     0.267795     0.281438     0.270827 
2005-2009     94     0.298591     0.293274     0.297421 
2005-2009     95     0.372036     0.330536     0.362613 
2005-2009     96     0.404069     0.377896     0.397495 
2005-2009     97     0.407730     0.451189     0.419951 
2005-2009     98     0.470866     0.474707     0.472019 
2005-2009     99     0.491124     0.428800     0.471285 
2005-2009    100     0.534021     0.464526     0.510128 
2005-2009    101     0.581766     0.495072     0.549287 
2005-2009    102     0.632981     0.522492     0.587284 
2005-2009    103     0.688700     0.552422     0.625798 
2005-2009    104     0.753653     0.589222     0.669271 
2005-2009    105     0.849791     0.628568     0.723488 
2005-2009    106     1.011726     0.672893     0.793391 
2005-2009    107     1.404878     0.745189     0.913280 
2005-2009    108     1.912932     0.850868     1.000000 
2005-2009    109     6.000000     1.002876     1.104930 
2005-2009    110+           .     1.057021     1.057021 
2010-2013      0     0.003798     0.004773     0.004298 
2010-2013      1     0.000301     0.000507     0.000407 
2010-2013      2     0.000221     0.000290     0.000256 
2010-2013      3     0.000192     0.000150     0.000170 
2010-2013      4     0.000181     0.000155     0.000167 
2010-2013      5     0.000167     0.000214     0.000191 
2010-2013      6     0.000170     0.000126     0.000147 
2010-2013      7     0.000265     0.000072     0.000166 
2010-2013      8     0.000113     0.000197     0.000156 
2010-2013      9     0.000166     0.000262     0.000215 
2010-2013     10     0.000142     0.000284     0.000215 
2010-2013     11     0.000051     0.000191     0.000123 
2010-2013     12     0.000112     0.000256     0.000186 
2010-2013     13     0.000215     0.000260     0.000238 
2010-2013     14     0.000089     0.000265     0.000179 
2010-2013     15     0.000185     0.000500     0.000347 
2010-2013     16     0.000162     0.000684     0.000430 
2010-2013     17     0.000316     0.000942     0.000636 
2010-2013     18     0.000308     0.001257     0.000793 
2010-2013     19     0.000415     0.001280     0.000859 
2010-2013     20     0.000397     0.001521     0.000973 
2010-2013     21     0.000310     0.001580     0.000959 
2010-2013     22     0.000411     0.001913     0.001179 
2010-2013     23     0.000314     0.001519     0.000932 
2010-2013     24     0.000246     0.002054     0.001174 
2010-2013     25     0.000397     0.001944     0.001188 
2010-2013     26     0.000507     0.002250     0.001397 
2010-2013     27     0.000548     0.002185     0.001380 
2010-2013     28     0.000842     0.002280     0.001570 
2010-2013     29     0.000574     0.002587     0.001593 
2010-2013     30     0.000612     0.002864     0.001748 
2010-2013     31     0.000822     0.003234     0.002036 
2010-2013     32     0.000798     0.003282     0.002041 
2010-2013     33     0.000809     0.003367     0.002081 
2010-2013     34     0.001148     0.003844     0.002481 
2010-2013     35     0.001450     0.004247     0.002825 
2010-2013     36     0.001053     0.004221     0.002601 
2010-2013     37     0.001274     0.004961     0.003065 
2010-2013     38     0.001330     0.005011     0.003113 
2010-2013     39     0.001570     0.005397     0.003424 
2010-2013     40     0.001570     0.005582     0.003513 
2010-2013     41     0.001893     0.006603     0.004171 
2010-2013     42     0.002005     0.006956     0.004392 
2010-2013     43     0.002144     0.007391     0.004662 
2010-2013     44     0.002349     0.006942     0.004549 
2010-2013     45     0.003041     0.008719     0.005761 
2010-2013     46     0.002995     0.008483     0.005627 
2010-2013     47     0.003173     0.009946     0.006422 
2010-2013     48     0.003567     0.010512     0.006882 
2010-2013     49     0.003527     0.010665     0.006912 
2010-2013     50     0.003656     0.011871     0.007527 
2010-2013     51     0.004241     0.012784     0.008239 
2010-2013     52     0.004663     0.014155     0.009079 
2010-2013     53     0.005158     0.014392     0.009430 
2010-2013     54     0.005219     0.015858     0.010106 
2010-2013     55     0.005562     0.017319     0.010928 
2010-2013     56     0.006732     0.018438     0.012030 
2010-2013     57     0.006770     0.020429     0.012901 
2010-2013     58     0.006992     0.022551     0.013905 
2010-2013     59     0.007665     0.023469     0.014611 
2010-2013     60     0.008367     0.026362     0.016162 
2010-2013     61     0.009188     0.027257     0.016906 
2010-2013     62     0.009093     0.029575     0.017728 
2010-2013     63     0.009728     0.031937     0.018958 
2010-2013     64     0.011259     0.034009     0.020578 
2010-2013     65     0.011112     0.035445     0.020942 
2010-2013     66     0.012627     0.037655     0.022589 
2010-2013     67     0.014263     0.039789     0.024241 
2010-2013     68     0.015365     0.040411     0.025020 
2010-2013     69     0.015396     0.045226     0.026745 
2010-2013     70     0.017619     0.045656     0.028141 
2010-2013     71     0.018421     0.046662     0.028878 
2010-2013     72     0.020793     0.048439     0.030858 
2010-2013     73     0.022261     0.053013     0.033218 
2010-2013     74     0.025816     0.056917     0.036661 
2010-2013     75     0.029286     0.060990     0.040081 
2010-2013     76     0.032222     0.065146     0.043192 
2010-2013     77     0.036122     0.072792     0.048085 
2010-2013     78     0.041311     0.076445     0.052475 
2010-2013     79     0.048710     0.084542     0.059878 
2010-2013     80     0.056421     0.090826     0.066948 
2010-2013     81     0.063684     0.103944     0.075695 
2010-2013     82     0.076116     0.108499     0.085500 
2010-2013     83     0.082279     0.123559     0.093684 
2010-2013     84     0.095880     0.134325     0.105774 
2010-2013     85     0.108754     0.144246     0.117304 
2010-2013     86     0.123052     0.153428     0.129998 
2010-2013     87     0.135774     0.163408     0.141894 
2010-2013     88     0.140068     0.165440     0.145678 
2010-2013     89     0.182124     0.220002     0.190553 
2010-2013     90     0.189944     0.207988     0.193977 
2010-2013     91     0.197978     0.246721     0.208875 
2010-2013     92     0.230874     0.235147     0.231825 
2010-2013     93     0.242941     0.270170     0.249033 
2010-2013     94     0.260116     0.249578     0.257760 
2010-2013     95     0.391000     0.375920     0.387602 
2010-2013     96     0.427214     0.408648     0.422983 
2010-2013     97     0.459773     0.439852     0.455193 
2010-2013     98     0.492761     0.473871     0.488336 
2010-2013     99     0.529966     0.510476     0.525292 
2010-2013    100     0.571156     0.549981     0.565923 
2010-2013    101     0.618110     0.597637     0.612617 
2010-2013    102     0.674543     0.658642     0.669746 
2010-2013    103     0.749164     0.734729     0.744399 
2010-2013    104     0.864550     0.861207     0.863389 
2010-2013    105     1.077028     1.183639     1.114108 
2010-2013    106     1.590562     1.587045     1.589368 
2010-2013    107     3.064286     2.427907     2.787879 
2010-2013    108            .     6.000000     6.000000 
2010-2013    109            .            .            . 
2010-2013    110+           .            .            . 
