Russia, Death rates (period 1x5)     Last modified: 11-Nov-2015, MPv5 (May07)

   Year      Age       Female       Male         Total
1960-1964      0     0.028868     0.036660     0.032854 
1960-1964      1     0.004090     0.004438     0.004267 
1960-1964      2     0.001819     0.001985     0.001904 
1960-1964      3     0.001203     0.001457     0.001332 
1960-1964      4     0.000938     0.001219     0.001081 
1960-1964      5     0.000819     0.001168     0.000997 
1960-1964      6     0.000733     0.001132     0.000937 
1960-1964      7     0.000675     0.001124     0.000904 
1960-1964      8     0.000577     0.000990     0.000787 
1960-1964      9     0.000524     0.000902     0.000716 
1960-1964     10     0.000513     0.000865     0.000692 
1960-1964     11     0.000474     0.000757     0.000619 
1960-1964     12     0.000536     0.000780     0.000661 
1960-1964     13     0.000513     0.000758     0.000638 
1960-1964     14     0.000549     0.000885     0.000721 
1960-1964     15     0.000564     0.001007     0.000790 
1960-1964     16     0.000670     0.001224     0.000952 
1960-1964     17     0.000752     0.001582     0.001173 
1960-1964     18     0.000853     0.001965     0.001414 
1960-1964     19     0.000929     0.002146     0.001539 
1960-1964     20     0.001141     0.002355     0.001749 
1960-1964     21     0.000998     0.002150     0.001575 
1960-1964     22     0.001098     0.002515     0.001808 
1960-1964     23     0.001099     0.002724     0.001914 
1960-1964     24     0.001100     0.002767     0.001935 
1960-1964     25     0.001174     0.003064     0.002120 
1960-1964     26     0.001176     0.003099     0.002137 
1960-1964     27     0.001208     0.003236     0.002218 
1960-1964     28     0.001287     0.003373     0.002324 
1960-1964     29     0.001219     0.003210     0.002208 
1960-1964     30     0.001625     0.004075     0.002839 
1960-1964     31     0.001284     0.003514     0.002382 
1960-1964     32     0.001651     0.004296     0.002947 
1960-1964     33     0.001547     0.004042     0.002757 
1960-1964     34     0.001557     0.004239     0.002829 
1960-1964     35     0.001835     0.004657     0.003132 
1960-1964     36     0.001885     0.004864     0.003202 
1960-1964     37     0.001900     0.004900     0.003165 
1960-1964     38     0.002165     0.005318     0.003433 
1960-1964     39     0.002087     0.005204     0.003301 
1960-1964     40     0.002654     0.006331     0.004064 
1960-1964     41     0.002211     0.005329     0.003403 
1960-1964     42     0.003044     0.006921     0.004536 
1960-1964     43     0.002924     0.006563     0.004329 
1960-1964     44     0.002861     0.006638     0.004310 
1960-1964     45     0.003426     0.007880     0.005120 
1960-1964     46     0.003498     0.008048     0.005214 
1960-1964     47     0.003571     0.008332     0.005350 
1960-1964     48     0.004159     0.009406     0.006105 
1960-1964     49     0.004043     0.009420     0.006025 
1960-1964     50     0.005063     0.011651     0.007482 
1960-1964     51     0.004391     0.010583     0.006654 
1960-1964     52     0.005750     0.013393     0.008529 
1960-1964     53     0.005716     0.013766     0.008637 
1960-1964     54     0.006135     0.014547     0.009170 
1960-1964     55     0.006902     0.016516     0.010330 
1960-1964     56     0.007496     0.018208     0.011241 
1960-1964     57     0.007872     0.019484     0.011819 
1960-1964     58     0.008660     0.021611     0.012909 
1960-1964     59     0.008624     0.022921     0.013120 
1960-1964     60     0.012298     0.028684     0.017305 
1960-1964     61     0.010158     0.024849     0.014577 
1960-1964     62     0.014091     0.032409     0.019569 
1960-1964     63     0.015246     0.032827     0.020559 
1960-1964     64     0.016212     0.034068     0.021712 
1960-1964     65     0.018985     0.038091     0.024934 
1960-1964     66     0.018350     0.036944     0.024160 
1960-1964     67     0.022606     0.044014     0.029294 
1960-1964     68     0.023766     0.044732     0.030279 
1960-1964     69     0.022489     0.043882     0.029097 
1960-1964     70     0.033950     0.058330     0.041407 
1960-1964     71     0.025686     0.046913     0.032017 
1960-1964     72     0.039079     0.066522     0.047106 
1960-1964     73     0.042133     0.068903     0.049875 
1960-1964     74     0.044646     0.071026     0.052144 
1960-1964     75     0.053918     0.081649     0.061733 
1960-1964     76     0.057883     0.085860     0.065747 
1960-1964     77     0.056705     0.080868     0.063422 
1960-1964     78     0.074622     0.105100     0.082971 
1960-1964     79     0.061744     0.089081     0.069159 
1960-1964     80     0.101133     0.128551     0.108630 
1960-1964     81     0.075147     0.098121     0.081375 
1960-1964     82     0.109704     0.141082     0.118108 
1960-1964     83     0.112891     0.145275     0.121419 
1960-1964     84     0.123164     0.156146     0.131684 
1960-1964     85     0.143750     0.173145     0.151205 
1960-1964     86     0.152911     0.187168     0.161486 
1960-1964     87     0.160165     0.200235     0.170065 
1960-1964     88     0.170265     0.205847     0.178920 
1960-1964     89     0.152465     0.187682     0.160912 
1960-1964     90     0.238121     0.256020     0.242390 
1960-1964     91     0.140762     0.161654     0.145718 
1960-1964     92     0.193118     0.219708     0.199298 
1960-1964     93     0.195681     0.220174     0.201238 
1960-1964     94     0.185254     0.213105     0.191447 
1960-1964     95     0.208552     0.212331     0.209380 
1960-1964     96     0.251848     0.264907     0.254706 
1960-1964     97     0.246838     0.262743     0.250328 
1960-1964     98     0.324872     0.338989     0.327976 
1960-1964     99     0.295001     0.318060     0.300065 
1960-1964    100     0.311943     0.336067     0.317197 
1960-1964    101     0.330067     0.355261     0.335520 
1960-1964    102     0.349244     0.375238     0.354841 
1960-1964    103     0.369332     0.396716     0.375180 
1960-1964    104     0.390232     0.419535     0.396456 
1960-1964    105     0.411986     0.444583     0.418910 
1960-1964    106     0.434738     0.471947     0.442649 
1960-1964    107     0.458694     0.502120     0.467943 
1960-1964    108     0.484062     0.537118     0.495365 
1960-1964    109     0.511214     0.578375     0.525499 
1960-1964    110+    0.609132     0.744864     0.637097 
1965-1969      0     0.022181     0.029075     0.025701 
1965-1969      1     0.002642     0.002931     0.002789 
1965-1969      2     0.001328     0.001527     0.001430 
1965-1969      3     0.000917     0.001195     0.001059 
1965-1969      4     0.000741     0.000986     0.000866 
1965-1969      5     0.000632     0.000925     0.000782 
1965-1969      6     0.000592     0.000950     0.000774 
1965-1969      7     0.000523     0.000936     0.000733 
1965-1969      8     0.000485     0.000845     0.000669 
1965-1969      9     0.000427     0.000766     0.000599 
1965-1969     10     0.000421     0.000701     0.000563 
1965-1969     11     0.000375     0.000652     0.000516 
1965-1969     12     0.000429     0.000700     0.000567 
1965-1969     13     0.000432     0.000698     0.000568 
1965-1969     14     0.000449     0.000810     0.000633 
1965-1969     15     0.000494     0.000925     0.000715 
1965-1969     16     0.000556     0.001212     0.000894 
1965-1969     17     0.000621     0.001631     0.001142 
1965-1969     18     0.000716     0.002048     0.001403 
1965-1969     19     0.000738     0.001968     0.001371 
1965-1969     20     0.000820     0.001989     0.001418 
1965-1969     21     0.000789     0.002042     0.001426 
1965-1969     22     0.000865     0.002562     0.001726 
1965-1969     23     0.000886     0.002780     0.001842 
1965-1969     24     0.000908     0.002995     0.001956 
1965-1969     25     0.001034     0.003276     0.002156 
1965-1969     26     0.001020     0.003354     0.002185 
1965-1969     27     0.001031     0.003524     0.002274 
1965-1969     28     0.001087     0.003713     0.002395 
1965-1969     29     0.001100     0.003732     0.002409 
1965-1969     30     0.001312     0.004371     0.002833 
1965-1969     31     0.001213     0.004096     0.002646 
1965-1969     32     0.001412     0.004612     0.002999 
1965-1969     33     0.001434     0.004710     0.003055 
1965-1969     34     0.001549     0.004967     0.003239 
1965-1969     35     0.001657     0.005292     0.003447 
1965-1969     36     0.001702     0.005429     0.003526 
1965-1969     37     0.001782     0.005613     0.003646 
1965-1969     38     0.001939     0.005903     0.003846 
1965-1969     39     0.002007     0.006098     0.003929 
1965-1969     40     0.002367     0.007031     0.004487 
1965-1969     41     0.002211     0.006656     0.004151 
1965-1969     42     0.002640     0.007692     0.004738 
1965-1969     43     0.002811     0.007807     0.004787 
1965-1969     44     0.003018     0.008171     0.004994 
1965-1969     45     0.003443     0.008885     0.005498 
1965-1969     46     0.003551     0.008995     0.005601 
1965-1969     47     0.003781     0.009662     0.006012 
1965-1969     48     0.004303     0.010302     0.006585 
1965-1969     49     0.004362     0.010535     0.006692 
1965-1969     50     0.005076     0.012366     0.007797 
1965-1969     51     0.004668     0.011664     0.007250 
1965-1969     52     0.005458     0.013601     0.008427 
1965-1969     53     0.005622     0.014334     0.008763 
1965-1969     54     0.006206     0.015622     0.009570 
1965-1969     55     0.006924     0.017219     0.010583 
1965-1969     56     0.007076     0.017887     0.010893 
1965-1969     57     0.007827     0.019495     0.011915 
1965-1969     58     0.008625     0.021232     0.013027 
1965-1969     59     0.008989     0.023125     0.013872 
1965-1969     60     0.011496     0.027734     0.017003 
1965-1969     61     0.010717     0.026351     0.015908 
1965-1969     62     0.012994     0.031209     0.018875 
1965-1969     63     0.013758     0.033100     0.019766 
1965-1969     64     0.015440     0.036067     0.021591 
1965-1969     65     0.018276     0.040866     0.024818 
1965-1969     66     0.018981     0.040757     0.025157 
1965-1969     67     0.022217     0.045908     0.028861 
1965-1969     68     0.025215     0.048930     0.031897 
1965-1969     69     0.026271     0.050581     0.033208 
1965-1969     70     0.033653     0.060660     0.041419 
1965-1969     71     0.030927     0.055860     0.038116 
1965-1969     72     0.038888     0.067437     0.047108 
1965-1969     73     0.042047     0.071149     0.050409 
1965-1969     74     0.046188     0.077565     0.055161 
1965-1969     75     0.053460     0.086138     0.062662 
1965-1969     76     0.056533     0.087924     0.065121 
1965-1969     77     0.060117     0.090824     0.068340 
1965-1969     78     0.075381     0.109563     0.084361 
1965-1969     79     0.071812     0.103864     0.080027 
1965-1969     80     0.098201     0.133789     0.107267 
1965-1969     81     0.086599     0.117255     0.094334 
1965-1969     82     0.109255     0.143686     0.117868 
1965-1969     83     0.116416     0.151062     0.125012 
1965-1969     84     0.128556     0.164112     0.137313 
1965-1969     85     0.142817     0.177541     0.151286 
1965-1969     86     0.152350     0.190657     0.161553 
1965-1969     87     0.166183     0.201365     0.174472 
1965-1969     88     0.180273     0.217591     0.188892 
1965-1969     89     0.176204     0.216091     0.185209 
1965-1969     90     0.230626     0.261953     0.237562 
1965-1969     91     0.180253     0.213197     0.187480 
1965-1969     92     0.218579     0.246631     0.224714 
1965-1969     93     0.210670     0.249045     0.218992 
1965-1969     94     0.231629     0.257789     0.237244 
1965-1969     95     0.250763     0.267677     0.254409 
1965-1969     96     0.274479     0.282301     0.276175 
1965-1969     97     0.279352     0.284460     0.280455 
1965-1969     98     0.331331     0.351235     0.335581 
1965-1969     99     0.324193     0.325746     0.324522 
1965-1969    100     0.343075     0.340060     0.342440 
1965-1969    101     0.361907     0.353785     0.360202 
1965-1969    102     0.382094     0.368430     0.379204 
1965-1969    103     0.402285     0.382594     0.398075 
1965-1969    104     0.423279     0.397419     0.417715 
1965-1969    105     0.445266     0.413413     0.438409 
1965-1969    106     0.466917     0.429004     0.458744 
1965-1969    107     0.488886     0.445757     0.479572 
1965-1969    108     0.512680     0.465284     0.502484 
1965-1969    109     0.538189     0.490263     0.527964 
1965-1969    110+    0.628496     0.638765     0.630383 
1970-1974      0     0.018338     0.024792     0.021623 
1970-1974      1     0.002237     0.002727     0.002486 
1970-1974      2     0.001169     0.001417     0.001295 
1970-1974      3     0.000828     0.001062     0.000947 
1970-1974      4     0.000717     0.000973     0.000847 
1970-1974      5     0.000598     0.000882     0.000743 
1970-1974      6     0.000552     0.000894     0.000726 
1970-1974      7     0.000543     0.000886     0.000717 
1970-1974      8     0.000461     0.000822     0.000644 
1970-1974      9     0.000413     0.000709     0.000564 
1970-1974     10     0.000399     0.000671     0.000538 
1970-1974     11     0.000393     0.000628     0.000513 
1970-1974     12     0.000394     0.000615     0.000507 
1970-1974     13     0.000394     0.000674     0.000537 
1970-1974     14     0.000395     0.000783     0.000593 
1970-1974     15     0.000462     0.000951     0.000710 
1970-1974     16     0.000510     0.001313     0.000915 
1970-1974     17     0.000572     0.001895     0.001237 
1970-1974     18     0.000637     0.002091     0.001369 
1970-1974     19     0.000694     0.001942     0.001327 
1970-1974     20     0.000753     0.002261     0.001524 
1970-1974     21     0.000745     0.002714     0.001755 
1970-1974     22     0.000770     0.002954     0.001888 
1970-1974     23     0.000784     0.003092     0.001963 
1970-1974     24     0.000806     0.003160     0.002004 
1970-1974     25     0.000873     0.003355     0.002133 
1970-1974     26     0.000874     0.003354     0.002133 
1970-1974     27     0.000946     0.003630     0.002304 
1970-1974     28     0.001016     0.003868     0.002450 
1970-1974     29     0.001078     0.004215     0.002645 
1970-1974     30     0.001239     0.004790     0.003003 
1970-1974     31     0.001260     0.004812     0.003015 
1970-1974     32     0.001348     0.005076     0.003188 
1970-1974     33     0.001379     0.005161     0.003244 
1970-1974     34     0.001463     0.005411     0.003406 
1970-1974     35     0.001630     0.005804     0.003683 
1970-1974     36     0.001706     0.006017     0.003827 
1970-1974     37     0.001819     0.006316     0.004025 
1970-1974     38     0.001998     0.006753     0.004327 
1970-1974     39     0.002091     0.007068     0.004526 
1970-1974     40     0.002373     0.007915     0.005068 
1970-1974     41     0.002393     0.007835     0.005025 
1970-1974     42     0.002655     0.008488     0.005458 
1970-1974     43     0.002761     0.008791     0.005621 
1970-1974     44     0.002973     0.009152     0.005836 
1970-1974     45     0.003272     0.009809     0.006198 
1970-1974     46     0.003592     0.010416     0.006518 
1970-1974     47     0.003793     0.010889     0.006669 
1970-1974     48     0.004173     0.011542     0.007004 
1970-1974     49     0.004452     0.012427     0.007400 
1970-1974     50     0.005101     0.013696     0.008218 
1970-1974     51     0.005234     0.013530     0.008232 
1970-1974     52     0.005761     0.015206     0.009211 
1970-1974     53     0.006170     0.015831     0.009713 
1970-1974     54     0.006689     0.017295     0.010551 
1970-1974     55     0.007157     0.018569     0.011264 
1970-1974     56     0.007657     0.019546     0.011876 
1970-1974     57     0.008176     0.020944     0.012637 
1970-1974     58     0.008770     0.022535     0.013517 
1970-1974     59     0.009378     0.024096     0.014418 
1970-1974     60     0.010967     0.027149     0.016492 
1970-1974     61     0.011279     0.028023     0.016922 
1970-1974     62     0.013042     0.031269     0.019119 
1970-1974     63     0.014162     0.034043     0.020682 
1970-1974     64     0.015571     0.036660     0.022343 
1970-1974     65     0.017523     0.040617     0.024760 
1970-1974     66     0.019080     0.043123     0.026448 
1970-1974     67     0.021241     0.047434     0.029023 
1970-1974     68     0.023504     0.050635     0.031241 
1970-1974     69     0.026212     0.054996     0.034059 
1970-1974     70     0.031635     0.062386     0.039745 
1970-1974     71     0.033485     0.063192     0.041117 
1970-1974     72     0.039736     0.072036     0.047934 
1970-1974     73     0.044383     0.076586     0.052537 
1970-1974     74     0.049867     0.082169     0.058171 
1970-1974     75     0.054567     0.088840     0.063414 
1970-1974     76     0.060706     0.096116     0.069811 
1970-1974     77     0.065243     0.101627     0.074576 
1970-1974     78     0.075513     0.112781     0.085133 
1970-1974     79     0.078634     0.117864     0.088682 
1970-1974     80     0.093978     0.131366     0.103472 
1970-1974     81     0.093274     0.129484     0.102188 
1970-1974     82     0.111456     0.151398     0.120986 
1970-1974     83     0.117933     0.158118     0.127214 
1970-1974     84     0.131512     0.174548     0.141164 
1970-1974     85     0.143056     0.185325     0.152358 
1970-1974     86     0.159414     0.201703     0.168623 
1970-1974     87     0.166550     0.203632     0.174557 
1970-1974     88     0.179331     0.222151     0.188509 
1970-1974     89     0.184402     0.226333     0.193309 
1970-1974     90     0.218556     0.258271     0.226891 
1970-1974     91     0.192586     0.229918     0.200290 
1970-1974     92     0.227540     0.263432     0.234813 
1970-1974     93     0.233154     0.266008     0.239710 
1970-1974     94     0.246841     0.279219     0.253202 
1970-1974     95     0.257406     0.273900     0.260615 
1970-1974     96     0.281968     0.292760     0.284083 
1970-1974     97     0.282070     0.285015     0.282658 
1970-1974     98     0.315985     0.326235     0.318065 
1970-1974     99     0.361016     0.373668     0.363609 
1970-1974    100     0.386260     0.395415     0.388167 
1970-1974    101     0.413048     0.418964     0.414298 
1970-1974    102     0.442317     0.444350     0.442749 
1970-1974    103     0.472827     0.471037     0.472444 
1970-1974    104     0.503259     0.498306     0.502180 
1970-1974    105     0.536408     0.527809     0.534502 
1970-1974    106     0.572219     0.563239     0.570191 
1970-1974    107     0.610137     0.604179     0.608759 
1970-1974    108     0.653411     0.654836     0.653748 
1970-1974    109     0.700831     0.718965     0.705191 
1970-1974    110+    0.853090     0.954275     0.876003 
1975-1979      0     0.020110     0.027017     0.023627 
1975-1979      1     0.002537     0.003020     0.002782 
1975-1979      2     0.001118     0.001382     0.001252 
1975-1979      3     0.000766     0.001029     0.000900 
1975-1979      4     0.000666     0.000956     0.000813 
1975-1979      5     0.000560     0.000827     0.000696 
1975-1979      6     0.000532     0.000836     0.000686 
1975-1979      7     0.000486     0.000877     0.000684 
1975-1979      8     0.000448     0.000837     0.000645 
1975-1979      9     0.000414     0.000738     0.000578 
1975-1979     10     0.000385     0.000683     0.000536 
1975-1979     11     0.000369     0.000642     0.000508 
1975-1979     12     0.000366     0.000634     0.000502 
1975-1979     13     0.000377     0.000692     0.000537 
1975-1979     14     0.000405     0.000791     0.000602 
1975-1979     15     0.000469     0.000984     0.000733 
1975-1979     16     0.000548     0.001359     0.000964 
1975-1979     17     0.000593     0.001970     0.001301 
1975-1979     18     0.000660     0.002213     0.001457 
1975-1979     19     0.000696     0.002076     0.001401 
1975-1979     20     0.000758     0.002524     0.001654 
1975-1979     21     0.000757     0.003028     0.001905 
1975-1979     22     0.000790     0.003398     0.002109 
1975-1979     23     0.000790     0.003517     0.002173 
1975-1979     24     0.000824     0.003643     0.002257 
1975-1979     25     0.000906     0.003881     0.002418 
1975-1979     26     0.000921     0.003982     0.002476 
1975-1979     27     0.000953     0.004056     0.002527 
1975-1979     28     0.001014     0.004245     0.002650 
1975-1979     29     0.001098     0.004414     0.002773 
1975-1979     30     0.001232     0.004921     0.003093 
1975-1979     31     0.001244     0.004717     0.002993 
1975-1979     32     0.001403     0.005285     0.003349 
1975-1979     33     0.001472     0.005533     0.003491 
1975-1979     34     0.001615     0.006014     0.003788 
1975-1979     35     0.001772     0.006664     0.004174 
1975-1979     36     0.001828     0.006796     0.004254 
1975-1979     37     0.001908     0.007151     0.004464 
1975-1979     38     0.002026     0.007449     0.004666 
1975-1979     39     0.002135     0.007845     0.004909 
1975-1979     40     0.002441     0.008571     0.005417 
1975-1979     41     0.002451     0.008580     0.005426 
1975-1979     42     0.002801     0.009395     0.005990 
1975-1979     43     0.003013     0.009900     0.006333 
1975-1979     44     0.003241     0.010582     0.006769 
1975-1979     45     0.003608     0.011526     0.007395 
1975-1979     46     0.003816     0.011840     0.007631 
1975-1979     47     0.004142     0.012568     0.008118 
1975-1979     48     0.004425     0.013315     0.008565 
1975-1979     49     0.004880     0.014039     0.009043 
1975-1979     50     0.005393     0.015527     0.009836 
1975-1979     51     0.005664     0.015897     0.009943 
1975-1979     52     0.006150     0.017310     0.010556 
1975-1979     53     0.006547     0.018163     0.010878 
1975-1979     54     0.007197     0.019605     0.011643 
1975-1979     55     0.007838     0.020974     0.012433 
1975-1979     56     0.008398     0.021720     0.013029 
1975-1979     57     0.009101     0.023416     0.014112 
1975-1979     58     0.009765     0.024696     0.014993 
1975-1979     59     0.010452     0.026778     0.016114 
1975-1979     60     0.011911     0.030082     0.018142 
1975-1979     61     0.012233     0.030407     0.018377 
1975-1979     62     0.013544     0.033566     0.020204 
1975-1979     63     0.014672     0.035708     0.021567 
1975-1979     64     0.016084     0.038455     0.023345 
1975-1979     65     0.017879     0.041279     0.025375 
1975-1979     66     0.019526     0.043715     0.027134 
1975-1979     67     0.021678     0.047625     0.029668 
1975-1979     68     0.024255     0.052730     0.032844 
1975-1979     69     0.026721     0.056644     0.035503 
1975-1979     70     0.031263     0.063148     0.040373 
1975-1979     71     0.033040     0.065993     0.042179 
1975-1979     72     0.038068     0.072899     0.047380 
1975-1979     73     0.041318     0.077318     0.050472 
1975-1979     74     0.046616     0.084233     0.055709 
1975-1979     75     0.053433     0.091252     0.062255 
1975-1979     76     0.059412     0.097969     0.068214 
1975-1979     77     0.066708     0.105807     0.075513 
1975-1979     78     0.078291     0.118084     0.087233 
1975-1979     79     0.084973     0.125004     0.094072 
1975-1979     80     0.097357     0.138456     0.106732 
1975-1979     81     0.101570     0.141670     0.110721 
1975-1979     82     0.116140     0.158078     0.125696 
1975-1979     83     0.125551     0.167106     0.134988 
1975-1979     84     0.137024     0.183050     0.147331 
1975-1979     85     0.146075     0.194223     0.156524 
1975-1979     86     0.160298     0.206916     0.170022 
1975-1979     87     0.168845     0.218767     0.178866 
1975-1979     88     0.183350     0.241003     0.194465 
1975-1979     89     0.195266     0.244701     0.204473 
1975-1979     90     0.224236     0.274256     0.233392 
1975-1979     91     0.213780     0.260070     0.222191 
1975-1979     92     0.233767     0.284996     0.243022 
1975-1979     93     0.245738     0.289381     0.253590 
1975-1979     94     0.256430     0.296491     0.263639 
1975-1979     95     0.270760     0.308210     0.277489 
1975-1979     96     0.287673     0.298221     0.289576 
1975-1979     97     0.284874     0.305978     0.288715 
1975-1979     98     0.306644     0.300285     0.305471 
1975-1979     99     0.351144     0.363059     0.353375 
1975-1979    100     0.367439     0.373988     0.368672 
1975-1979    101     0.383323     0.383887     0.383431 
1975-1979    102     0.399513     0.393748     0.398385 
1975-1979    103     0.415060     0.403409     0.412740 
1975-1979    104     0.431226     0.413371     0.427602 
1975-1979    105     0.448340     0.423071     0.443032 
1975-1979    106     0.464608     0.431591     0.457433 
1975-1979    107     0.480383     0.443860     0.472290 
1975-1979    108     0.499717     0.458572     0.490410 
1975-1979    109     0.527127     0.484906     0.517369 
1975-1979    110+    0.661257     0.656183     0.660239 
1980-1984      0     0.018003     0.024328     0.021229 
1980-1984      1     0.002516     0.003048     0.002787 
1980-1984      2     0.001121     0.001361     0.001243 
1980-1984      3     0.000772     0.000993     0.000884 
1980-1984      4     0.000639     0.000908     0.000776 
1980-1984      5     0.000512     0.000839     0.000678 
1980-1984      6     0.000485     0.000799     0.000645 
1980-1984      7     0.000487     0.000858     0.000675 
1980-1984      8     0.000440     0.000784     0.000615 
1980-1984      9     0.000376     0.000679     0.000530 
1980-1984     10     0.000354     0.000664     0.000512 
1980-1984     11     0.000350     0.000586     0.000470 
1980-1984     12     0.000340     0.000593     0.000469 
1980-1984     13     0.000361     0.000648     0.000508 
1980-1984     14     0.000384     0.000750     0.000570 
1980-1984     15     0.000462     0.000984     0.000727 
1980-1984     16     0.000525     0.001306     0.000921 
1980-1984     17     0.000580     0.001828     0.001212 
1980-1984     18     0.000639     0.002190     0.001425 
1980-1984     19     0.000688     0.002156     0.001434 
1980-1984     20     0.000747     0.002465     0.001625 
1980-1984     21     0.000727     0.002927     0.001855 
1980-1984     22     0.000715     0.003164     0.001971 
1980-1984     23     0.000749     0.003368     0.002090 
1980-1984     24     0.000776     0.003523     0.002177 
1980-1984     25     0.000847     0.003853     0.002373 
1980-1984     26     0.000861     0.003913     0.002405 
1980-1984     27     0.000926     0.004140     0.002551 
1980-1984     28     0.000958     0.004390     0.002691 
1980-1984     29     0.001055     0.004592     0.002839 
1980-1984     30     0.001163     0.005030     0.003111 
1980-1984     31     0.001251     0.005070     0.003172 
1980-1984     32     0.001295     0.005355     0.003334 
1980-1984     33     0.001413     0.005564     0.003494 
1980-1984     34     0.001498     0.005735     0.003617 
1980-1984     35     0.001684     0.006317     0.003996 
1980-1984     36     0.001734     0.006386     0.004051 
1980-1984     37     0.001992     0.006918     0.004433 
1980-1984     38     0.002097     0.007462     0.004733 
1980-1984     39     0.002310     0.008150     0.005161 
1980-1984     40     0.002581     0.009223     0.005801 
1980-1984     41     0.002592     0.009330     0.005838 
1980-1984     42     0.002763     0.009765     0.006129 
1980-1984     43     0.002926     0.010195     0.006412 
1980-1984     44     0.003190     0.010661     0.006764 
1980-1984     45     0.003503     0.011655     0.007395 
1980-1984     46     0.003736     0.012039     0.007692 
1980-1984     47     0.004158     0.013051     0.008374 
1980-1984     48     0.004601     0.014088     0.009076 
1980-1984     49     0.004974     0.015144     0.009745 
1980-1984     50     0.005597     0.016726     0.010786 
1980-1984     51     0.005798     0.016999     0.010981 
1980-1984     52     0.006258     0.018372     0.011815 
1980-1984     53     0.006664     0.019396     0.012418 
1980-1984     54     0.007206     0.020674     0.013128 
1980-1984     55     0.007970     0.022156     0.013970 
1980-1984     56     0.008723     0.023624     0.014713 
1980-1984     57     0.009385     0.024970     0.015279 
1980-1984     58     0.010061     0.026520     0.015923 
1980-1984     59     0.011118     0.028757     0.017140 
1980-1984     60     0.012385     0.031577     0.018768 
1980-1984     61     0.013059     0.032313     0.019411 
1980-1984     62     0.014438     0.034996     0.021252 
1980-1984     63     0.015544     0.037582     0.022820 
1980-1984     64     0.016936     0.040242     0.024521 
1980-1984     65     0.018712     0.043636     0.026682 
1980-1984     66     0.020060     0.045831     0.028146 
1980-1984     67     0.022024     0.049081     0.030339 
1980-1984     68     0.024481     0.053025     0.033094 
1980-1984     69     0.027010     0.056374     0.035738 
1980-1984     70     0.030971     0.061938     0.040006 
1980-1984     71     0.033434     0.065148     0.042467 
1980-1984     72     0.037993     0.071698     0.047353 
1980-1984     73     0.042308     0.077567     0.051841 
1980-1984     74     0.047055     0.084496     0.056838 
1980-1984     75     0.052356     0.091088     0.062133 
1980-1984     76     0.058566     0.098835     0.068379 
1980-1984     77     0.063997     0.105278     0.073637 
1980-1984     78     0.070565     0.112824     0.079886 
1980-1984     79     0.078180     0.123047     0.087554 
1980-1984     80     0.096628     0.140272     0.105544 
1980-1984     81     0.103049     0.144537     0.111251 
1980-1984     82     0.116931     0.160359     0.125332 
1980-1984     83     0.128722     0.170728     0.136768 
1980-1984     84     0.142240     0.185871     0.150615 
1980-1984     85     0.152713     0.197045     0.161252 
1980-1984     86     0.170002     0.216553     0.178932 
1980-1984     87     0.180311     0.227899     0.189367 
1980-1984     88     0.192225     0.241590     0.201515 
1980-1984     89     0.200839     0.254959     0.210773 
1980-1984     90     0.224517     0.278816     0.234072 
1980-1984     91     0.223802     0.277014     0.232731 
1980-1984     92     0.243407     0.286911     0.250421 
1980-1984     93     0.249283     0.302645     0.257587 
1980-1984     94     0.260346     0.321234     0.269529 
1980-1984     95     0.277483     0.317540     0.283461 
1980-1984     96     0.294705     0.331574     0.300261 
1980-1984     97     0.291534     0.323632     0.296441 
1980-1984     98     0.318412     0.322497     0.319055 
1980-1984     99     0.323879     0.375848     0.332293 
1980-1984    100     0.336606     0.389163     0.345156 
1980-1984    101     0.349179     0.403709     0.358066 
1980-1984    102     0.361011     0.415831     0.369992 
1980-1984    103     0.372749     0.427169     0.381801 
1980-1984    104     0.384255     0.441484     0.393915 
1980-1984    105     0.394768     0.457351     0.405488 
1980-1984    106     0.405397     0.474827     0.417522 
1980-1984    107     0.416268     0.494255     0.430205 
1980-1984    108     0.427851     0.527825     0.445847 
1980-1984    109     0.439960     0.568211     0.462978 
1980-1984    110+    0.499737     0.739830     0.540660 
1985-1989      0     0.016232     0.022284     0.019319 
1985-1989      1     0.001971     0.002427     0.002204 
1985-1989      2     0.000944     0.001193     0.001071 
1985-1989      3     0.000630     0.000867     0.000751 
1985-1989      4     0.000550     0.000781     0.000667 
1985-1989      5     0.000485     0.000731     0.000610 
1985-1989      6     0.000413     0.000690     0.000554 
1985-1989      7     0.000397     0.000757     0.000580 
1985-1989      8     0.000366     0.000699     0.000535 
1985-1989      9     0.000321     0.000659     0.000492 
1985-1989     10     0.000307     0.000595     0.000453 
1985-1989     11     0.000283     0.000527     0.000406 
1985-1989     12     0.000293     0.000550     0.000424 
1985-1989     13     0.000310     0.000600     0.000457 
1985-1989     14     0.000361     0.000713     0.000540 
1985-1989     15     0.000449     0.000865     0.000661 
1985-1989     16     0.000524     0.001128     0.000833 
1985-1989     17     0.000566     0.001473     0.001031 
1985-1989     18     0.000651     0.001742     0.001211 
1985-1989     19     0.000665     0.001753     0.001222 
1985-1989     20     0.000656     0.001981     0.001330 
1985-1989     21     0.000638     0.002318     0.001488 
1985-1989     22     0.000638     0.002448     0.001556 
1985-1989     23     0.000658     0.002512     0.001600 
1985-1989     24     0.000670     0.002603     0.001654 
1985-1989     25     0.000717     0.002748     0.001752 
1985-1989     26     0.000724     0.002777     0.001770 
1985-1989     27     0.000756     0.002930     0.001861 
1985-1989     28     0.000800     0.003093     0.001962 
1985-1989     29     0.000856     0.003253     0.002067 
1985-1989     30     0.000903     0.003477     0.002201 
1985-1989     31     0.000964     0.003494     0.002238 
1985-1989     32     0.001025     0.003692     0.002365 
1985-1989     33     0.001111     0.003917     0.002518 
1985-1989     34     0.001187     0.004132     0.002662 
1985-1989     35     0.001299     0.004410     0.002854 
1985-1989     36     0.001416     0.004616     0.003012 
1985-1989     37     0.001474     0.004826     0.003143 
1985-1989     38     0.001667     0.005193     0.003419 
1985-1989     39     0.001753     0.005500     0.003609 
1985-1989     40     0.001963     0.006094     0.004004 
1985-1989     41     0.002046     0.006241     0.004112 
1985-1989     42     0.002345     0.007055     0.004652 
1985-1989     43     0.002542     0.007977     0.005181 
1985-1989     44     0.002753     0.008524     0.005533 
1985-1989     45     0.002982     0.009181     0.005945 
1985-1989     46     0.003232     0.009705     0.006305 
1985-1989     47     0.003491     0.010483     0.006797 
1985-1989     48     0.003727     0.011025     0.007167 
1985-1989     49     0.004109     0.011967     0.007798 
1985-1989     50     0.004512     0.013209     0.008580 
1985-1989     51     0.004892     0.013772     0.009028 
1985-1989     52     0.005448     0.015239     0.009976 
1985-1989     53     0.005944     0.016502     0.010789 
1985-1989     54     0.006451     0.017885     0.011654 
1985-1989     55     0.007130     0.019305     0.012618 
1985-1989     56     0.007829     0.020829     0.013629 
1985-1989     57     0.008394     0.022615     0.014669 
1985-1989     58     0.009146     0.024061     0.015607 
1985-1989     59     0.010210     0.026161     0.016909 
1985-1989     60     0.011223     0.028616     0.018222 
1985-1989     61     0.012282     0.030671     0.019285 
1985-1989     62     0.013698     0.032837     0.020525 
1985-1989     63     0.014991     0.034971     0.021677 
1985-1989     64     0.016678     0.037634     0.023381 
1985-1989     65     0.018476     0.040446     0.025315 
1985-1989     66     0.020383     0.043183     0.027406 
1985-1989     67     0.022380     0.046535     0.029814 
1985-1989     68     0.024639     0.050128     0.032401 
1985-1989     69     0.027133     0.054331     0.035237 
1985-1989     70     0.030846     0.060458     0.039437 
1985-1989     71     0.033315     0.063145     0.041763 
1985-1989     72     0.037415     0.068975     0.046135 
1985-1989     73     0.041458     0.074248     0.050304 
1985-1989     74     0.046283     0.080712     0.055377 
1985-1989     75     0.051746     0.086776     0.060774 
1985-1989     76     0.057586     0.094401     0.066790 
1985-1989     77     0.064229     0.102102     0.073398 
1985-1989     78     0.071916     0.111549     0.081212 
1985-1989     79     0.079789     0.119988     0.088860 
1985-1989     80     0.092108     0.133269     0.101131 
1985-1989     81     0.100972     0.141118     0.109409 
1985-1989     82     0.113355     0.156944     0.122090 
1985-1989     83     0.124365     0.165135     0.132107 
1985-1989     84     0.138373     0.178303     0.145559 
1985-1989     85     0.154397     0.194485     0.161289 
1985-1989     86     0.168790     0.209404     0.175543 
1985-1989     87     0.182592     0.222406     0.189061 
1985-1989     88     0.198095     0.239525     0.204753 
1985-1989     89     0.214781     0.259259     0.221923 
1985-1989     90     0.236935     0.281529     0.244076 
1985-1989     91     0.243948     0.284782     0.250412 
1985-1989     92     0.259772     0.305211     0.266866 
1985-1989     93     0.269841     0.323682     0.278080 
1985-1989     94     0.271025     0.329136     0.279590 
1985-1989     95     0.282057     0.329056     0.288650 
1985-1989     96     0.291121     0.312310     0.293985 
1985-1989     97     0.297838     0.318115     0.300534 
1985-1989     98     0.309389     0.318634     0.310613 
1985-1989     99     0.344316     0.375962     0.348509 
1985-1989    100     0.360563     0.388338     0.364248 
1985-1989    101     0.377995     0.400654     0.381019 
1985-1989    102     0.394919     0.412335     0.397258 
1985-1989    103     0.411557     0.422856     0.413089 
1985-1989    104     0.428274     0.433976     0.429057 
1985-1989    105     0.445404     0.444903     0.445334 
1985-1989    106     0.463250     0.457261     0.462406 
1985-1989    107     0.480571     0.470786     0.479175 
1985-1989    108     0.497831     0.482638     0.495625 
1985-1989    109     0.515402     0.501908     0.513429 
1985-1989    110+    0.577726     0.654918     0.587036 
1990-1994      0     0.015130     0.020557     0.017914 
1990-1994      1     0.001575     0.001908     0.001745 
1990-1994      2     0.000877     0.001105     0.000994 
1990-1994      3     0.000646     0.000899     0.000776 
1990-1994      4     0.000595     0.000838     0.000719 
1990-1994      5     0.000480     0.000746     0.000616 
1990-1994      6     0.000415     0.000711     0.000566 
1990-1994      7     0.000406     0.000731     0.000571 
1990-1994      8     0.000363     0.000739     0.000554 
1990-1994      9     0.000327     0.000657     0.000495 
1990-1994     10     0.000306     0.000604     0.000458 
1990-1994     11     0.000306     0.000569     0.000440 
1990-1994     12     0.000304     0.000616     0.000463 
1990-1994     13     0.000348     0.000679     0.000516 
1990-1994     14     0.000411     0.000822     0.000619 
1990-1994     15     0.000541     0.001079     0.000814 
1990-1994     16     0.000679     0.001495     0.001092 
1990-1994     17     0.000768     0.002064     0.001424 
1990-1994     18     0.000808     0.002325     0.001576 
1990-1994     19     0.000835     0.002485     0.001673 
1990-1994     20     0.000850     0.002859     0.001879 
1990-1994     21     0.000824     0.003171     0.002033 
1990-1994     22     0.000860     0.003343     0.002139 
1990-1994     23     0.000861     0.003502     0.002217 
1990-1994     24     0.000882     0.003695     0.002317 
1990-1994     25     0.000915     0.003879     0.002418 
1990-1994     26     0.000939     0.004019     0.002496 
1990-1994     27     0.000976     0.004285     0.002650 
1990-1994     28     0.001032     0.004458     0.002766 
1990-1994     29     0.001080     0.004747     0.002934 
1990-1994     30     0.001181     0.005207     0.003213 
1990-1994     31     0.001244     0.005407     0.003342 
1990-1994     32     0.001330     0.005717     0.003537 
1990-1994     33     0.001435     0.006097     0.003776 
1990-1994     34     0.001549     0.006498     0.004029 
1990-1994     35     0.001743     0.006998     0.004370 
1990-1994     36     0.001858     0.007276     0.004561 
1990-1994     37     0.001985     0.007713     0.004836 
1990-1994     38     0.002169     0.008266     0.005196 
1990-1994     39     0.002385     0.008863     0.005596 
1990-1994     40     0.002639     0.009906     0.006233 
1990-1994     41     0.002880     0.010186     0.006485 
1990-1994     42     0.003066     0.010864     0.006904 
1990-1994     43     0.003462     0.011744     0.007526 
1990-1994     44     0.003812     0.012905     0.008256 
1990-1994     45     0.004283     0.014527     0.009269 
1990-1994     46     0.004582     0.015152     0.009707 
1990-1994     47     0.005061     0.016506     0.010572 
1990-1994     48     0.005096     0.016269     0.010425 
1990-1994     49     0.005095     0.016365     0.010423 
1990-1994     50     0.005482     0.017802     0.011256 
1990-1994     51     0.005883     0.018522     0.011758 
1990-1994     52     0.006406     0.020325     0.012837 
1990-1994     53     0.006901     0.021728     0.013716 
1990-1994     54     0.007626     0.023617     0.014932 
1990-1994     55     0.008660     0.025915     0.016494 
1990-1994     56     0.009268     0.027129     0.017322 
1990-1994     57     0.010147     0.028853     0.018500 
1990-1994     58     0.010906     0.030039     0.019364 
1990-1994     59     0.011564     0.031542     0.020297 
1990-1994     60     0.012563     0.034682     0.022104 
1990-1994     61     0.013546     0.036490     0.023311 
1990-1994     62     0.014984     0.039734     0.025367 
1990-1994     63     0.016326     0.042519     0.027068 
1990-1994     64     0.018057     0.045362     0.028857 
1990-1994     65     0.019804     0.048685     0.030682 
1990-1994     66     0.022004     0.052558     0.032841 
1990-1994     67     0.023860     0.055250     0.034241 
1990-1994     68     0.026840     0.058635     0.036665 
1990-1994     69     0.029646     0.062082     0.039196 
1990-1994     70     0.032938     0.065731     0.042305 
1990-1994     71     0.036396     0.069011     0.045573 
1990-1994     72     0.039769     0.074097     0.049363 
1990-1994     73     0.043237     0.078652     0.052980 
1990-1994     74     0.047988     0.085319     0.057976 
1990-1994     75     0.053193     0.092542     0.063375 
1990-1994     76     0.058084     0.097996     0.068103 
1990-1994     77     0.063753     0.104090     0.073578 
1990-1994     78     0.072178     0.114586     0.082197 
1990-1994     79     0.080856     0.124687     0.090939 
1990-1994     80     0.091452     0.136686     0.101504 
1990-1994     81     0.101553     0.147169     0.111360 
1990-1994     82     0.113172     0.160992     0.123095 
1990-1994     83     0.125907     0.174638     0.135630 
1990-1994     84     0.139202     0.187432     0.148439 
1990-1994     85     0.153674     0.203617     0.162851 
1990-1994     86     0.170930     0.220589     0.179637 
1990-1994     87     0.187704     0.236434     0.195837 
1990-1994     88     0.204660     0.253416     0.212375 
1990-1994     89     0.222002     0.271570     0.229425 
1990-1994     90     0.246214     0.291730     0.252718 
1990-1994     91     0.261490     0.310057     0.268203 
1990-1994     92     0.281561     0.327401     0.287742 
1990-1994     93     0.303117     0.348967     0.309231 
1990-1994     94     0.318323     0.372663     0.325549 
1990-1994     95     0.327856     0.388657     0.335807 
1990-1994     96     0.339443     0.377714     0.344327 
1990-1994     97     0.338956     0.394119     0.345870 
1990-1994     98     0.336417     0.393078     0.343369 
1990-1994     99     0.337021     0.402696     0.344840 
1990-1994    100     0.462929     0.508048     0.468157 
1990-1994    101     0.494877     0.540535     0.500107 
1990-1994    102     0.527265     0.572244     0.532398 
1990-1994    103     0.561883     0.605563     0.566886 
1990-1994    104     0.598271     0.641057     0.603235 
1990-1994    105     0.634952     0.679537     0.640223 
1990-1994    106     0.671032     0.720439     0.676979 
1990-1994    107     0.706346     0.763817     0.713398 
1990-1994    108     0.745841     0.818188     0.754877 
1990-1994    109     0.790955     0.887920     0.803255 
1990-1994    110+    0.933962     1.153923     0.959304 
1995-1999      0     0.014729     0.019724     0.017293 
1995-1999      1     0.001670     0.001963     0.001820 
1995-1999      2     0.000867     0.001060     0.000966 
1995-1999      3     0.000621     0.000833     0.000730 
1995-1999      4     0.000545     0.000782     0.000667 
1995-1999      5     0.000459     0.000664     0.000564 
1995-1999      6     0.000400     0.000628     0.000517 
1995-1999      7     0.000374     0.000632     0.000506 
1995-1999      8     0.000355     0.000625     0.000493 
1995-1999      9     0.000314     0.000569     0.000444 
1995-1999     10     0.000293     0.000546     0.000422 
1995-1999     11     0.000273     0.000520     0.000398 
1995-1999     12     0.000298     0.000532     0.000417 
1995-1999     13     0.000335     0.000625     0.000483 
1995-1999     14     0.000408     0.000762     0.000588 
1995-1999     15     0.000559     0.001046     0.000807 
1995-1999     16     0.000736     0.001516     0.001133 
1995-1999     17     0.000831     0.002114     0.001483 
1995-1999     18     0.000919     0.002614     0.001779 
1995-1999     19     0.000965     0.003147     0.002067 
1995-1999     20     0.001019     0.003618     0.002330 
1995-1999     21     0.001001     0.004060     0.002547 
1995-1999     22     0.001017     0.004301     0.002681 
1995-1999     23     0.001030     0.004445     0.002764 
1995-1999     24     0.001073     0.004557     0.002849 
1995-1999     25     0.001153     0.004758     0.002996 
1995-1999     26     0.001130     0.004810     0.003010 
1995-1999     27     0.001209     0.004940     0.003108 
1995-1999     28     0.001242     0.005237     0.003267 
1995-1999     29     0.001332     0.005528     0.003449 
1995-1999     30     0.001482     0.006146     0.003826 
1995-1999     31     0.001462     0.006135     0.003806 
1995-1999     32     0.001561     0.006317     0.003943 
1995-1999     33     0.001634     0.006750     0.004194 
1995-1999     34     0.001733     0.007099     0.004413 
1995-1999     35     0.001942     0.007829     0.004876 
1995-1999     36     0.002030     0.007893     0.004945 
1995-1999     37     0.002165     0.008360     0.005237 
1995-1999     38     0.002326     0.008855     0.005556 
1995-1999     39     0.002502     0.009508     0.005956 
1995-1999     40     0.002842     0.011022     0.006859 
1995-1999     41     0.002978     0.010951     0.006881 
1995-1999     42     0.003194     0.011570     0.007280 
1995-1999     43     0.003428     0.012549     0.007863 
1995-1999     44     0.003776     0.013302     0.008393 
1995-1999     45     0.004197     0.014955     0.009393 
1995-1999     46     0.004583     0.015511     0.009843 
1995-1999     47     0.004847     0.016019     0.010203 
1995-1999     48     0.005383     0.017419     0.011127 
1995-1999     49     0.005722     0.018437     0.011754 
1995-1999     50     0.006476     0.021187     0.013405 
1995-1999     51     0.006655     0.020559     0.013160 
1995-1999     52     0.007146     0.022121     0.014089 
1995-1999     53     0.007793     0.024220     0.015324 
1995-1999     54     0.008376     0.026087     0.016409 
1995-1999     55     0.009257     0.028484     0.017876 
1995-1999     56     0.009811     0.029141     0.018379 
1995-1999     57     0.010322     0.030554     0.019211 
1995-1999     58     0.010997     0.032005     0.020155 
1995-1999     59     0.011913     0.033740     0.021345 
1995-1999     60     0.013207     0.038122     0.023872 
1995-1999     61     0.014244     0.038979     0.024725 
1995-1999     62     0.015646     0.041449     0.026442 
1995-1999     63     0.017316     0.044555     0.028565 
1995-1999     64     0.018768     0.047302     0.030378 
1995-1999     65     0.020470     0.050763     0.032589 
1995-1999     66     0.022381     0.053932     0.034779 
1995-1999     67     0.024815     0.057569     0.037438 
1995-1999     68     0.027142     0.061072     0.039861 
1995-1999     69     0.029870     0.064878     0.042441 
1995-1999     70     0.033280     0.069078     0.045430 
1995-1999     71     0.037022     0.073745     0.048687 
1995-1999     72     0.040623     0.077119     0.051362 
1995-1999     73     0.045184     0.081680     0.055162 
1995-1999     74     0.049936     0.087259     0.059616 
1995-1999     75     0.055280     0.092250     0.064556 
1995-1999     76     0.061815     0.099686     0.071139 
1995-1999     77     0.068393     0.107620     0.077938 
1995-1999     78     0.075208     0.113249     0.084292 
1995-1999     79     0.083054     0.122710     0.092217 
1995-1999     80     0.093314     0.136587     0.102758 
1995-1999     81     0.102451     0.146087     0.111645 
1995-1999     82     0.114768     0.158559     0.123674 
1995-1999     83     0.128306     0.172944     0.137096 
1995-1999     84     0.141958     0.187496     0.150641 
1995-1999     85     0.157687     0.202424     0.165922 
1995-1999     86     0.174480     0.215972     0.181847 
1995-1999     87     0.192443     0.236188     0.199909 
1995-1999     88     0.212544     0.255469     0.219555 
1995-1999     89     0.232926     0.279065     0.240125 
1995-1999     90     0.256362     0.296520     0.262362 
1995-1999     91     0.279852     0.318979     0.285435 
1995-1999     92     0.301095     0.348951     0.307594 
1995-1999     93     0.325894     0.366778     0.331125 
1995-1999     94     0.349206     0.377562     0.352646 
1995-1999     95     0.374219     0.393718     0.376506 
1995-1999     96     0.378915     0.406691     0.382094 
1995-1999     97     0.391135     0.389851     0.390991 
1995-1999     98     0.386599     0.414067     0.389672 
1995-1999     99     0.376196     0.435057     0.382672 
1995-1999    100     0.549087     0.567271     0.551008 
1995-1999    101     0.591904     0.610036     0.593759 
1995-1999    102     0.636589     0.656472     0.638584 
1995-1999    103     0.684168     0.709596     0.686679 
1995-1999    104     0.734222     0.773137     0.737951 
1995-1999    105     0.788426     0.853929     0.794408 
1995-1999    106     0.846411     0.967259     0.856728 
1995-1999    107     0.911875     1.178518     0.932105 
1995-1999    108     0.993463     1.717797     1.035349 
1995-1999    109     1.099078     2.645403     1.146921 
1995-1999    110+    1.480179     4.212766     1.502922 
2000-2004      0     0.011842     0.015750     0.013850 
2000-2004      1     0.001292     0.001561     0.001430 
2000-2004      2     0.000706     0.000931     0.000821 
2000-2004      3     0.000527     0.000757     0.000645 
2000-2004      4     0.000517     0.000690     0.000605 
2000-2004      5     0.000429     0.000559     0.000495 
2000-2004      6     0.000356     0.000545     0.000453 
2000-2004      7     0.000314     0.000547     0.000433 
2000-2004      8     0.000297     0.000530     0.000416 
2000-2004      9     0.000302     0.000527     0.000417 
2000-2004     10     0.000283     0.000511     0.000400 
2000-2004     11     0.000284     0.000501     0.000395 
2000-2004     12     0.000277     0.000514     0.000398 
2000-2004     13     0.000318     0.000602     0.000463 
2000-2004     14     0.000400     0.000711     0.000559 
2000-2004     15     0.000511     0.000981     0.000750 
2000-2004     16     0.000630     0.001367     0.001005 
2000-2004     17     0.000731     0.001872     0.001311 
2000-2004     18     0.000852     0.002294     0.001584 
2000-2004     19     0.000896     0.002791     0.001855 
2000-2004     20     0.000973     0.003368     0.002183 
2000-2004     21     0.001016     0.003863     0.002453 
2000-2004     22     0.001051     0.004310     0.002696 
2000-2004     23     0.001136     0.004646     0.002904 
2000-2004     24     0.001177     0.004960     0.003079 
2000-2004     25     0.001329     0.005482     0.003414 
2000-2004     26     0.001352     0.005636     0.003501 
2000-2004     27     0.001433     0.005887     0.003667 
2000-2004     28     0.001506     0.006174     0.003848 
2000-2004     29     0.001572     0.006323     0.003958 
2000-2004     30     0.001799     0.006984     0.004403 
2000-2004     31     0.001792     0.006921     0.004363 
2000-2004     32     0.001881     0.007234     0.004557 
2000-2004     33     0.002049     0.007524     0.004778 
2000-2004     34     0.002159     0.008006     0.005065 
2000-2004     35     0.002327     0.008778     0.005523 
2000-2004     36     0.002399     0.009036     0.005679 
2000-2004     37     0.002543     0.009580     0.006011 
2000-2004     38     0.002705     0.010152     0.006367 
2000-2004     39     0.002901     0.010832     0.006792 
2000-2004     40     0.003298     0.012715     0.007905 
2000-2004     41     0.003420     0.012665     0.007926 
2000-2004     42     0.003590     0.013322     0.008318 
2000-2004     43     0.003905     0.014299     0.008935 
2000-2004     44     0.004252     0.015360     0.009599 
2000-2004     45     0.004732     0.017343     0.010768 
2000-2004     46     0.005061     0.017927     0.011187 
2000-2004     47     0.005375     0.018960     0.011809 
2000-2004     48     0.005843     0.020218     0.012613 
2000-2004     49     0.006320     0.021497     0.013433 
2000-2004     50     0.007277     0.025002     0.015542 
2000-2004     51     0.007672     0.025050     0.015729 
2000-2004     52     0.008067     0.025850     0.016265 
2000-2004     53     0.008728     0.027561     0.017351 
2000-2004     54     0.009311     0.029039     0.018264 
2000-2004     55     0.010841     0.032267     0.020467 
2000-2004     56     0.011295     0.032816     0.020870 
2000-2004     57     0.011771     0.034354     0.021698 
2000-2004     58     0.012359     0.035384     0.022340 
2000-2004     59     0.013048     0.037329     0.023439 
2000-2004     60     0.014132     0.043445     0.026501 
2000-2004     61     0.015222     0.045138     0.027649 
2000-2004     62     0.016213     0.046808     0.028746 
2000-2004     63     0.017400     0.048716     0.030071 
2000-2004     64     0.019099     0.051242     0.031936 
2000-2004     65     0.021142     0.054591     0.034326 
2000-2004     66     0.022676     0.056689     0.035906 
2000-2004     67     0.025185     0.060209     0.038599 
2000-2004     68     0.027864     0.063692     0.041355 
2000-2004     69     0.030402     0.067751     0.044215 
2000-2004     70     0.033634     0.072421     0.047678 
2000-2004     71     0.037046     0.077023     0.051183 
2000-2004     72     0.040948     0.082566     0.055295 
2000-2004     73     0.045144     0.087872     0.059378 
2000-2004     74     0.050176     0.093632     0.063935 
2000-2004     75     0.056000     0.099962     0.069056 
2000-2004     76     0.062486     0.105870     0.074474 
2000-2004     77     0.068925     0.110011     0.079395 
2000-2004     78     0.076568     0.116642     0.086018 
2000-2004     79     0.085013     0.123591     0.093613 
2000-2004     80     0.094353     0.138366     0.103478 
2000-2004     81     0.104038     0.148706     0.113129 
2000-2004     82     0.115310     0.159161     0.124152 
2000-2004     83     0.128476     0.173528     0.137381 
2000-2004     84     0.142382     0.183808     0.150296 
2000-2004     85     0.156741     0.197860     0.164296 
2000-2004     86     0.172871     0.215089     0.180344 
2000-2004     87     0.191714     0.230865     0.198404 
2000-2004     88     0.212229     0.249901     0.218485 
2000-2004     89     0.234412     0.271785     0.240436 
2000-2004     90     0.255322     0.293414     0.261263 
2000-2004     91     0.278581     0.317074     0.284362 
2000-2004     92     0.307310     0.341862     0.312301 
2000-2004     93     0.331814     0.366219     0.336585 
2000-2004     94     0.356596     0.384304     0.360287 
2000-2004     95     0.382575     0.415514     0.386777 
2000-2004     96     0.402206     0.419222     0.404296 
2000-2004     97     0.415908     0.418000     0.416159 
2000-2004     98     0.425868     0.404524     0.423339 
2000-2004     99     0.429021     0.407927     0.426554 
2000-2004    100     0.535611     0.531529     0.535137 
2000-2004    101     0.560206     0.546637     0.558638 
2000-2004    102     0.583711     0.560907     0.581107 
2000-2004    103     0.606515     0.575961     0.603031 
2000-2004    104     0.629550     0.599090     0.626073 
2000-2004    105     0.654593     0.640082     0.652991 
2000-2004    106     0.679962     0.722795     0.684305 
2000-2004    107     0.712256     0.920551     0.730072 
2000-2004    108     0.767013     1.696244     0.812750 
2000-2004    109     0.883969     6.000000     0.899285 
2000-2004    110+    1.453929            .     1.453929 
2005-2009      0     0.008332     0.010828     0.009613 
2005-2009      1     0.000881     0.001072     0.000979 
2005-2009      2     0.000527     0.000692     0.000612 
2005-2009      3     0.000403     0.000577     0.000492 
2005-2009      4     0.000364     0.000511     0.000440 
2005-2009      5     0.000328     0.000434     0.000382 
2005-2009      6     0.000279     0.000394     0.000338 
2005-2009      7     0.000256     0.000390     0.000325 
2005-2009      8     0.000251     0.000411     0.000333 
2005-2009      9     0.000244     0.000368     0.000307 
2005-2009     10     0.000222     0.000405     0.000316 
2005-2009     11     0.000229     0.000385     0.000309 
2005-2009     12     0.000229     0.000410     0.000321 
2005-2009     13     0.000282     0.000482     0.000384 
2005-2009     14     0.000355     0.000596     0.000478 
2005-2009     15     0.000472     0.000816     0.000647 
2005-2009     16     0.000546     0.001087     0.000821 
2005-2009     17     0.000633     0.001433     0.001041 
2005-2009     18     0.000705     0.001838     0.001278 
2005-2009     19     0.000734     0.002098     0.001418 
2005-2009     20     0.000782     0.002498     0.001644 
2005-2009     21     0.000817     0.002853     0.001845 
2005-2009     22     0.000877     0.003267     0.002086 
2005-2009     23     0.000999     0.003654     0.002338 
2005-2009     24     0.001107     0.004170     0.002650 
2005-2009     25     0.001275     0.004791     0.003044 
2005-2009     26     0.001334     0.005190     0.003269 
2005-2009     27     0.001495     0.005648     0.003574 
2005-2009     28     0.001600     0.006116     0.003854 
2005-2009     29     0.001706     0.006496     0.004090 
2005-2009     30     0.001917     0.007349     0.004611 
2005-2009     31     0.001887     0.007282     0.004556 
2005-2009     32     0.002003     0.007436     0.004687 
2005-2009     33     0.002110     0.007661     0.004849 
2005-2009     34     0.002181     0.007805     0.004956 
2005-2009     35     0.002442     0.008422     0.005391 
2005-2009     36     0.002449     0.008315     0.005338 
2005-2009     37     0.002583     0.008504     0.005494 
2005-2009     38     0.002697     0.008969     0.005773 
2005-2009     39     0.002861     0.009543     0.006126 
2005-2009     40     0.003290     0.011320     0.007195 
2005-2009     41     0.003218     0.010991     0.006984 
2005-2009     42     0.003422     0.011613     0.007375 
2005-2009     43     0.003634     0.012296     0.007799 
2005-2009     44     0.003915     0.013089     0.008313 
2005-2009     45     0.004289     0.014658     0.009241 
2005-2009     46     0.004474     0.014903     0.009428 
2005-2009     47     0.004733     0.015807     0.009965 
2005-2009     48     0.005023     0.016669     0.010492 
2005-2009     49     0.005439     0.017881     0.011237 
2005-2009     50     0.006097     0.020809     0.012890 
2005-2009     51     0.006395     0.020761     0.012974 
2005-2009     52     0.006822     0.021818     0.013632 
2005-2009     53     0.007285     0.023200     0.014453 
2005-2009     54     0.007794     0.024633     0.015325 
2005-2009     55     0.008968     0.026852     0.016910 
2005-2009     56     0.009646     0.028147     0.017802 
2005-2009     57     0.010075     0.029089     0.018393 
2005-2009     58     0.010886     0.031025     0.019621 
2005-2009     59     0.011528     0.032393     0.020483 
2005-2009     60     0.012394     0.037061     0.022855 
2005-2009     61     0.012979     0.037237     0.023134 
2005-2009     62     0.013934     0.039191     0.024332 
2005-2009     63     0.015381     0.042119     0.026161 
2005-2009     64     0.016784     0.045036     0.027941 
2005-2009     65     0.018020     0.047910     0.029588 
2005-2009     66     0.019617     0.050780     0.031434 
2005-2009     67     0.021272     0.053518     0.033290 
2005-2009     68     0.023075     0.056162     0.035222 
2005-2009     69     0.025630     0.060078     0.038074 
2005-2009     70     0.028582     0.064574     0.041363 
2005-2009     71     0.031370     0.067825     0.044095 
2005-2009     72     0.035220     0.072527     0.047981 
2005-2009     73     0.039722     0.078717     0.052755 
2005-2009     74     0.044268     0.084416     0.057374 
2005-2009     75     0.049421     0.090873     0.062587 
2005-2009     76     0.055141     0.097820     0.068284 
2005-2009     77     0.061762     0.105445     0.074785 
2005-2009     78     0.068300     0.111920     0.080800 
2005-2009     79     0.076517     0.118969     0.088028 
2005-2009     80     0.083981     0.125236     0.094406 
2005-2009     81     0.094495     0.135561     0.104058 
2005-2009     82     0.104513     0.142999     0.112683 
2005-2009     83     0.115875     0.154391     0.123365 
2005-2009     84     0.128168     0.167157     0.135277 
2005-2009     85     0.142987     0.181374     0.149725 
2005-2009     86     0.158786     0.193189     0.164739 
2005-2009     87     0.175165     0.207257     0.180708 
2005-2009     88     0.193051     0.225343     0.198542 
2005-2009     89     0.213401     0.245772     0.218740 
2005-2009     90     0.235075     0.261569     0.239292 
2005-2009     91     0.260528     0.283882     0.264123 
2005-2009     92     0.282833     0.307815     0.286568 
2005-2009     93     0.309127     0.328808     0.312000 
2005-2009     94     0.335437     0.353432     0.338004 
2005-2009     95     0.363453     0.375412     0.365121 
2005-2009     96     0.385780     0.393268     0.386797 
2005-2009     97     0.412259     0.420491     0.413349 
2005-2009     98     0.421571     0.434156     0.423188 
2005-2009     99     0.425426     0.425557     0.425442 
2005-2009    100     0.452426     0.410364     0.447219 
2005-2009    101     0.466395     0.413374     0.459737 
2005-2009    102     0.479156     0.416301     0.471120 
2005-2009    103     0.490366     0.417922     0.480982 
2005-2009    104     0.500591     0.419342     0.489891 
2005-2009    105     0.510780     0.422712     0.498819 
2005-2009    106     0.519508     0.428070     0.506700 
2005-2009    107     0.528753     0.445824     0.517121 
2005-2009    108     0.542933     0.509510     0.538478 
2005-2009    109     0.569134     0.654084     0.578183 
2005-2009    110+    0.723374     0.739187     0.724067 
2010-2014      0     0.007114     0.008925     0.008045 
2010-2014      1     0.000696     0.000785     0.000742 
2010-2014      2     0.000406     0.000517     0.000463 
2010-2014      3     0.000327     0.000439     0.000384 
2010-2014      4     0.000271     0.000382     0.000328 
2010-2014      5     0.000249     0.000334     0.000293 
2010-2014      6     0.000227     0.000305     0.000267 
2010-2014      7     0.000213     0.000309     0.000262 
2010-2014      8     0.000206     0.000319     0.000264 
2010-2014      9     0.000188     0.000298     0.000244 
2010-2014     10     0.000194     0.000296     0.000246 
2010-2014     11     0.000186     0.000314     0.000252 
2010-2014     12     0.000216     0.000326     0.000272 
2010-2014     13     0.000244     0.000402     0.000325 
2010-2014     14     0.000318     0.000508     0.000415 
2010-2014     15     0.000389     0.000655     0.000525 
2010-2014     16     0.000453     0.000879     0.000671 
2010-2014     17     0.000474     0.001071     0.000779 
2010-2014     18     0.000555     0.001350     0.000960 
2010-2014     19     0.000586     0.001548     0.001077 
2010-2014     20     0.000597     0.001861     0.001242 
2010-2014     21     0.000627     0.002129     0.001392 
2010-2014     22     0.000686     0.002333     0.001524 
2010-2014     23     0.000730     0.002567     0.001663 
2010-2014     24     0.000814     0.002828     0.001834 
2010-2014     25     0.000900     0.003142     0.002033 
2010-2014     26     0.001021     0.003457     0.002250 
2010-2014     27     0.001158     0.003890     0.002533 
2010-2014     28     0.001281     0.004330     0.002812 
2010-2014     29     0.001442     0.004759     0.003105 
2010-2014     30     0.001604     0.005470     0.003539 
2010-2014     31     0.001756     0.005763     0.003756 
2010-2014     32     0.001862     0.006213     0.004025 
2010-2014     33     0.001977     0.006583     0.004259 
2010-2014     34     0.002052     0.007007     0.004495 
2010-2014     35     0.002233     0.007427     0.004782 
2010-2014     36     0.002241     0.007537     0.004832 
2010-2014     37     0.002326     0.007700     0.004949 
2010-2014     38     0.002415     0.007829     0.005055 
2010-2014     39     0.002545     0.007929     0.005170 
2010-2014     40     0.002682     0.008437     0.005486 
2010-2014     41     0.002802     0.008366     0.005510 
2010-2014     42     0.002925     0.008744     0.005751 
2010-2014     43     0.003080     0.009356     0.006117 
2010-2014     44     0.003272     0.009726     0.006380 
2010-2014     45     0.003451     0.010704     0.006924 
2010-2014     46     0.003659     0.011174     0.007239 
2010-2014     47     0.003876     0.011921     0.007688 
2010-2014     48     0.004075     0.012584     0.008085 
2010-2014     49     0.004366     0.013473     0.008637 
2010-2014     50     0.004718     0.014712     0.009379 
2010-2014     51     0.005058     0.015379     0.009836 
2010-2014     52     0.005375     0.016371     0.010427 
2010-2014     53     0.005743     0.017473     0.011087 
2010-2014     54     0.006147     0.018883     0.011886 
2010-2014     55     0.007078     0.020907     0.013235 
2010-2014     56     0.007591     0.022164     0.014007 
2010-2014     57     0.008107     0.023566     0.014836 
2010-2014     58     0.008770     0.025373     0.015916 
2010-2014     59     0.009462     0.026810     0.016857 
2010-2014     60     0.010216     0.030815     0.018911 
2010-2014     61     0.011176     0.032906     0.020247 
2010-2014     62     0.011850     0.033982     0.020983 
2010-2014     63     0.012982     0.035985     0.022357 
2010-2014     64     0.014003     0.037659     0.023506 
2010-2014     65     0.015066     0.039550     0.024752 
2010-2014     66     0.016339     0.040985     0.025940 
2010-2014     67     0.017740     0.043397     0.027532 
2010-2014     68     0.019327     0.047071     0.029630 
2010-2014     69     0.021408     0.050961     0.032079 
2010-2014     70     0.023783     0.055143     0.034811 
2010-2014     71     0.026637     0.060263     0.038155 
2010-2014     72     0.029324     0.064081     0.040964 
2010-2014     73     0.032245     0.067274     0.043753 
2010-2014     74     0.036292     0.072840     0.048050 
2010-2014     75     0.040772     0.078387     0.052614 
2010-2014     76     0.045125     0.082374     0.056610 
2010-2014     77     0.051697     0.089445     0.063052 
2010-2014     78     0.058486     0.096448     0.069580 
2010-2014     79     0.065413     0.103766     0.076307 
2010-2014     80     0.072896     0.110483     0.083366 
2010-2014     81     0.082490     0.119009     0.092320 
2010-2014     82     0.092665     0.127896     0.101826 
2010-2014     83     0.102384     0.136400     0.110872 
2010-2014     84     0.113744     0.145754     0.121289 
2010-2014     85     0.127291     0.156922     0.133799 
2010-2014     86     0.141653     0.171279     0.147655 
2010-2014     87     0.155700     0.182014     0.160566 
2010-2014     88     0.173756     0.197658     0.177815 
2010-2014     89     0.189057     0.214555     0.193133 
2010-2014     90     0.211806     0.234296     0.215291 
2010-2014     91     0.232844     0.261727     0.237280 
2010-2014     92     0.255602     0.276793     0.258857 
2010-2014     93     0.281617     0.300357     0.284473 
2010-2014     94     0.308045     0.320880     0.309964 
2010-2014     95     0.332990     0.344253     0.334634 
2010-2014     96     0.359013     0.356363     0.358634 
2010-2014     97     0.385682     0.380663     0.384969 
2010-2014     98     0.407401     0.388679     0.404753 
2010-2014     99     0.416179     0.409016     0.415167 
2010-2014    100     0.401837     0.357533     0.395503 
2010-2014    101     0.420924     0.367985     0.413212 
2010-2014    102     0.446003     0.385530     0.437008 
2010-2014    103     0.473311     0.403221     0.462478 
2010-2014    104     0.497556     0.422578     0.485563 
2010-2014    105     0.519690     0.444819     0.507338 
2010-2014    106     0.539034     0.472186     0.527702 
2010-2014    107     0.561321     0.514865     0.553330 
2010-2014    108     0.591405     0.591398     0.591404 
2010-2014    109     0.634454     0.738241     0.650781 
2010-2014    110+    0.828899     1.327987     0.883044 
