Taiwan, Death rates (period 1x5)     Last modified: 13-Jul-2016, MPv5 (May07)

   Year      Age       Female       Male         Total
1970-1974      0     0.013822     0.015885     0.014885 
1970-1974      1     0.004036     0.004337     0.004191 
1970-1974      2     0.002277     0.002695     0.002492 
1970-1974      3     0.001381     0.001621     0.001505 
1970-1974      4     0.000944     0.001059     0.001003 
1970-1974      5     0.000702     0.000868     0.000787 
1970-1974      6     0.000537     0.000763     0.000653 
1970-1974      7     0.000416     0.000672     0.000547 
1970-1974      8     0.000342     0.000603     0.000476 
1970-1974      9     0.000311     0.000554     0.000436 
1970-1974     10     0.000318     0.000524     0.000424 
1970-1974     11     0.000342     0.000529     0.000438 
1970-1974     12     0.000381     0.000572     0.000479 
1970-1974     13     0.000432     0.000651     0.000544 
1970-1974     14     0.000495     0.000763     0.000632 
1970-1974     15     0.000570     0.000907     0.000743 
1970-1974     16     0.000641     0.001050     0.000851 
1970-1974     17     0.000695     0.001174     0.000941 
1970-1974     18     0.000733     0.001278     0.001012 
1970-1974     19     0.000765     0.001385     0.001083 
1970-1974     20     0.000795     0.001497     0.001154 
1970-1974     21     0.000827     0.001602     0.001223 
1970-1974     22     0.000868     0.001707     0.001297 
1970-1974     23     0.000929     0.001834     0.001392 
1970-1974     24     0.000993     0.001955     0.001486 
1970-1974     25     0.001024     0.001997     0.001522 
1970-1974     26     0.001044     0.002012     0.001538 
1970-1974     27     0.001073     0.002033     0.001562 
1970-1974     28     0.001105     0.002058     0.001589 
1970-1974     29     0.001140     0.002089     0.001622 
1970-1974     30     0.001209     0.002188     0.001705 
1970-1974     31     0.001304     0.002336     0.001826 
1970-1974     32     0.001401     0.002490     0.001951 
1970-1974     33     0.001493     0.002640     0.002071 
1970-1974     34     0.001581     0.002777     0.002183 
1970-1974     35     0.001670     0.002895     0.002288 
1970-1974     36     0.001776     0.003031     0.002416 
1970-1974     37     0.001899     0.003205     0.002576 
1970-1974     38     0.002032     0.003405     0.002759 
1970-1974     39     0.002179     0.003609     0.002956 
1970-1974     40     0.002347     0.003845     0.003182 
1970-1974     41     0.002520     0.004075     0.003406 
1970-1974     42     0.002702     0.004291     0.003625 
1970-1974     43     0.002917     0.004535     0.003873 
1970-1974     44     0.003162     0.004840     0.004164 
1970-1974     45     0.003439     0.005206     0.004502 
1970-1974     46     0.003753     0.005670     0.004908 
1970-1974     47     0.004059     0.006209     0.005349 
1970-1974     48     0.004359     0.006755     0.005788 
1970-1974     49     0.004727     0.007375     0.006299 
1970-1974     50     0.005189     0.008120     0.006924 
1970-1974     51     0.005696     0.008946     0.007614 
1970-1974     52     0.006218     0.009909     0.008381 
1970-1974     53     0.006839     0.011110     0.009320 
1970-1974     54     0.007545     0.012416     0.010359 
1970-1974     55     0.008186     0.013618     0.011307 
1970-1974     56     0.008817     0.014725     0.012192 
1970-1974     57     0.009575     0.015734     0.013090 
1970-1974     58     0.010365     0.016862     0.014047 
1970-1974     59     0.011243     0.018328     0.015197 
1970-1974     60     0.012441     0.020090     0.016657 
1970-1974     61     0.013910     0.022343     0.018494 
1970-1974     62     0.015681     0.025506     0.020906 
1970-1974     63     0.017688     0.028840     0.023518 
1970-1974     64     0.019828     0.031652     0.025974 
1970-1974     65     0.022231     0.035004     0.028808 
1970-1974     66     0.024908     0.038852     0.031997 
1970-1974     67     0.027650     0.042951     0.035297 
1970-1974     68     0.030637     0.047321     0.038825 
1970-1974     69     0.034279     0.052230     0.042947 
1970-1974     70     0.038240     0.057686     0.047442 
1970-1974     71     0.041543     0.062798     0.051338 
1970-1974     72     0.045208     0.067968     0.055461 
1970-1974     73     0.050970     0.074228     0.061356 
1970-1974     74     0.057252     0.081010     0.067741 
1970-1974     75     0.062701     0.088348     0.073722 
1970-1974     76     0.069722     0.097780     0.081450 
1970-1974     77     0.076194     0.107576     0.088860 
1970-1974     78     0.080941     0.116862     0.094785 
1970-1974     79     0.088478     0.126903     0.102844 
1970-1974     80     0.104420     0.132857     0.115246 
1970-1974     81     0.114352     0.142506     0.124785 
1970-1974     82     0.124812     0.151503     0.134477 
1970-1974     83     0.135735     0.161826     0.144951 
1970-1974     84     0.146011     0.173493     0.155438 
1970-1974     85     0.155855     0.183072     0.164941 
1970-1974     86     0.169392     0.194317     0.177513 
1970-1974     87     0.185175     0.207119     0.192146 
1970-1974     88     0.202245     0.220180     0.207809 
1970-1974     89     0.220225     0.232827     0.224049 
1970-1974     90     0.240578     0.247795     0.242716 
1970-1974     91     0.263686     0.266832     0.264590 
1970-1974     92     0.288144     0.288813     0.288330 
1970-1974     93     0.314755     0.310620     0.313642 
1970-1974     94     0.344386     0.331798     0.341078 
1970-1974     95     0.374891     0.354040     0.369553 
1970-1974     96     0.405981     0.379412     0.399394 
1970-1974     97     0.438794     0.410346     0.432015 
1970-1974     98     0.473966     0.449164     0.468332 
1970-1974     99     0.512630     0.497404     0.509358 
1970-1974    100     0.555349     0.559760     0.556236 
1970-1974    101     0.602243     0.636545     0.608666 
1970-1974    102     0.657046     0.715706     0.667402 
1970-1974    103     0.721155     0.856694     0.742740 
1970-1974    104     0.783567     1.280616     0.835515 
1970-1974    105     0.852901     3.081081     0.918890 
1970-1974    106     0.987189            .     0.987189 
1970-1974    107     1.243365            .     1.243365 
1970-1974    108     3.352313            .     3.352313 
1970-1974    109            .            .            . 
1970-1974    110+           .            .            . 
1975-1979      0     0.010968     0.013022     0.012032 
1975-1979      1     0.002689     0.003039     0.002870 
1975-1979      2     0.001373     0.001559     0.001469 
1975-1979      3     0.000840     0.001025     0.000935 
1975-1979      4     0.000595     0.000779     0.000690 
1975-1979      5     0.000475     0.000674     0.000578 
1975-1979      6     0.000441     0.000594     0.000520 
1975-1979      7     0.000379     0.000591     0.000488 
1975-1979      8     0.000335     0.000580     0.000461 
1975-1979      9     0.000286     0.000528     0.000411 
1975-1979     10     0.000276     0.000548     0.000416 
1975-1979     11     0.000277     0.000498     0.000390 
1975-1979     12     0.000351     0.000506     0.000431 
1975-1979     13     0.000349     0.000537     0.000446 
1975-1979     14     0.000381     0.000591     0.000489 
1975-1979     15     0.000490     0.000805     0.000652 
1975-1979     16     0.000547     0.001105     0.000833 
1975-1979     17     0.000595     0.001372     0.000993 
1975-1979     18     0.000691     0.001738     0.001227 
1975-1979     19     0.000705     0.001796     0.001263 
1975-1979     20     0.000770     0.001554     0.001171 
1975-1979     21     0.000780     0.001504     0.001150 
1975-1979     22     0.000783     0.001684     0.001244 
1975-1979     23     0.000782     0.001908     0.001358 
1975-1979     24     0.000836     0.001874     0.001367 
1975-1979     25     0.000817     0.001759     0.001299 
1975-1979     26     0.000816     0.001756     0.001297 
1975-1979     27     0.000787     0.001748     0.001279 
1975-1979     28     0.000873     0.001850     0.001374 
1975-1979     29     0.000830     0.001802     0.001329 
1975-1979     30     0.000916     0.001814     0.001377 
1975-1979     31     0.001042     0.001963     0.001515 
1975-1979     32     0.001140     0.002154     0.001661 
1975-1979     33     0.001165     0.002231     0.001713 
1975-1979     34     0.001282     0.002396     0.001854 
1975-1979     35     0.001362     0.002540     0.001966 
1975-1979     36     0.001440     0.002833     0.002152 
1975-1979     37     0.001586     0.002803     0.002208 
1975-1979     38     0.001592     0.003183     0.002404 
1975-1979     39     0.001816     0.003592     0.002723 
1975-1979     40     0.002019     0.003758     0.002910 
1975-1979     41     0.002182     0.004056     0.003150 
1975-1979     42     0.002421     0.004397     0.003454 
1975-1979     43     0.002598     0.004440     0.003579 
1975-1979     44     0.003048     0.004916     0.004068 
1975-1979     45     0.002863     0.005198     0.004173 
1975-1979     46     0.003222     0.005547     0.004558 
1975-1979     47     0.003524     0.005868     0.004897 
1975-1979     48     0.003976     0.006406     0.005419 
1975-1979     49     0.004331     0.006779     0.005799 
1975-1979     50     0.004567     0.007542     0.006364 
1975-1979     51     0.005425     0.008015     0.006989 
1975-1979     52     0.005926     0.008708     0.007601 
1975-1979     53     0.006352     0.009591     0.008292 
1975-1979     54     0.006875     0.010562     0.009067 
1975-1979     55     0.007288     0.012076     0.010111 
1975-1979     56     0.007943     0.012946     0.010878 
1975-1979     57     0.008856     0.013947     0.011824 
1975-1979     58     0.009677     0.015623     0.013118 
1975-1979     59     0.011070     0.016898     0.014414 
1975-1979     60     0.011636     0.018574     0.015584 
1975-1979     61     0.012523     0.020000     0.016745 
1975-1979     62     0.013902     0.022923     0.018989 
1975-1979     63     0.015024     0.024397     0.020263 
1975-1979     64     0.017206     0.027875     0.023076 
1975-1979     65     0.018991     0.030003     0.024944 
1975-1979     66     0.020513     0.033498     0.027408 
1975-1979     67     0.023782     0.036565     0.030384 
1975-1979     68     0.026478     0.039545     0.033081 
1975-1979     69     0.029338     0.043698     0.036514 
1975-1979     70     0.032260     0.047788     0.039919 
1975-1979     71     0.036213     0.052427     0.044107 
1975-1979     72     0.040276     0.058461     0.049005 
1975-1979     73     0.045501     0.062543     0.053514 
1975-1979     74     0.050820     0.069669     0.059517 
1975-1979     75     0.054769     0.075137     0.063967 
1975-1979     76     0.062366     0.081605     0.070830 
1975-1979     77     0.065898     0.087311     0.075027 
1975-1979     78     0.074023     0.098373     0.084162 
1975-1979     79     0.084209     0.108058     0.093909 
1975-1979     80     0.096169     0.120743     0.105985 
1975-1979     81     0.106907     0.135072     0.117886 
1975-1979     82     0.112955     0.140122     0.123287 
1975-1979     83     0.130140     0.144465     0.135469 
1975-1979     84     0.136371     0.170628     0.148790 
1975-1979     85     0.149004     0.166927     0.155300 
1975-1979     86     0.164731     0.178457     0.169445 
1975-1979     87     0.184918     0.204119     0.191389 
1975-1979     88     0.189181     0.200129     0.192775 
1975-1979     89     0.215746     0.228785     0.219899 
1975-1979     90     0.228942     0.227072     0.228357 
1975-1979     91     0.244009     0.256425     0.247864 
1975-1979     92     0.265984     0.210083     0.248567 
1975-1979     93     0.278181     0.206261     0.255170 
1975-1979     94     0.286286     0.249487     0.274383 
1975-1979     95     0.288369     0.222604     0.267208 
1975-1979     96     0.301458     0.225010     0.276805 
1975-1979     97     0.314327     0.226146     0.285817 
1975-1979     98     0.327589     0.227436     0.294790 
1975-1979     99     0.340947     0.230921     0.304236 
1975-1979    100     0.355421     0.235698     0.314921 
1975-1979    101     0.372684     0.248880     0.330738 
1975-1979    102     0.394333     0.261905     0.350971 
1975-1979    103     0.431985     0.272689     0.382395 
1975-1979    104     0.520040     0.275802     0.446212 
1975-1979    105     0.675749     0.474981     0.617837 
1975-1979    106     0.733981     1.494662     0.897025 
1975-1979    107     1.474576            .     1.474576 
1975-1979    108            .            .            . 
1975-1979    109            .            .            . 
1975-1979    110+           .            .            . 
1980-1984      0     0.008465     0.009858     0.009186 
1980-1984      1     0.001914     0.002184     0.002053 
1980-1984      2     0.001037     0.001311     0.001179 
1980-1984      3     0.000716     0.000889     0.000805 
1980-1984      4     0.000520     0.000748     0.000638 
1980-1984      5     0.000403     0.000593     0.000501 
1980-1984      6     0.000353     0.000520     0.000439 
1980-1984      7     0.000333     0.000552     0.000446 
1980-1984      8     0.000308     0.000538     0.000426 
1980-1984      9     0.000299     0.000486     0.000395 
1980-1984     10     0.000283     0.000458     0.000373 
1980-1984     11     0.000294     0.000467     0.000383 
1980-1984     12     0.000299     0.000488     0.000397 
1980-1984     13     0.000313     0.000505     0.000412 
1980-1984     14     0.000331     0.000552     0.000445 
1980-1984     15     0.000427     0.000791     0.000614 
1980-1984     16     0.000496     0.001084     0.000798 
1980-1984     17     0.000573     0.001311     0.000951 
1980-1984     18     0.000554     0.001618     0.001099 
1980-1984     19     0.000618     0.001640     0.001142 
1980-1984     20     0.000682     0.001404     0.001052 
1980-1984     21     0.000710     0.001427     0.001077 
1980-1984     22     0.000741     0.001615     0.001189 
1980-1984     23     0.000714     0.001830     0.001285 
1980-1984     24     0.000756     0.001763     0.001271 
1980-1984     25     0.000744     0.001669     0.001217 
1980-1984     26     0.000760     0.001750     0.001266 
1980-1984     27     0.000766     0.001716     0.001251 
1980-1984     28     0.000824     0.001690     0.001266 
1980-1984     29     0.000806     0.001840     0.001334 
1980-1984     30     0.000896     0.001765     0.001340 
1980-1984     31     0.000849     0.001981     0.001429 
1980-1984     32     0.000888     0.002047     0.001482 
1980-1984     33     0.000925     0.002206     0.001582 
1980-1984     34     0.001017     0.002315     0.001683 
1980-1984     35     0.001183     0.002461     0.001840 
1980-1984     36     0.001341     0.002634     0.002005 
1980-1984     37     0.001384     0.003009     0.002219 
1980-1984     38     0.001442     0.003099     0.002293 
1980-1984     39     0.001611     0.003321     0.002488 
1980-1984     40     0.001625     0.003560     0.002615 
1980-1984     41     0.001848     0.003943     0.002916 
1980-1984     42     0.002027     0.004174     0.003120 
1980-1984     43     0.002247     0.004474     0.003379 
1980-1984     44     0.002402     0.004899     0.003672 
1980-1984     45     0.002707     0.005371     0.004066 
1980-1984     46     0.003021     0.005867     0.004483 
1980-1984     47     0.003410     0.006139     0.004829 
1980-1984     48     0.003573     0.006516     0.005132 
1980-1984     49     0.004008     0.007053     0.005660 
1980-1984     50     0.004172     0.007368     0.005954 
1980-1984     51     0.004612     0.007876     0.006474 
1980-1984     52     0.005378     0.008591     0.007248 
1980-1984     53     0.005528     0.009156     0.007670 
1980-1984     54     0.006099     0.009959     0.008400 
1980-1984     55     0.006713     0.010677     0.009086 
1980-1984     56     0.007409     0.011827     0.010052 
1980-1984     57     0.008209     0.012495     0.010762 
1980-1984     58     0.009059     0.013581     0.011738 
1980-1984     59     0.010094     0.015749     0.013416 
1980-1984     60     0.010590     0.017566     0.014652 
1980-1984     61     0.011989     0.018912     0.015993 
1980-1984     62     0.013363     0.020489     0.017453 
1980-1984     63     0.014520     0.021916     0.018730 
1980-1984     64     0.016184     0.024778     0.021031 
1980-1984     65     0.017808     0.027322     0.023113 
1980-1984     66     0.020169     0.030520     0.025885 
1980-1984     67     0.022246     0.032795     0.028049 
1980-1984     68     0.025804     0.036033     0.031378 
1980-1984     69     0.027984     0.038987     0.033874 
1980-1984     70     0.030158     0.043465     0.037140 
1980-1984     71     0.033066     0.046826     0.040143 
1980-1984     72     0.036798     0.052161     0.044465 
1980-1984     73     0.042346     0.057498     0.049710 
1980-1984     74     0.045758     0.062970     0.054016 
1980-1984     75     0.052471     0.067111     0.059360 
1980-1984     76     0.058026     0.075477     0.066097 
1980-1984     77     0.064729     0.083493     0.073275 
1980-1984     78     0.070124     0.088777     0.078449 
1980-1984     79     0.075863     0.098437     0.085725 
1980-1984     80     0.088377     0.109835     0.097423 
1980-1984     81     0.098023     0.121976     0.107845 
1980-1984     82     0.110279     0.137289     0.121019 
1980-1984     83     0.117869     0.146813     0.129045 
1980-1984     84     0.130468     0.150688     0.138081 
1980-1984     85     0.145937     0.162123     0.151904 
1980-1984     86     0.162919     0.187640     0.171843 
1980-1984     87     0.171010     0.189758     0.177630 
1980-1984     88     0.180266     0.198822     0.186694 
1980-1984     89     0.201040     0.214239     0.205532 
1980-1984     90     0.209134     0.223957     0.214064 
1980-1984     91     0.229109     0.234091     0.230730 
1980-1984     92     0.247089     0.251334     0.248462 
1980-1984     93     0.278009     0.223389     0.260121 
1980-1984     94     0.274742     0.216805     0.255170 
1980-1984     95     0.318917     0.318729     0.318851 
1980-1984     96     0.342908     0.338874     0.341491 
1980-1984     97     0.368366     0.360266     0.365485 
1980-1984     98     0.395717     0.383345     0.391249 
1980-1984     99     0.424594     0.408380     0.418616 
1980-1984    100     0.455558     0.435580     0.448000 
1980-1984    101     0.491609     0.467139     0.482091 
1980-1984    102     0.534760     0.506006     0.523248 
1980-1984    103     0.590506     0.559989     0.577877 
1980-1984    104     0.677220     0.648940     0.665131 
1980-1984    105     0.846364     0.821330     0.835319 
1980-1984    106     1.333652     1.456494     1.386623 
1980-1984    107     3.361446     6.000000     3.909308 
1980-1984    108            .            .            . 
1980-1984    109            .            .            . 
1980-1984    110+           .            .            . 
1985-1989      0     0.006003     0.006748     0.006389 
1985-1989      1     0.001318     0.001525     0.001425 
1985-1989      2     0.000829     0.001022     0.000929 
1985-1989      3     0.000548     0.000779     0.000667 
1985-1989      4     0.000431     0.000593     0.000514 
1985-1989      5     0.000368     0.000527     0.000450 
1985-1989      6     0.000313     0.000499     0.000409 
1985-1989      7     0.000274     0.000464     0.000372 
1985-1989      8     0.000273     0.000498     0.000389 
1985-1989      9     0.000278     0.000424     0.000353 
1985-1989     10     0.000276     0.000423     0.000352 
1985-1989     11     0.000227     0.000413     0.000323 
1985-1989     12     0.000266     0.000424     0.000347 
1985-1989     13     0.000340     0.000481     0.000412 
1985-1989     14     0.000317     0.000604     0.000465 
1985-1989     15     0.000400     0.000909     0.000661 
1985-1989     16     0.000519     0.001228     0.000883 
1985-1989     17     0.000511     0.001527     0.001032 
1985-1989     18     0.000549     0.001845     0.001213 
1985-1989     19     0.000619     0.001769     0.001209 
1985-1989     20     0.000655     0.001475     0.001075 
1985-1989     21     0.000584     0.001363     0.000983 
1985-1989     22     0.000663     0.001598     0.001142 
1985-1989     23     0.000621     0.001733     0.001191 
1985-1989     24     0.000671     0.001711     0.001204 
1985-1989     25     0.000685     0.001704     0.001207 
1985-1989     26     0.000699     0.001755     0.001239 
1985-1989     27     0.000719     0.001670     0.001205 
1985-1989     28     0.000757     0.001699     0.001239 
1985-1989     29     0.000721     0.001725     0.001234 
1985-1989     30     0.000827     0.001811     0.001329 
1985-1989     31     0.000788     0.001889     0.001350 
1985-1989     32     0.000945     0.002000     0.001484 
1985-1989     33     0.000934     0.001991     0.001474 
1985-1989     34     0.001019     0.002138     0.001590 
1985-1989     35     0.001043     0.002392     0.001732 
1985-1989     36     0.001123     0.002508     0.001831 
1985-1989     37     0.001214     0.002646     0.001947 
1985-1989     38     0.001242     0.002878     0.002079 
1985-1989     39     0.001526     0.003063     0.002313 
1985-1989     40     0.001418     0.003359     0.002412 
1985-1989     41     0.001556     0.003595     0.002600 
1985-1989     42     0.001798     0.004096     0.002972 
1985-1989     43     0.001863     0.004322     0.003119 
1985-1989     44     0.002112     0.004497     0.003327 
1985-1989     45     0.002315     0.004936     0.003649 
1985-1989     46     0.002502     0.005384     0.003964 
1985-1989     47     0.002810     0.005732     0.004289 
1985-1989     48     0.003227     0.006200     0.004728 
1985-1989     49     0.003339     0.006688     0.005029 
1985-1989     50     0.003867     0.007202     0.005557 
1985-1989     51     0.004095     0.007772     0.005969 
1985-1989     52     0.004269     0.008152     0.006272 
1985-1989     53     0.004775     0.008825     0.006902 
1985-1989     54     0.005268     0.009427     0.007505 
1985-1989     55     0.005765     0.009954     0.008078 
1985-1989     56     0.006171     0.010961     0.008879 
1985-1989     57     0.006707     0.011721     0.009596 
1985-1989     58     0.007391     0.012365     0.010295 
1985-1989     59     0.008384     0.013714     0.011524 
1985-1989     60     0.009246     0.014799     0.012530 
1985-1989     61     0.010381     0.016188     0.013809 
1985-1989     62     0.011834     0.018076     0.015498 
1985-1989     63     0.012885     0.019897     0.016971 
1985-1989     64     0.014266     0.021934     0.018690 
1985-1989     65     0.016081     0.024596     0.020947 
1985-1989     66     0.018014     0.026629     0.022897 
1985-1989     67     0.020084     0.029105     0.025155 
1985-1989     68     0.022754     0.032806     0.028351 
1985-1989     69     0.025621     0.036115     0.031397 
1985-1989     70     0.028575     0.038721     0.034091 
1985-1989     71     0.031847     0.043332     0.038028 
1985-1989     72     0.034726     0.047529     0.041590 
1985-1989     73     0.039639     0.052929     0.046667 
1985-1989     74     0.043152     0.058955     0.051327 
1985-1989     75     0.048753     0.064492     0.056710 
1985-1989     76     0.054155     0.070071     0.061984 
1985-1989     77     0.059053     0.079001     0.068536 
1985-1989     78     0.067942     0.085522     0.076066 
1985-1989     79     0.072555     0.091396     0.081098 
1985-1989     80     0.088731     0.109654     0.097862 
1985-1989     81     0.096417     0.119983     0.106530 
1985-1989     82     0.104193     0.133957     0.116705 
1985-1989     83     0.116000     0.141474     0.126463 
1985-1989     84     0.127052     0.149998     0.136274 
1985-1989     85     0.135903     0.162339     0.146265 
1985-1989     86     0.155277     0.179932     0.164648 
1985-1989     87     0.168884     0.195922     0.178832 
1985-1989     88     0.179975     0.214002     0.192124 
1985-1989     89     0.200574     0.219908     0.207324 
1985-1989     90     0.207323     0.230442     0.215271 
1985-1989     91     0.223468     0.240105     0.229121 
1985-1989     92     0.243164     0.266221     0.250880 
1985-1989     93     0.265693     0.280829     0.270658 
1985-1989     94     0.286275     0.264594     0.279173 
1985-1989     95     0.321697     0.349527     0.330861 
1985-1989     96     0.346932     0.373928     0.355764 
1985-1989     97     0.373235     0.400295     0.382132 
1985-1989     98     0.401194     0.429583     0.410529 
1985-1989     99     0.431444     0.460774     0.441030 
1985-1989    100     0.463683     0.495085     0.473998 
1985-1989    101     0.499485     0.539352     0.512705 
1985-1989    102     0.541941     0.599603     0.561078 
1985-1989    103     0.597904     0.689030     0.627810 
1985-1989    104     0.682160     0.848978     0.735376 
1985-1989    105     0.848890     1.253561     0.967338 
1985-1989    106     1.390326     2.770241     1.672483 
1985-1989    107     6.000000            .     6.000000 
1985-1989    108            .            .            . 
1985-1989    109            .            .            . 
1985-1989    110+           .            .            . 
1990-1994      0     0.005075     0.006036     0.005576 
1990-1994      1     0.000995     0.001135     0.001068 
1990-1994      2     0.000689     0.000822     0.000759 
1990-1994      3     0.000452     0.000653     0.000556 
1990-1994      4     0.000354     0.000489     0.000424 
1990-1994      5     0.000338     0.000398     0.000369 
1990-1994      6     0.000273     0.000369     0.000322 
1990-1994      7     0.000260     0.000367     0.000315 
1990-1994      8     0.000265     0.000368     0.000318 
1990-1994      9     0.000212     0.000361     0.000289 
1990-1994     10     0.000209     0.000353     0.000283 
1990-1994     11     0.000227     0.000338     0.000284 
1990-1994     12     0.000245     0.000357     0.000303 
1990-1994     13     0.000313     0.000423     0.000370 
1990-1994     14     0.000343     0.000633     0.000492 
1990-1994     15     0.000444     0.000885     0.000671 
1990-1994     16     0.000476     0.001329     0.000913 
1990-1994     17     0.000502     0.001432     0.000978 
1990-1994     18     0.000562     0.001664     0.001127 
1990-1994     19     0.000535     0.001563     0.001061 
1990-1994     20     0.000564     0.001294     0.000937 
1990-1994     21     0.000577     0.001341     0.000968 
1990-1994     22     0.000612     0.001542     0.001088 
1990-1994     23     0.000596     0.001649     0.001136 
1990-1994     24     0.000613     0.001562     0.001099 
1990-1994     25     0.000636     0.001580     0.001120 
1990-1994     26     0.000669     0.001686     0.001190 
1990-1994     27     0.000666     0.001688     0.001190 
1990-1994     28     0.000715     0.001771     0.001255 
1990-1994     29     0.000756     0.001857     0.001319 
1990-1994     30     0.000772     0.001884     0.001341 
1990-1994     31     0.000819     0.002006     0.001426 
1990-1994     32     0.000802     0.002023     0.001426 
1990-1994     33     0.000839     0.002163     0.001514 
1990-1994     34     0.000964     0.002319     0.001656 
1990-1994     35     0.001030     0.002387     0.001722 
1990-1994     36     0.000986     0.002610     0.001815 
1990-1994     37     0.001145     0.002687     0.001931 
1990-1994     38     0.001225     0.002973     0.002116 
1990-1994     39     0.001338     0.003086     0.002230 
1990-1994     40     0.001403     0.003459     0.002452 
1990-1994     41     0.001505     0.003476     0.002511 
1990-1994     42     0.001714     0.003924     0.002842 
1990-1994     43     0.001709     0.004296     0.003030 
1990-1994     44     0.001907     0.004325     0.003141 
1990-1994     45     0.002104     0.004754     0.003455 
1990-1994     46     0.002316     0.005213     0.003791 
1990-1994     47     0.002633     0.005521     0.004100 
1990-1994     48     0.002733     0.005899     0.004342 
1990-1994     49     0.003129     0.006737     0.004956 
1990-1994     50     0.003262     0.006788     0.005044 
1990-1994     51     0.003637     0.007552     0.005607 
1990-1994     52     0.003909     0.008063     0.005996 
1990-1994     53     0.004400     0.008704     0.006556 
1990-1994     54     0.004603     0.009333     0.006970 
1990-1994     55     0.005334     0.010117     0.007732 
1990-1994     56     0.005756     0.011068     0.008434 
1990-1994     57     0.006223     0.012102     0.009220 
1990-1994     58     0.006656     0.012694     0.009788 
1990-1994     59     0.007469     0.013696     0.010774 
1990-1994     60     0.008488     0.015295     0.012195 
1990-1994     61     0.009285     0.015467     0.012727 
1990-1994     62     0.010064     0.017188     0.014105 
1990-1994     63     0.011020     0.019135     0.015687 
1990-1994     64     0.012904     0.020512     0.017316 
1990-1994     65     0.014158     0.021901     0.018654 
1990-1994     66     0.015521     0.024183     0.020540 
1990-1994     67     0.017296     0.026580     0.022647 
1990-1994     68     0.019775     0.029173     0.025145 
1990-1994     69     0.021468     0.031872     0.027350 
1990-1994     70     0.024266     0.035279     0.030422 
1990-1994     71     0.027580     0.038919     0.033853 
1990-1994     72     0.030762     0.042297     0.037077 
1990-1994     73     0.035143     0.046728     0.041405 
1990-1994     74     0.038438     0.052103     0.045741 
1990-1994     75     0.044346     0.056628     0.050821 
1990-1994     76     0.049441     0.063883     0.056951 
1990-1994     77     0.055654     0.070224     0.063162 
1990-1994     78     0.061598     0.075970     0.068882 
1990-1994     79     0.068124     0.082601     0.075300 
1990-1994     80     0.077183     0.098929     0.087432 
1990-1994     81     0.084809     0.110295     0.096451 
1990-1994     82     0.093548     0.117269     0.104001 
1990-1994     83     0.103704     0.127372     0.113780 
1990-1994     84     0.116413     0.138582     0.125609 
1990-1994     85     0.127618     0.156415     0.139312 
1990-1994     86     0.143209     0.165281     0.151991 
1990-1994     87     0.151572     0.176649     0.161348 
1990-1994     88     0.171175     0.199119     0.181792 
1990-1994     89     0.180373     0.209076     0.190955 
1990-1994     90     0.198025     0.217728     0.205086 
1990-1994     91     0.217400     0.246392     0.227484 
1990-1994     92     0.233323     0.255793     0.240896 
1990-1994     93     0.244811     0.282294     0.257173 
1990-1994     94     0.262938     0.295212     0.273393 
1990-1994     95     0.296901     0.324578     0.305695 
1990-1994     96     0.315764     0.348522     0.325968 
1990-1994     97     0.337649     0.374749     0.349002 
1990-1994     98     0.362545     0.403829     0.374982 
1990-1994     99     0.389202     0.436774     0.403329 
1990-1994    100     0.416588     0.473620     0.433275 
1990-1994    101     0.446611     0.519674     0.467629 
1990-1994    102     0.483622     0.586931     0.512798 
1990-1994    103     0.534281     0.692034     0.576923 
1990-1994    104     0.617738     0.920020     0.691547 
1990-1994    105     0.784558     1.857143     0.970134 
1990-1994    106     1.324973     6.000000     1.405145 
1990-1994    107     2.472973            .     2.472973 
1990-1994    108            .            .            . 
1990-1994    109            .            .            . 
1990-1994    110+           .            .            . 
1995-1999      0     0.006672     0.007802     0.007261 
1995-1999      1     0.000927     0.001001     0.000965 
1995-1999      2     0.000546     0.000662     0.000606 
1995-1999      3     0.000385     0.000476     0.000432 
1995-1999      4     0.000311     0.000397     0.000356 
1995-1999      5     0.000265     0.000287     0.000277 
1995-1999      6     0.000249     0.000301     0.000276 
1995-1999      7     0.000250     0.000288     0.000270 
1995-1999      8     0.000216     0.000286     0.000253 
1995-1999      9     0.000198     0.000293     0.000248 
1995-1999     10     0.000225     0.000253     0.000240 
1995-1999     11     0.000205     0.000281     0.000244 
1995-1999     12     0.000231     0.000296     0.000265 
1995-1999     13     0.000297     0.000367     0.000333 
1995-1999     14     0.000311     0.000510     0.000413 
1995-1999     15     0.000410     0.000798     0.000610 
1995-1999     16     0.000427     0.001043     0.000744 
1995-1999     17     0.000429     0.001152     0.000800 
1995-1999     18     0.000513     0.001406     0.000972 
1995-1999     19     0.000509     0.001241     0.000884 
1995-1999     20     0.000499     0.001125     0.000820 
1995-1999     21     0.000509     0.001125     0.000824 
1995-1999     22     0.000521     0.001305     0.000923 
1995-1999     23     0.000510     0.001424     0.000978 
1995-1999     24     0.000499     0.001452     0.000986 
1995-1999     25     0.000531     0.001425     0.000988 
1995-1999     26     0.000571     0.001428     0.001009 
1995-1999     27     0.000580     0.001534     0.001067 
1995-1999     28     0.000624     0.001582     0.001114 
1995-1999     29     0.000635     0.001657     0.001157 
1995-1999     30     0.000672     0.001790     0.001242 
1995-1999     31     0.000699     0.001870     0.001296 
1995-1999     32     0.000745     0.002086     0.001429 
1995-1999     33     0.000842     0.002057     0.001461 
1995-1999     34     0.000869     0.002277     0.001587 
1995-1999     35     0.000925     0.002470     0.001712 
1995-1999     36     0.000965     0.002630     0.001813 
1995-1999     37     0.001091     0.002796     0.001959 
1995-1999     38     0.001166     0.002979     0.002087 
1995-1999     39     0.001265     0.003119     0.002207 
1995-1999     40     0.001262     0.003377     0.002336 
1995-1999     41     0.001412     0.003635     0.002540 
1995-1999     42     0.001490     0.003873     0.002700 
1995-1999     43     0.001674     0.004215     0.002962 
1995-1999     44     0.001833     0.004348     0.003108 
1995-1999     45     0.002024     0.004622     0.003340 
1995-1999     46     0.002077     0.005237     0.003678 
1995-1999     47     0.002318     0.005267     0.003812 
1995-1999     48     0.002518     0.005820     0.004190 
1995-1999     49     0.002710     0.006232     0.004491 
1995-1999     50     0.003062     0.006944     0.005022 
1995-1999     51     0.003375     0.007524     0.005465 
1995-1999     52     0.003456     0.007840     0.005660 
1995-1999     53     0.003925     0.008572     0.006256 
1995-1999     54     0.004354     0.009307     0.006832 
1995-1999     55     0.004835     0.009973     0.007394 
1995-1999     56     0.005026     0.010644     0.007811 
1995-1999     57     0.005758     0.011490     0.008589 
1995-1999     58     0.006449     0.012617     0.009484 
1995-1999     59     0.006760     0.013461     0.010052 
1995-1999     60     0.007676     0.014949     0.011254 
1995-1999     61     0.008703     0.016093     0.012357 
1995-1999     62     0.009568     0.017407     0.013486 
1995-1999     63     0.010510     0.018720     0.014689 
1995-1999     64     0.011163     0.020021     0.015784 
1995-1999     65     0.012679     0.021502     0.017406 
1995-1999     66     0.014431     0.023048     0.019160 
1995-1999     67     0.015831     0.025033     0.020980 
1995-1999     68     0.017356     0.026926     0.022786 
1995-1999     69     0.019468     0.029429     0.025166 
1995-1999     70     0.021158     0.032453     0.027633 
1995-1999     71     0.023946     0.035211     0.030380 
1995-1999     72     0.027012     0.038823     0.033706 
1995-1999     73     0.030467     0.042218     0.037056 
1995-1999     74     0.033814     0.046954     0.041084 
1995-1999     75     0.037560     0.052903     0.045929 
1995-1999     76     0.042582     0.056162     0.049897 
1995-1999     77     0.046770     0.062451     0.055098 
1995-1999     78     0.052491     0.068780     0.061013 
1995-1999     79     0.059608     0.076769     0.068457 
1995-1999     80     0.069434     0.091522     0.080353 
1995-1999     81     0.075508     0.096608     0.085755 
1995-1999     82     0.084958     0.109882     0.096860 
1995-1999     83     0.095152     0.122621     0.108001 
1995-1999     84     0.105736     0.135780     0.119393 
1995-1999     85     0.118722     0.142710     0.129277 
1995-1999     86     0.130206     0.159988     0.142865 
1995-1999     87     0.145931     0.168459     0.155140 
1995-1999     88     0.161108     0.191474     0.173068 
1995-1999     89     0.171416     0.200205     0.182429 
1995-1999     90     0.198031     0.219880     0.206212 
1995-1999     91     0.209272     0.236863     0.219374 
1995-1999     92     0.215069     0.262685     0.231983 
1995-1999     93     0.242782     0.267715     0.251334 
1995-1999     94     0.272547     0.285937     0.277008 
1995-1999     95     0.279521     0.298873     0.285809 
1995-1999     96     0.306355     0.323608     0.311839 
1995-1999     97     0.319130     0.342256     0.326291 
1995-1999     98     0.340770     0.385672     0.354288 
1995-1999     99     0.348379     0.407621     0.365709 
1995-1999    100     0.388573     0.427311     0.399495 
1995-1999    101     0.416819     0.463695     0.429533 
1995-1999    102     0.449945     0.506944     0.464903 
1995-1999    103     0.484885     0.570661     0.506362 
1995-1999    104     0.531334     0.709668     0.571608 
1995-1999    105     0.615115     1.138302     0.705663 
1995-1999    106     0.809970     1.807692     0.895130 
1995-1999    107     1.433234            .     1.433234 
1995-1999    108     6.000000            .     6.000000 
1995-1999    109            .            .            . 
1995-1999    110+           .            .            . 
2000-2004      0     0.005724     0.006526     0.006143 
2000-2004      1     0.000631     0.000764     0.000700 
2000-2004      2     0.000453     0.000484     0.000469 
2000-2004      3     0.000315     0.000361     0.000339 
2000-2004      4     0.000249     0.000287     0.000268 
2000-2004      5     0.000191     0.000221     0.000206 
2000-2004      6     0.000202     0.000238     0.000220 
2000-2004      7     0.000162     0.000236     0.000201 
2000-2004      8     0.000155     0.000166     0.000161 
2000-2004      9     0.000137     0.000188     0.000164 
2000-2004     10     0.000143     0.000192     0.000169 
2000-2004     11     0.000177     0.000176     0.000177 
2000-2004     12     0.000139     0.000234     0.000189 
2000-2004     13     0.000187     0.000221     0.000205 
2000-2004     14     0.000217     0.000251     0.000235 
2000-2004     15     0.000268     0.000479     0.000377 
2000-2004     16     0.000296     0.000596     0.000451 
2000-2004     17     0.000330     0.000774     0.000559 
2000-2004     18     0.000419     0.001042     0.000739 
2000-2004     19     0.000420     0.000941     0.000687 
2000-2004     20     0.000404     0.000878     0.000647 
2000-2004     21     0.000456     0.000908     0.000688 
2000-2004     22     0.000387     0.000941     0.000670 
2000-2004     23     0.000428     0.001028     0.000735 
2000-2004     24     0.000405     0.001157     0.000789 
2000-2004     25     0.000444     0.001113     0.000785 
2000-2004     26     0.000468     0.001195     0.000838 
2000-2004     27     0.000461     0.001266     0.000870 
2000-2004     28     0.000508     0.001284     0.000903 
2000-2004     29     0.000527     0.001375     0.000957 
2000-2004     30     0.000543     0.001544     0.001051 
2000-2004     31     0.000620     0.001620     0.001127 
2000-2004     32     0.000715     0.001676     0.001202 
2000-2004     33     0.000658     0.001869     0.001273 
2000-2004     34     0.000752     0.002115     0.001444 
2000-2004     35     0.000795     0.002133     0.001475 
2000-2004     36     0.000839     0.002368     0.001616 
2000-2004     37     0.000950     0.002535     0.001755 
2000-2004     38     0.001009     0.002813     0.001925 
2000-2004     39     0.001102     0.002956     0.002043 
2000-2004     40     0.001209     0.003033     0.002134 
2000-2004     41     0.001196     0.003458     0.002343 
2000-2004     42     0.001406     0.003756     0.002596 
2000-2004     43     0.001538     0.003961     0.002763 
2000-2004     44     0.001579     0.004120     0.002862 
2000-2004     45     0.001743     0.004516     0.003142 
2000-2004     46     0.001901     0.004682     0.003303 
2000-2004     47     0.002078     0.005163     0.003632 
2000-2004     48     0.002093     0.005450     0.003783 
2000-2004     49     0.002401     0.005831     0.004125 
2000-2004     50     0.002570     0.006140     0.004363 
2000-2004     51     0.003046     0.006662     0.004861 
2000-2004     52     0.003155     0.007351     0.005259 
2000-2004     53     0.003380     0.007753     0.005570 
2000-2004     54     0.003686     0.008385     0.006035 
2000-2004     55     0.004166     0.009171     0.006662 
2000-2004     56     0.004707     0.009537     0.007109 
2000-2004     57     0.005012     0.010414     0.007692 
2000-2004     58     0.005490     0.011441     0.008433 
2000-2004     59     0.005982     0.012240     0.009067 
2000-2004     60     0.006450     0.013467     0.009891 
2000-2004     61     0.007260     0.014210     0.010649 
2000-2004     62     0.007968     0.015642     0.011691 
2000-2004     63     0.008972     0.016753     0.012731 
2000-2004     64     0.009948     0.018363     0.014001 
2000-2004     65     0.011393     0.019867     0.015474 
2000-2004     66     0.012417     0.021682     0.016901 
2000-2004     67     0.013349     0.023565     0.018345 
2000-2004     68     0.014895     0.025659     0.020251 
2000-2004     69     0.016969     0.027476     0.022326 
2000-2004     70     0.019145     0.029496     0.024567 
2000-2004     71     0.021107     0.032635     0.027290 
2000-2004     72     0.023378     0.035152     0.029813 
2000-2004     73     0.025608     0.038202     0.032578 
2000-2004     74     0.028910     0.041751     0.036066 
2000-2004     75     0.031853     0.045959     0.039717 
2000-2004     76     0.035386     0.050231     0.043610 
2000-2004     77     0.038722     0.055986     0.048179 
2000-2004     78     0.042755     0.060994     0.052604 
2000-2004     79     0.050500     0.066885     0.059193 
2000-2004     80     0.057550     0.076823     0.067437 
2000-2004     81     0.063475     0.084200     0.073930 
2000-2004     82     0.071950     0.095920     0.083827 
2000-2004     83     0.079331     0.103861     0.091235 
2000-2004     84     0.091394     0.115639     0.102897 
2000-2004     85     0.099836     0.125624     0.111791 
2000-2004     86     0.111299     0.133962     0.121581 
2000-2004     87     0.127744     0.150684     0.137963 
2000-2004     88     0.142458     0.165282     0.152418 
2000-2004     89     0.159406     0.175278     0.166145 
2000-2004     90     0.168648     0.192720     0.178535 
2000-2004     91     0.192937     0.209362     0.199444 
2000-2004     92     0.202869     0.220799     0.209683 
2000-2004     93     0.226823     0.249065     0.234914 
2000-2004     94     0.241208     0.266059     0.249975 
2000-2004     95     0.273161     0.271114     0.272449 
2000-2004     96     0.284112     0.283483     0.283896 
2000-2004     97     0.290042     0.322482     0.300923 
2000-2004     98     0.325755     0.331032     0.327449 
2000-2004     99     0.325753     0.342120     0.330771 
2000-2004    100     0.392115     0.393583     0.392547 
2000-2004    101     0.418332     0.420438     0.418936 
2000-2004    102     0.447447     0.453766     0.449195 
2000-2004    103     0.480857     0.501225     0.486266 
2000-2004    104     0.518860     0.575678     0.533057 
2000-2004    105     0.572786     0.755138     0.611683 
2000-2004    106     0.668798     1.388826     0.765850 
2000-2004    107     0.894574     2.228571     0.953626 
2000-2004    108     1.730983            .     1.730983 
2000-2004    109     6.000000            .     6.000000 
2000-2004    110+           .            .            . 
2005-2009      0     0.004790     0.005544     0.005184 
2005-2009      1     0.000490     0.000548     0.000520 
2005-2009      2     0.000324     0.000410     0.000369 
2005-2009      3     0.000230     0.000292     0.000262 
2005-2009      4     0.000194     0.000276     0.000237 
2005-2009      5     0.000185     0.000198     0.000192 
2005-2009      6     0.000156     0.000182     0.000169 
2005-2009      7     0.000152     0.000199     0.000177 
2005-2009      8     0.000145     0.000161     0.000153 
2005-2009      9     0.000119     0.000168     0.000144 
2005-2009     10     0.000104     0.000195     0.000151 
2005-2009     11     0.000115     0.000175     0.000147 
2005-2009     12     0.000139     0.000182     0.000161 
2005-2009     13     0.000149     0.000185     0.000167 
2005-2009     14     0.000153     0.000232     0.000194 
2005-2009     15     0.000187     0.000347     0.000270 
2005-2009     16     0.000249     0.000499     0.000379 
2005-2009     17     0.000261     0.000545     0.000409 
2005-2009     18     0.000322     0.000770     0.000555 
2005-2009     19     0.000365     0.000796     0.000588 
2005-2009     20     0.000379     0.000766     0.000578 
2005-2009     21     0.000349     0.000777     0.000570 
2005-2009     22     0.000393     0.000831     0.000618 
2005-2009     23     0.000364     0.000875     0.000626 
2005-2009     24     0.000432     0.000870     0.000656 
2005-2009     25     0.000438     0.000972     0.000710 
2005-2009     26     0.000457     0.001040     0.000753 
2005-2009     27     0.000503     0.001133     0.000823 
2005-2009     28     0.000535     0.001211     0.000877 
2005-2009     29     0.000499     0.001317     0.000912 
2005-2009     30     0.000539     0.001434     0.000990 
2005-2009     31     0.000586     0.001532     0.001062 
2005-2009     32     0.000667     0.001611     0.001141 
2005-2009     33     0.000636     0.001853     0.001246 
2005-2009     34     0.000686     0.002019     0.001354 
2005-2009     35     0.000705     0.002097     0.001404 
2005-2009     36     0.000759     0.002308     0.001537 
2005-2009     37     0.000877     0.002560     0.001724 
2005-2009     38     0.000876     0.002852     0.001872 
2005-2009     39     0.000981     0.003018     0.002008 
2005-2009     40     0.001092     0.003148     0.002129 
2005-2009     41     0.001213     0.003468     0.002351 
2005-2009     42     0.001229     0.003750     0.002501 
2005-2009     43     0.001345     0.004042     0.002704 
2005-2009     44     0.001500     0.004364     0.002943 
2005-2009     45     0.001576     0.004578     0.003087 
2005-2009     46     0.001709     0.004805     0.003266 
2005-2009     47     0.001854     0.005142     0.003505 
2005-2009     48     0.001971     0.005401     0.003690 
2005-2009     49     0.002202     0.005618     0.003911 
2005-2009     50     0.002391     0.006022     0.004205 
2005-2009     51     0.002609     0.006508     0.004554 
2005-2009     52     0.002714     0.007020     0.004859 
2005-2009     53     0.003086     0.007391     0.005228 
2005-2009     54     0.003231     0.007682     0.005442 
2005-2009     55     0.003633     0.008210     0.005903 
2005-2009     56     0.003761     0.008923     0.006318 
2005-2009     57     0.004269     0.009805     0.007006 
2005-2009     58     0.004708     0.010367     0.007500 
2005-2009     59     0.005232     0.011361     0.008249 
2005-2009     60     0.005766     0.012284     0.008964 
2005-2009     61     0.006323     0.012914     0.009548 
2005-2009     62     0.006873     0.013904     0.010300 
2005-2009     63     0.007526     0.015330     0.011316 
2005-2009     64     0.008246     0.016549     0.012261 
2005-2009     65     0.009155     0.017276     0.013059 
2005-2009     66     0.010249     0.018995     0.014426 
2005-2009     67     0.011197     0.020943     0.015824 
2005-2009     68     0.012688     0.023032     0.017571 
2005-2009     69     0.014220     0.025560     0.019546 
2005-2009     70     0.015731     0.027585     0.021290 
2005-2009     71     0.017797     0.030945     0.023980 
2005-2009     72     0.019847     0.033560     0.026355 
2005-2009     73     0.022024     0.036071     0.028802 
2005-2009     74     0.024463     0.039280     0.031784 
2005-2009     75     0.026992     0.043147     0.035185 
2005-2009     76     0.030387     0.046807     0.038903 
2005-2009     77     0.034003     0.050925     0.042934 
2005-2009     78     0.038526     0.056368     0.048046 
2005-2009     79     0.042957     0.061426     0.052853 
2005-2009     80     0.047724     0.068810     0.058911 
2005-2009     81     0.053419     0.074724     0.064592 
2005-2009     82     0.060814     0.081799     0.071650 
2005-2009     83     0.069041     0.090757     0.080047 
2005-2009     84     0.076212     0.100637     0.088324 
2005-2009     85     0.088549     0.111052     0.099465 
2005-2009     86     0.094968     0.119207     0.106493 
2005-2009     87     0.107026     0.131899     0.118605 
2005-2009     88     0.123566     0.145747     0.133661 
2005-2009     89     0.133366     0.156696     0.143740 
2005-2009     90     0.152177     0.168750     0.159384 
2005-2009     91     0.168555     0.185146     0.175642 
2005-2009     92     0.186856     0.199574     0.192214 
2005-2009     93     0.205874     0.219195     0.211395 
2005-2009     94     0.227112     0.230818     0.228611 
2005-2009     95     0.250847     0.249855     0.250456 
2005-2009     96     0.266674     0.256577     0.262808 
2005-2009     97     0.301578     0.283411     0.294835 
2005-2009     98     0.306973     0.263721     0.291341 
2005-2009     99     0.319833     0.273499     0.303198 
2005-2009    100     0.367563     0.336539     0.356430 
2005-2009    101     0.392871     0.357142     0.380260 
2005-2009    102     0.418616     0.379155     0.405000 
2005-2009    103     0.445428     0.404233     0.431582 
2005-2009    104     0.474028     0.436071     0.461632 
2005-2009    105     0.507305     0.482004     0.499299 
2005-2009    106     0.553786     0.573884     0.559744 
2005-2009    107     0.643687     0.834437     0.689379 
2005-2009    108     0.897476     1.741573     1.001383 
2005-2009    109     2.050746            .     2.050746 
2005-2009    110+           .            .            . 
2010-2014      0     0.003898     0.004755     0.004343 
2010-2014      1     0.000341     0.000414     0.000379 
2010-2014      2     0.000277     0.000241     0.000258 
2010-2014      3     0.000180     0.000228     0.000205 
2010-2014      4     0.000168     0.000175     0.000172 
2010-2014      5     0.000124     0.000147     0.000136 
2010-2014      6     0.000147     0.000156     0.000152 
2010-2014      7     0.000135     0.000165     0.000151 
2010-2014      8     0.000124     0.000143     0.000134 
2010-2014      9     0.000139     0.000138     0.000138 
2010-2014     10     0.000107     0.000138     0.000123 
2010-2014     11     0.000101     0.000147     0.000125 
2010-2014     12     0.000136     0.000156     0.000147 
2010-2014     13     0.000134     0.000197     0.000167 
2010-2014     14     0.000138     0.000203     0.000172 
2010-2014     15     0.000194     0.000284     0.000240 
2010-2014     16     0.000177     0.000365     0.000275 
2010-2014     17     0.000179     0.000378     0.000283 
2010-2014     18     0.000272     0.000711     0.000500 
2010-2014     19     0.000279     0.000666     0.000481 
2010-2014     20     0.000275     0.000644     0.000467 
2010-2014     21     0.000275     0.000615     0.000452 
2010-2014     22     0.000268     0.000662     0.000473 
2010-2014     23     0.000304     0.000663     0.000490 
2010-2014     24     0.000306     0.000669     0.000493 
2010-2014     25     0.000290     0.000738     0.000520 
2010-2014     26     0.000330     0.000708     0.000523 
2010-2014     27     0.000402     0.000845     0.000627 
2010-2014     28     0.000447     0.000878     0.000664 
2010-2014     29     0.000420     0.000986     0.000704 
2010-2014     30     0.000481     0.001058     0.000770 
2010-2014     31     0.000482     0.001189     0.000835 
2010-2014     32     0.000602     0.001339     0.000969 
2010-2014     33     0.000563     0.001478     0.001018 
2010-2014     34     0.000599     0.001489     0.001041 
2010-2014     35     0.000609     0.001794     0.001197 
2010-2014     36     0.000713     0.001972     0.001337 
2010-2014     37     0.000760     0.002159     0.001454 
2010-2014     38     0.000861     0.002368     0.001607 
2010-2014     39     0.000891     0.002676     0.001776 
2010-2014     40     0.000975     0.002766     0.001864 
2010-2014     41     0.001070     0.003189     0.002124 
2010-2014     42     0.001100     0.003356     0.002224 
2010-2014     43     0.001233     0.003641     0.002435 
2010-2014     44     0.001322     0.003920     0.002619 
2010-2014     45     0.001530     0.004135     0.002831 
2010-2014     46     0.001617     0.004676     0.003145 
2010-2014     47     0.001669     0.004796     0.003229 
2010-2014     48     0.001847     0.005316     0.003577 
2010-2014     49     0.002071     0.005510     0.003785 
2010-2014     50     0.002148     0.005764     0.003948 
2010-2014     51     0.002436     0.006122     0.004268 
2010-2014     52     0.002552     0.006555     0.004538 
2010-2014     53     0.002834     0.006972     0.004883 
2010-2014     54     0.003024     0.007369     0.005171 
2010-2014     55     0.003128     0.007778     0.005421 
2010-2014     56     0.003422     0.008362     0.005853 
2010-2014     57     0.003785     0.008836     0.006267 
2010-2014     58     0.004022     0.009504     0.006711 
2010-2014     59     0.004483     0.010107     0.007235 
2010-2014     60     0.004895     0.010895     0.007824 
2010-2014     61     0.005353     0.011683     0.008437 
2010-2014     62     0.005928     0.012403     0.009076 
2010-2014     63     0.006415     0.013572     0.009886 
2010-2014     64     0.007055     0.014856     0.010826 
2010-2014     65     0.007563     0.016017     0.011633 
2010-2014     66     0.008618     0.017259     0.012762 
2010-2014     67     0.009693     0.019048     0.014159 
2010-2014     68     0.010589     0.020096     0.015104 
2010-2014     69     0.012087     0.022740     0.017120 
2010-2014     70     0.013546     0.024539     0.018702 
2010-2014     71     0.015010     0.026301     0.020261 
2010-2014     72     0.017050     0.029933     0.022993 
2010-2014     73     0.018524     0.032955     0.025123 
2010-2014     74     0.021016     0.035790     0.027719 
2010-2014     75     0.024583     0.039563     0.031353 
2010-2014     76     0.026500     0.044192     0.034496 
2010-2014     77     0.030694     0.048799     0.038935 
2010-2014     78     0.034252     0.054344     0.043532 
2010-2014     79     0.038144     0.060008     0.048462 
2010-2014     80     0.044046     0.064152     0.053794 
2010-2014     81     0.048315     0.071312     0.059689 
2010-2014     82     0.055781     0.078913     0.067383 
2010-2014     83     0.061739     0.086473     0.074241 
2010-2014     84     0.070928     0.096343     0.083788 
2010-2014     85     0.078065     0.105765     0.091981 
2010-2014     86     0.089007     0.114812     0.101792 
2010-2014     87     0.099573     0.126768     0.112809 
2010-2014     88     0.111547     0.140090     0.125143 
2010-2014     89     0.125988     0.148954     0.136681 
2010-2014     90     0.141160     0.162478     0.150886 
2010-2014     91     0.158248     0.178374     0.167268 
2010-2014     92     0.174125     0.193705     0.182746 
2010-2014     93     0.194009     0.209243     0.200602 
2010-2014     94     0.210174     0.220118     0.214410 
2010-2014     95     0.239360     0.236271     0.238060 
2010-2014     96     0.252680     0.241302     0.247900 
2010-2014     97     0.271601     0.256733     0.265320 
2010-2014     98     0.287774     0.265098     0.278128 
2010-2014     99     0.329891     0.264520     0.301774 
2010-2014    100     0.355037     0.305951     0.333667 
2010-2014    101     0.382320     0.322756     0.356302 
2010-2014    102     0.412028     0.344886     0.382767 
2010-2014    103     0.447468     0.372596     0.415021 
2010-2014    104     0.486184     0.406917     0.451652 
2010-2014    105     0.529540     0.447421     0.493230 
2010-2014    106     0.585485     0.500098     0.547453 
2010-2014    107     0.669323     0.587332     0.632980 
2010-2014    108     0.827980     0.779547     0.807109 
2010-2014    109     1.259455     1.267847     1.262799 
2010-2014    110+    3.870307     2.660870     3.338432 
